2020/01/22-13:19:46.460736 7ff92d9ee700 RocksDB version: 6.1.2
2020/01/22-13:19:46.460866 7ff92d9ee700 Git sha rocksdb_build_git_sha:4f1920556570c04d306d3ff0aa9a33db259bb8f0
2020/01/22-13:19:46.460873 7ff92d9ee700 Compile date Jan  7 2020
2020/01/22-13:19:46.460894 7ff92d9ee700 DB SUMMARY
2020/01/22-13:19:46.461957 7ff92d9ee700 CURRENT file:  CURRENT
2020/01/22-13:19:46.461967 7ff92d9ee700 IDENTITY file:  IDENTITY
2020/01/22-13:19:46.462006 7ff92d9ee700 MANIFEST file:  MANIFEST-000004 size: 96897 Bytes
2020/01/22-13:19:46.462013 7ff92d9ee700 SST files in /mnt/sdb/mbwu-rocksdb-data dir, Total Num: 619, files: 000011.sst 000014.sst 000017.sst 000027.sst 000028.sst 000029.sst 000030.sst 000031.sst 000032.sst 
2020/01/22-13:19:46.462017 7ff92d9ee700 Write Ahead Log file in /mnt/sdb/mbwu-rocksdb-data: 001170.log size: 127213090 ; 001172.log size: 78101926 ; 
2020/01/22-13:19:46.462029 7ff92d9ee700                         Options.error_if_exists: 0
2020/01/22-13:19:46.462033 7ff92d9ee700                       Options.create_if_missing: 1
2020/01/22-13:19:46.462036 7ff92d9ee700                         Options.paranoid_checks: 1
2020/01/22-13:19:46.462038 7ff92d9ee700                                     Options.env: 0x7ff92d6d4ba0
2020/01/22-13:19:46.462040 7ff92d9ee700                                Options.info_log: 0x7ff8300be200
2020/01/22-13:19:46.462042 7ff92d9ee700                Options.max_file_opening_threads: 16
2020/01/22-13:19:46.462044 7ff92d9ee700                              Options.statistics: (nil)
2020/01/22-13:19:46.462047 7ff92d9ee700                               Options.use_fsync: 0
2020/01/22-13:19:46.462049 7ff92d9ee700                       Options.max_log_file_size: 0
2020/01/22-13:19:46.462051 7ff92d9ee700                  Options.max_manifest_file_size: 1073741824
2020/01/22-13:19:46.462053 7ff92d9ee700                   Options.log_file_time_to_roll: 0
2020/01/22-13:19:46.462055 7ff92d9ee700                       Options.keep_log_file_num: 1000
2020/01/22-13:19:46.462057 7ff92d9ee700                    Options.recycle_log_file_num: 0
2020/01/22-13:19:46.462060 7ff92d9ee700                         Options.allow_fallocate: 1
2020/01/22-13:19:46.462062 7ff92d9ee700                        Options.allow_mmap_reads: 0
2020/01/22-13:19:46.462064 7ff92d9ee700                       Options.allow_mmap_writes: 0
2020/01/22-13:19:46.462066 7ff92d9ee700                        Options.use_direct_reads: 0
2020/01/22-13:19:46.462067 7ff92d9ee700                        Options.use_direct_io_for_flush_and_compaction: 0
2020/01/22-13:19:46.462070 7ff92d9ee700          Options.create_missing_column_families: 1
2020/01/22-13:19:46.462072 7ff92d9ee700                              Options.db_log_dir: 
2020/01/22-13:19:46.462074 7ff92d9ee700                                 Options.wal_dir: /mnt/sdb/mbwu-rocksdb-data
2020/01/22-13:19:46.462076 7ff92d9ee700                Options.table_cache_numshardbits: 6
2020/01/22-13:19:46.462078 7ff92d9ee700                      Options.max_subcompactions: 1
2020/01/22-13:19:46.462080 7ff92d9ee700                  Options.max_background_flushes: 24
2020/01/22-13:19:46.462083 7ff92d9ee700                         Options.WAL_ttl_seconds: 0
2020/01/22-13:19:46.462085 7ff92d9ee700                       Options.WAL_size_limit_MB: 0
2020/01/22-13:19:46.462087 7ff92d9ee700             Options.manifest_preallocation_size: 4194304
2020/01/22-13:19:46.462089 7ff92d9ee700                     Options.is_fd_close_on_exec: 1
2020/01/22-13:19:46.462091 7ff92d9ee700                   Options.advise_random_on_open: 1
2020/01/22-13:19:46.462093 7ff92d9ee700                    Options.db_write_buffer_size: 0
2020/01/22-13:19:46.462095 7ff92d9ee700                    Options.write_buffer_manager: 0x7ff8300af760
2020/01/22-13:19:46.462097 7ff92d9ee700         Options.access_hint_on_compaction_start: 1
2020/01/22-13:19:46.462099 7ff92d9ee700  Options.new_table_reader_for_compaction_inputs: 0
2020/01/22-13:19:46.462101 7ff92d9ee700           Options.random_access_max_buffer_size: 1048576
2020/01/22-13:19:46.462104 7ff92d9ee700                      Options.use_adaptive_mutex: 0
2020/01/22-13:19:46.462139 7ff92d9ee700                            Options.rate_limiter: (nil)
2020/01/22-13:19:46.462146 7ff92d9ee700     Options.sst_file_manager.rate_bytes_per_sec: 0
2020/01/22-13:19:46.462149 7ff92d9ee700                       Options.wal_recovery_mode: 2
2020/01/22-13:19:46.462151 7ff92d9ee700                  Options.enable_thread_tracking: 0
2020/01/22-13:19:46.462153 7ff92d9ee700                  Options.enable_pipelined_write: 0
2020/01/22-13:19:46.462155 7ff92d9ee700         Options.allow_concurrent_memtable_write: 1
2020/01/22-13:19:46.462157 7ff92d9ee700      Options.enable_write_thread_adaptive_yield: 1
2020/01/22-13:19:46.462159 7ff92d9ee700             Options.write_thread_max_yield_usec: 100
2020/01/22-13:19:46.462161 7ff92d9ee700            Options.write_thread_slow_yield_usec: 3
2020/01/22-13:19:46.462163 7ff92d9ee700                               Options.row_cache: None
2020/01/22-13:19:46.462165 7ff92d9ee700                              Options.wal_filter: None
2020/01/22-13:19:46.462167 7ff92d9ee700             Options.avoid_flush_during_recovery: 0
2020/01/22-13:19:46.462169 7ff92d9ee700             Options.allow_ingest_behind: 0
2020/01/22-13:19:46.462171 7ff92d9ee700             Options.preserve_deletes: 0
2020/01/22-13:19:46.462173 7ff92d9ee700             Options.two_write_queues: 0
2020/01/22-13:19:46.462175 7ff92d9ee700             Options.manual_wal_flush: 0
2020/01/22-13:19:46.462177 7ff92d9ee700             Options.atomic_flush: 0
2020/01/22-13:19:46.462179 7ff92d9ee700             Options.avoid_unnecessary_blocking_io: 0
2020/01/22-13:19:46.462184 7ff92d9ee700             Options.max_background_jobs: 24
2020/01/22-13:19:46.462186 7ff92d9ee700             Options.max_background_compactions: 24
2020/01/22-13:19:46.462189 7ff92d9ee700             Options.avoid_flush_during_shutdown: 0
2020/01/22-13:19:46.462191 7ff92d9ee700           Options.writable_file_max_buffer_size: 1048576
2020/01/22-13:19:46.462193 7ff92d9ee700             Options.delayed_write_rate : 16777216
2020/01/22-13:19:46.462195 7ff92d9ee700             Options.max_total_wal_size: 0
2020/01/22-13:19:46.462197 7ff92d9ee700             Options.delete_obsolete_files_period_micros: 21600000000
2020/01/22-13:19:46.462199 7ff92d9ee700                   Options.stats_dump_period_sec: 600
2020/01/22-13:19:46.462202 7ff92d9ee700                 Options.stats_persist_period_sec: 600
2020/01/22-13:19:46.462204 7ff92d9ee700                 Options.stats_history_buffer_size: 1048576
2020/01/22-13:19:46.462206 7ff92d9ee700                          Options.max_open_files: -1
2020/01/22-13:19:46.462208 7ff92d9ee700                          Options.bytes_per_sync: 1048576
2020/01/22-13:19:46.462211 7ff92d9ee700                      Options.wal_bytes_per_sync: 0
2020/01/22-13:19:46.462213 7ff92d9ee700       Options.compaction_readahead_size: 0
2020/01/22-13:19:46.462215 7ff92d9ee700 Compression algorithms supported:
2020/01/22-13:19:46.462217 7ff92d9ee700 	kZSTDNotFinalCompression supported: 1
2020/01/22-13:19:46.462234 7ff92d9ee700 	kZSTD supported: 1
2020/01/22-13:19:46.462237 7ff92d9ee700 	kXpressCompression supported: 0
2020/01/22-13:19:46.462239 7ff92d9ee700 	kLZ4HCCompression supported: 1
2020/01/22-13:19:46.462242 7ff92d9ee700 	kLZ4Compression supported: 1
2020/01/22-13:19:46.462244 7ff92d9ee700 	kBZip2Compression supported: 1
2020/01/22-13:19:46.462246 7ff92d9ee700 	kZlibCompression supported: 1
2020/01/22-13:19:46.462248 7ff92d9ee700 	kSnappyCompression supported: 1
2020/01/22-13:19:46.462257 7ff92d9ee700 Fast CRC32 supported: Supported on x86
2020/01/22-13:19:46.463072 7ff92d9ee700 [/version_set.cc:3742] Recovering from manifest file: /mnt/sdb/mbwu-rocksdb-data/MANIFEST-000004
2020/01/22-13:19:46.463359 7ff92d9ee700 [/column_family.cc:698] --------------- Options for column family [default]:
2020/01/22-13:19:46.463368 7ff92d9ee700               Options.comparator: leveldb.BytewiseComparator
2020/01/22-13:19:46.463371 7ff92d9ee700           Options.merge_operator: None
2020/01/22-13:19:46.463373 7ff92d9ee700        Options.compaction_filter: None
2020/01/22-13:19:46.463407 7ff92d9ee700        Options.compaction_filter_factory: None
2020/01/22-13:19:46.463411 7ff92d9ee700         Options.memtable_factory: SkipListFactory
2020/01/22-13:19:46.463413 7ff92d9ee700            Options.table_factory: BlockBasedTable
2020/01/22-13:19:46.463465 7ff92d9ee700            table_factory options:   flush_block_policy_factory: FlushBlockBySizePolicyFactory (0x7ff8300af940)
  cache_index_and_filter_blocks: 0
  cache_index_and_filter_blocks_with_high_priority: 0
  pin_l0_filter_and_index_blocks_in_cache: 0
  pin_top_level_index_and_filter: 1
  index_type: 0
  data_block_index_type: 0
  data_block_hash_table_util_ratio: 0.750000
  hash_index_allow_collision: 1
  checksum: 1
  no_block_cache: 0
  block_cache: 0x7ff8300b07f0
  block_cache_name: LRUCache
  block_cache_options:
    capacity : 8388608
    num_shard_bits : 4
    strict_capacity_limit : 0
    memory_allocator : None
    high_pri_pool_ratio: 0.000
  block_cache_compressed: (nil)
  persistent_cache: (nil)
  block_size: 8192
  block_size_deviation: 10
  block_restart_interval: 16
  index_block_restart_interval: 1
  metadata_block_size: 4096
  partition_filters: 0
  use_delta_encoding: 1
  filter_policy: nullptr
  whole_key_filtering: 1
  verify_compression: 0
  read_amp_bytes_per_bit: 0
  format_version: 2
  enable_index_compression: 1
  block_align: 0
2020/01/22-13:19:46.463470 7ff92d9ee700        Options.write_buffer_size: 134217728
2020/01/22-13:19:46.463472 7ff92d9ee700  Options.max_write_buffer_number: 8
2020/01/22-13:19:46.463475 7ff92d9ee700        Options.compression[0]: NoCompression
2020/01/22-13:19:46.463478 7ff92d9ee700        Options.compression[1]: NoCompression
2020/01/22-13:19:46.463480 7ff92d9ee700        Options.compression[2]: Snappy
2020/01/22-13:19:46.463482 7ff92d9ee700        Options.compression[3]: Snappy
2020/01/22-13:19:46.463485 7ff92d9ee700        Options.compression[4]: Snappy
2020/01/22-13:19:46.463487 7ff92d9ee700        Options.compression[5]: Snappy
2020/01/22-13:19:46.463489 7ff92d9ee700        Options.compression[6]: Snappy
2020/01/22-13:19:46.463491 7ff92d9ee700                  Options.bottommost_compression: Disabled
2020/01/22-13:19:46.463493 7ff92d9ee700       Options.prefix_extractor: nullptr
2020/01/22-13:19:46.463496 7ff92d9ee700   Options.memtable_insert_with_hint_prefix_extractor: nullptr
2020/01/22-13:19:46.463498 7ff92d9ee700             Options.num_levels: 6
2020/01/22-13:19:46.463500 7ff92d9ee700        Options.min_write_buffer_number_to_merge: 2
2020/01/22-13:19:46.463502 7ff92d9ee700     Options.max_write_buffer_number_to_maintain: 0
2020/01/22-13:19:46.463504 7ff92d9ee700            Options.bottommost_compression_opts.window_bits: -14
2020/01/22-13:19:46.463506 7ff92d9ee700                  Options.bottommost_compression_opts.level: 32767
2020/01/22-13:19:46.463509 7ff92d9ee700               Options.bottommost_compression_opts.strategy: 0
2020/01/22-13:19:46.463511 7ff92d9ee700         Options.bottommost_compression_opts.max_dict_bytes: 0
2020/01/22-13:19:46.463513 7ff92d9ee700         Options.bottommost_compression_opts.zstd_max_train_bytes: 0
2020/01/22-13:19:46.463515 7ff92d9ee700                  Options.bottommost_compression_opts.enabled: false
2020/01/22-13:19:46.463517 7ff92d9ee700            Options.compression_opts.window_bits: -14
2020/01/22-13:19:46.463519 7ff92d9ee700                  Options.compression_opts.level: 32767
2020/01/22-13:19:46.463522 7ff92d9ee700               Options.compression_opts.strategy: 0
2020/01/22-13:19:46.463524 7ff92d9ee700         Options.compression_opts.max_dict_bytes: 0
2020/01/22-13:19:46.463526 7ff92d9ee700         Options.compression_opts.zstd_max_train_bytes: 0
2020/01/22-13:19:46.463528 7ff92d9ee700                  Options.compression_opts.enabled: false
2020/01/22-13:19:46.463530 7ff92d9ee700      Options.level0_file_num_compaction_trigger: 4
2020/01/22-13:19:46.463532 7ff92d9ee700          Options.level0_slowdown_writes_trigger: 20
2020/01/22-13:19:46.463534 7ff92d9ee700              Options.level0_stop_writes_trigger: 36
2020/01/22-13:19:46.463559 7ff92d9ee700                   Options.target_file_size_base: 67108864
2020/01/22-13:19:46.463563 7ff92d9ee700             Options.target_file_size_multiplier: 1
2020/01/22-13:19:46.463565 7ff92d9ee700                Options.max_bytes_for_level_base: 536870912
2020/01/22-13:19:46.463567 7ff92d9ee700 Options.level_compaction_dynamic_level_bytes: 1
2020/01/22-13:19:46.463569 7ff92d9ee700          Options.max_bytes_for_level_multiplier: 8.000000
2020/01/22-13:19:46.463574 7ff92d9ee700 Options.max_bytes_for_level_multiplier_addtl[0]: 1
2020/01/22-13:19:46.463576 7ff92d9ee700 Options.max_bytes_for_level_multiplier_addtl[1]: 1
2020/01/22-13:19:46.463579 7ff92d9ee700 Options.max_bytes_for_level_multiplier_addtl[2]: 1
2020/01/22-13:19:46.463581 7ff92d9ee700 Options.max_bytes_for_level_multiplier_addtl[3]: 1
2020/01/22-13:19:46.463583 7ff92d9ee700 Options.max_bytes_for_level_multiplier_addtl[4]: 1
2020/01/22-13:19:46.463585 7ff92d9ee700 Options.max_bytes_for_level_multiplier_addtl[5]: 1
2020/01/22-13:19:46.463587 7ff92d9ee700 Options.max_bytes_for_level_multiplier_addtl[6]: 1
2020/01/22-13:19:46.463589 7ff92d9ee700       Options.max_sequential_skip_in_iterations: 8
2020/01/22-13:19:46.463591 7ff92d9ee700                    Options.max_compaction_bytes: 1677721600
2020/01/22-13:19:46.463593 7ff92d9ee700                        Options.arena_block_size: 16777216
2020/01/22-13:19:46.463595 7ff92d9ee700   Options.soft_pending_compaction_bytes_limit: 68719476736
2020/01/22-13:19:46.463598 7ff92d9ee700   Options.hard_pending_compaction_bytes_limit: 274877906944
2020/01/22-13:19:46.463600 7ff92d9ee700       Options.rate_limit_delay_max_milliseconds: 100
2020/01/22-13:19:46.463602 7ff92d9ee700                Options.disable_auto_compactions: 0
2020/01/22-13:19:46.463604 7ff92d9ee700                      Options.allow_trivial_move: 0
2020/01/22-13:19:46.463606 7ff92d9ee700                      Options.vlog_direct_IO: 0
2020/01/22-13:19:46.463608 7ff92d9ee700               Options.compaction_score_limit_L0: 1000.000000
2020/01/22-13:19:46.463614 7ff92d9ee700                     Options.min_indirect_val_size[0]: 24
2020/01/22-13:19:46.463616 7ff92d9ee700       Options.fraction_remapped_during_compaction[0]: 20
2020/01/22-13:19:46.463619 7ff92d9ee700 Options.fraction_remapped_during_active_recycling[0]: 15
2020/01/22-13:19:46.463621 7ff92d9ee700    Options.fragmentation_active_recycling_trigger[0]: 25
2020/01/22-13:19:46.463623 7ff92d9ee700     Options.fragmentation_active_recycling_klaxon[0]: 50
2020/01/22-13:19:46.463625 7ff92d9ee700                Options.active_recycling_sst_minct[0]: 5
2020/01/22-13:19:46.463627 7ff92d9ee700                Options.active_recycling_sst_maxct[0]: 15
2020/01/22-13:19:46.463629 7ff92d9ee700       Options.active_recycling_vlogfile_freed_min[0]: 7
2020/01/22-13:19:46.463631 7ff92d9ee700    Options.active_recycling_size_trigger[0]: 1073741824
2020/01/22-13:19:46.463634 7ff92d9ee700                         Options.vlogfile_max_size[0]: 16777216
2020/01/22-13:19:46.463636 7ff92d9ee700          Options.compaction_picker_age_importance[0]: 100
2020/01/22-13:19:46.463639 7ff92d9ee700                    Options.ring_compression_style[0]: Zlib
2020/01/22-13:19:46.463643 7ff92d9ee700                        Options.compaction_style: kCompactionStyleLevel
2020/01/22-13:19:46.463646 7ff92d9ee700                          Options.compaction_pri: kMinOverlappingRatio
2020/01/22-13:19:46.463648 7ff92d9ee700 Options.compaction_options_universal.size_ratio: 1
2020/01/22-13:19:46.463650 7ff92d9ee700 Options.compaction_options_universal.min_merge_width: 2
2020/01/22-13:19:46.463652 7ff92d9ee700 Options.compaction_options_universal.max_merge_width: 4294967295
2020/01/22-13:19:46.463654 7ff92d9ee700 Options.compaction_options_universal.max_size_amplification_percent: 200
2020/01/22-13:19:46.463656 7ff92d9ee700 Options.compaction_options_universal.compression_size_percent: -1
2020/01/22-13:19:46.463659 7ff92d9ee700 Options.compaction_options_universal.stop_style: kCompactionStopStyleTotalSize
2020/01/22-13:19:46.463675 7ff92d9ee700 Options.compaction_options_fifo.max_table_files_size: 1073741824
2020/01/22-13:19:46.463678 7ff92d9ee700 Options.compaction_options_fifo.allow_compaction: 0
2020/01/22-13:19:46.463680 7ff92d9ee700                   Options.table_properties_collectors: 
2020/01/22-13:19:46.463683 7ff92d9ee700                   Options.inplace_update_support: 0
2020/01/22-13:19:46.463685 7ff92d9ee700                 Options.inplace_update_num_locks: 10000
2020/01/22-13:19:46.463687 7ff92d9ee700               Options.memtable_prefix_bloom_size_ratio: 0.000000
2020/01/22-13:19:46.463690 7ff92d9ee700               Options.memtable_whole_key_filtering: 0
2020/01/22-13:19:46.463692 7ff92d9ee700   Options.memtable_huge_page_size: 0
2020/01/22-13:19:46.463695 7ff92d9ee700                           Options.bloom_locality: 0
2020/01/22-13:19:46.463697 7ff92d9ee700                    Options.max_successive_merges: 0
2020/01/22-13:19:46.463699 7ff92d9ee700                Options.optimize_filters_for_hits: 0
2020/01/22-13:19:46.463701 7ff92d9ee700                Options.paranoid_file_checks: 0
2020/01/22-13:19:46.463703 7ff92d9ee700                Options.force_consistency_checks: 0
2020/01/22-13:19:46.463705 7ff92d9ee700                Options.report_bg_io_stats: 0
2020/01/22-13:19:46.463707 7ff92d9ee700                               Options.ttl: 0
2020/01/22-13:19:46.464775 7ff92d9ee700 [/column_family.cc:698] --------------- Options for column family [usertable]:
2020/01/22-13:19:46.464784 7ff92d9ee700               Options.comparator: leveldb.BytewiseComparator
2020/01/22-13:19:46.464787 7ff92d9ee700           Options.merge_operator: None
2020/01/22-13:19:46.464789 7ff92d9ee700        Options.compaction_filter: None
2020/01/22-13:19:46.464791 7ff92d9ee700        Options.compaction_filter_factory: None
2020/01/22-13:19:46.464794 7ff92d9ee700         Options.memtable_factory: SkipListFactory
2020/01/22-13:19:46.464796 7ff92d9ee700            Options.table_factory: BlockBasedTable
2020/01/22-13:19:46.464834 7ff92d9ee700            table_factory options:   flush_block_policy_factory: FlushBlockBySizePolicyFactory (0x7ff8300bfb50)
  cache_index_and_filter_blocks: 0
  cache_index_and_filter_blocks_with_high_priority: 0
  pin_l0_filter_and_index_blocks_in_cache: 0
  pin_top_level_index_and_filter: 1
  index_type: 0
  data_block_index_type: 0
  data_block_hash_table_util_ratio: 0.750000
  hash_index_allow_collision: 1
  checksum: 1
  no_block_cache: 0
  block_cache: 0x7ff8300baf80
  block_cache_name: LRUCache
  block_cache_options:
    capacity : 8388608
    num_shard_bits : 4
    strict_capacity_limit : 0
    memory_allocator : None
    high_pri_pool_ratio: 0.000
  block_cache_compressed: (nil)
  persistent_cache: (nil)
  block_size: 8192
  block_size_deviation: 10
  block_restart_interval: 16
  index_block_restart_interval: 1
  metadata_block_size: 4096
  partition_filters: 0
  use_delta_encoding: 1
  filter_policy: nullptr
  whole_key_filtering: 1
  verify_compression: 0
  read_amp_bytes_per_bit: 0
  format_version: 2
  enable_index_compression: 1
  block_align: 0
2020/01/22-13:19:46.464839 7ff92d9ee700        Options.write_buffer_size: 134217728
2020/01/22-13:19:46.464841 7ff92d9ee700  Options.max_write_buffer_number: 8
2020/01/22-13:19:46.464844 7ff92d9ee700        Options.compression[0]: NoCompression
2020/01/22-13:19:46.464846 7ff92d9ee700        Options.compression[1]: NoCompression
2020/01/22-13:19:46.464849 7ff92d9ee700        Options.compression[2]: Snappy
2020/01/22-13:19:46.464851 7ff92d9ee700        Options.compression[3]: Snappy
2020/01/22-13:19:46.464853 7ff92d9ee700        Options.compression[4]: Snappy
2020/01/22-13:19:46.464855 7ff92d9ee700        Options.compression[5]: Snappy
2020/01/22-13:19:46.464858 7ff92d9ee700        Options.compression[6]: Snappy
2020/01/22-13:19:46.464860 7ff92d9ee700                  Options.bottommost_compression: Disabled
2020/01/22-13:19:46.464862 7ff92d9ee700       Options.prefix_extractor: nullptr
2020/01/22-13:19:46.464864 7ff92d9ee700   Options.memtable_insert_with_hint_prefix_extractor: nullptr
2020/01/22-13:19:46.464893 7ff92d9ee700             Options.num_levels: 6
2020/01/22-13:19:46.464897 7ff92d9ee700        Options.min_write_buffer_number_to_merge: 2
2020/01/22-13:19:46.464899 7ff92d9ee700     Options.max_write_buffer_number_to_maintain: 0
2020/01/22-13:19:46.464901 7ff92d9ee700            Options.bottommost_compression_opts.window_bits: -14
2020/01/22-13:19:46.464903 7ff92d9ee700                  Options.bottommost_compression_opts.level: 32767
2020/01/22-13:19:46.464906 7ff92d9ee700               Options.bottommost_compression_opts.strategy: 0
2020/01/22-13:19:46.464908 7ff92d9ee700         Options.bottommost_compression_opts.max_dict_bytes: 0
2020/01/22-13:19:46.464910 7ff92d9ee700         Options.bottommost_compression_opts.zstd_max_train_bytes: 0
2020/01/22-13:19:46.464912 7ff92d9ee700                  Options.bottommost_compression_opts.enabled: false
2020/01/22-13:19:46.464914 7ff92d9ee700            Options.compression_opts.window_bits: -14
2020/01/22-13:19:46.464916 7ff92d9ee700                  Options.compression_opts.level: 32767
2020/01/22-13:19:46.464919 7ff92d9ee700               Options.compression_opts.strategy: 0
2020/01/22-13:19:46.464921 7ff92d9ee700         Options.compression_opts.max_dict_bytes: 0
2020/01/22-13:19:46.464923 7ff92d9ee700         Options.compression_opts.zstd_max_train_bytes: 0
2020/01/22-13:19:46.464925 7ff92d9ee700                  Options.compression_opts.enabled: false
2020/01/22-13:19:46.464927 7ff92d9ee700      Options.level0_file_num_compaction_trigger: 4
2020/01/22-13:19:46.464929 7ff92d9ee700          Options.level0_slowdown_writes_trigger: 20
2020/01/22-13:19:46.464931 7ff92d9ee700              Options.level0_stop_writes_trigger: 36
2020/01/22-13:19:46.464933 7ff92d9ee700                   Options.target_file_size_base: 67108864
2020/01/22-13:19:46.464935 7ff92d9ee700             Options.target_file_size_multiplier: 1
2020/01/22-13:19:46.464937 7ff92d9ee700                Options.max_bytes_for_level_base: 536870912
2020/01/22-13:19:46.464939 7ff92d9ee700 Options.level_compaction_dynamic_level_bytes: 1
2020/01/22-13:19:46.464941 7ff92d9ee700          Options.max_bytes_for_level_multiplier: 8.000000
2020/01/22-13:19:46.464945 7ff92d9ee700 Options.max_bytes_for_level_multiplier_addtl[0]: 1
2020/01/22-13:19:46.464948 7ff92d9ee700 Options.max_bytes_for_level_multiplier_addtl[1]: 1
2020/01/22-13:19:46.464950 7ff92d9ee700 Options.max_bytes_for_level_multiplier_addtl[2]: 1
2020/01/22-13:19:46.464952 7ff92d9ee700 Options.max_bytes_for_level_multiplier_addtl[3]: 1
2020/01/22-13:19:46.464954 7ff92d9ee700 Options.max_bytes_for_level_multiplier_addtl[4]: 1
2020/01/22-13:19:46.464956 7ff92d9ee700 Options.max_bytes_for_level_multiplier_addtl[5]: 1
2020/01/22-13:19:46.464958 7ff92d9ee700 Options.max_bytes_for_level_multiplier_addtl[6]: 1
2020/01/22-13:19:46.464960 7ff92d9ee700       Options.max_sequential_skip_in_iterations: 8
2020/01/22-13:19:46.464962 7ff92d9ee700                    Options.max_compaction_bytes: 1677721600
2020/01/22-13:19:46.464964 7ff92d9ee700                        Options.arena_block_size: 16777216
2020/01/22-13:19:46.464967 7ff92d9ee700   Options.soft_pending_compaction_bytes_limit: 68719476736
2020/01/22-13:19:46.464969 7ff92d9ee700   Options.hard_pending_compaction_bytes_limit: 274877906944
2020/01/22-13:19:46.464971 7ff92d9ee700       Options.rate_limit_delay_max_milliseconds: 100
2020/01/22-13:19:46.464973 7ff92d9ee700                Options.disable_auto_compactions: 0
2020/01/22-13:19:46.464975 7ff92d9ee700                      Options.allow_trivial_move: 0
2020/01/22-13:19:46.464977 7ff92d9ee700                      Options.vlog_direct_IO: 0
2020/01/22-13:19:46.464979 7ff92d9ee700               Options.compaction_score_limit_L0: 1000.000000
2020/01/22-13:19:46.464983 7ff92d9ee700                     Options.min_indirect_val_size[0]: 24
2020/01/22-13:19:46.464986 7ff92d9ee700       Options.fraction_remapped_during_compaction[0]: 20
2020/01/22-13:19:46.464988 7ff92d9ee700 Options.fraction_remapped_during_active_recycling[0]: 15
2020/01/22-13:19:46.465003 7ff92d9ee700    Options.fragmentation_active_recycling_trigger[0]: 25
2020/01/22-13:19:46.465006 7ff92d9ee700     Options.fragmentation_active_recycling_klaxon[0]: 50
2020/01/22-13:19:46.465009 7ff92d9ee700                Options.active_recycling_sst_minct[0]: 5
2020/01/22-13:19:46.465011 7ff92d9ee700                Options.active_recycling_sst_maxct[0]: 15
2020/01/22-13:19:46.465013 7ff92d9ee700       Options.active_recycling_vlogfile_freed_min[0]: 7
2020/01/22-13:19:46.465015 7ff92d9ee700    Options.active_recycling_size_trigger[0]: 1073741824
2020/01/22-13:19:46.465017 7ff92d9ee700                         Options.vlogfile_max_size[0]: 16777216
2020/01/22-13:19:46.465019 7ff92d9ee700          Options.compaction_picker_age_importance[0]: 100
2020/01/22-13:19:46.465022 7ff92d9ee700                    Options.ring_compression_style[0]: Zlib
2020/01/22-13:19:46.465025 7ff92d9ee700                        Options.compaction_style: kCompactionStyleLevel
2020/01/22-13:19:46.465028 7ff92d9ee700                          Options.compaction_pri: kMinOverlappingRatio
2020/01/22-13:19:46.465031 7ff92d9ee700 Options.compaction_options_universal.size_ratio: 1
2020/01/22-13:19:46.465033 7ff92d9ee700 Options.compaction_options_universal.min_merge_width: 2
2020/01/22-13:19:46.465035 7ff92d9ee700 Options.compaction_options_universal.max_merge_width: 4294967295
2020/01/22-13:19:46.465037 7ff92d9ee700 Options.compaction_options_universal.max_size_amplification_percent: 200
2020/01/22-13:19:46.465039 7ff92d9ee700 Options.compaction_options_universal.compression_size_percent: -1
2020/01/22-13:19:46.465042 7ff92d9ee700 Options.compaction_options_universal.stop_style: kCompactionStopStyleTotalSize
2020/01/22-13:19:46.465044 7ff92d9ee700 Options.compaction_options_fifo.max_table_files_size: 1073741824
2020/01/22-13:19:46.465046 7ff92d9ee700 Options.compaction_options_fifo.allow_compaction: 0
2020/01/22-13:19:46.465048 7ff92d9ee700                   Options.table_properties_collectors: 
2020/01/22-13:19:46.465050 7ff92d9ee700                   Options.inplace_update_support: 0
2020/01/22-13:19:46.465052 7ff92d9ee700                 Options.inplace_update_num_locks: 10000
2020/01/22-13:19:46.465054 7ff92d9ee700               Options.memtable_prefix_bloom_size_ratio: 0.000000
2020/01/22-13:19:46.465058 7ff92d9ee700               Options.memtable_whole_key_filtering: 0
2020/01/22-13:19:46.465060 7ff92d9ee700   Options.memtable_huge_page_size: 0
2020/01/22-13:19:46.465062 7ff92d9ee700                           Options.bloom_locality: 0
2020/01/22-13:19:46.465064 7ff92d9ee700                    Options.max_successive_merges: 0
2020/01/22-13:19:46.465066 7ff92d9ee700                Options.optimize_filters_for_hits: 0
2020/01/22-13:19:46.465068 7ff92d9ee700                Options.paranoid_file_checks: 0
2020/01/22-13:19:46.465070 7ff92d9ee700                Options.force_consistency_checks: 0
2020/01/22-13:19:46.465072 7ff92d9ee700                Options.report_bg_io_stats: 0
2020/01/22-13:19:46.465074 7ff92d9ee700                               Options.ttl: 0
2020/01/22-13:19:46.854378 7ff92d9ee700 [/version_set.cc:3959] Recovered from manifest file:/mnt/sdb/mbwu-rocksdb-data/MANIFEST-000004 succeeded,manifest_file_number is 4, next_file_number is 1173, last_sequence is 10402067, log_number is 1170,prev_log_number is 0,max_column_family is 1,min_log_number_to_keep is 0
2020/01/22-13:19:46.854400 7ff92d9ee700 [/version_set.cc:3968] Column family [default] (ID 0), log number is 0
2020/01/22-13:19:46.854404 7ff92d9ee700 [/version_set.cc:3968] Column family [usertable] (ID 1), log number is 1170
2020/01/22-13:19:46.859161 7ff92d9ee700 EVENT_LOG_v1 {"time_micros": 1579727986859134, "job": 1, "event": "recovery_started", "log_files": [1170, 1172]}
2020/01/22-13:19:46.859179 7ff92d9ee700 [/db_impl_open.cc:583] Recovering log #1170 mode 2
2020/01/22-13:19:47.246771 7ff92d9ee700 [/db_impl_open.cc:583] Recovering log #1172 mode 2
2020/01/22-13:19:47.732830 7ff92d9ee700 EVENT_LOG_v1 {"time_micros": 1579727987732801, "cf_name": "usertable", "job": 1, "event": "table_file_creation", "file_number": 1173, "file_size": 129902147, "table_properties": {"data_size": 129321394, "index_size": 580007, "filter_size": 0, "raw_key_size": 752760, "raw_average_key_size": 24, "raw_value_size": 128471040, "raw_average_value_size": 4096, "num_data_blocks": 15683, "num_entries": 31365, "filter_policy_name": ""}}
2020/01/22-13:19:47.981284 7ff92d9ee700 [/version_set.cc:3196] Creating manifest 1174
2020/01/22-13:19:48.345151 7ff92d9ee700 EVENT_LOG_v1 {"time_micros": 1579727988345126, "cf_name": "usertable", "job": 1, "event": "table_file_creation", "file_number": 1175, "file_size": 75684397, "table_properties": {"data_size": 75347839, "index_size": 335812, "filter_size": 0, "raw_key_size": 438600, "raw_average_key_size": 24, "raw_value_size": 74854400, "raw_average_value_size": 4096, "num_data_blocks": 9138, "num_entries": 18275, "filter_policy_name": ""}}
2020/01/22-13:19:48.374467 7ff92d9ee700 EVENT_LOG_v1 {"time_micros": 1579727988374461, "job": 1, "event": "recovery_finished"}
2020/01/22-13:19:48.468841 7ff92d9ee700 DB pointer 0x7ff8300ae5c0
2020/01/22-13:19:48.469923 7ff8c6ffd700 [/db_impl.cc:777] ------- DUMPING STATS -------
2020/01/22-13:19:48.470107 7ff8c6ffd700 [/db_impl.cc:778] 
** DB Stats **
Uptime(secs): 2.0 total, 2.0 interval
Cumulative writes: 0 writes, 0 keys, 0 commit groups, 0.0 writes per commit group, ingest: 0.00 GB, 0.00 MB/s
Cumulative WAL: 0 writes, 0 syncs, 0.00 writes per sync, written: 0.00 GB, 0.00 MB/s
Cumulative stall: 00:00:0.000 H:M:S, 0.0 percent
Interval writes: 0 writes, 0 keys, 0 commit groups, 0.0 writes per commit group, ingest: 0.00 MB, 0.00 MB/s
Interval WAL: 0 writes, 0 syncs, 0.00 writes per sync, written: 0.00 MB, 0.00 MB/s
Interval stall: 00:00:0.000 H:M:S, 0.0 percent

** Compaction Stats [default] **
Level    Files   Size     Score Read(GB)  Rn(GB) Rnp1(GB) Write(GB) Wnew(GB) Moved(GB) W-Amp Rd(MB/s) Wr(MB/s) Comp(sec) CompMergeCPU(sec) Comp(cnt) Avg(sec) KeyIn KeyDropWVCmp(GB) WVRaw(GB) WVRemap(GB) WVFiles
-------------------------------------------------------------------------------------------------------------------------------------------------------------------------------------------------------------------
 Sum      0/0    0.00 KB   0.0      0.0     0.0      0.0       0.0      0.0       0.0   0.0      0.0      0.0      0.00              0.00         0    0.000       0      0      0.0      0.0        0.0       0
 Int      0/0    0.00 KB   0.0      0.0     0.0      0.0       0.0      0.0       0.0   0.0      0.0      0.0      0.00              0.00         0    0.000       0      0      0.0      0.0        0.0       0

** Compaction Stats [default] **
Priority    Files   Size     Score Read(GB)  Rn(GB) Rnp1(GB) Write(GB) Wnew(GB) Moved(GB) W-Amp Rd(MB/s) Wr(MB/s) Comp(sec) CompMergeCPU(sec) Comp(cnt) Avg(sec) KeyIn KeyDropWVCmp(GB) WVRaw(GB) WVRemap(GB) WVFiles
----------------------------------------------------------------------------------------------------------------------------------------------------------------------------------------------------------------------
Uptime(secs): 2.0 total, 2.0 interval
Flush(GB): cumulative 0.000, interval 0.000
AddFile(GB): cumulative 0.000, interval 0.000
AddFile(Total Files): cumulative 0, interval 0
AddFile(L0 Files): cumulative 0, interval 0
AddFile(Keys): cumulative 0, interval 0
Cumulative compaction: 0.00 GB write, 0.00 MB/s write, 0.00 GB read, 0.00 MB/s read, 0.0 seconds
Interval compaction: 0.00 GB write, 0.00 MB/s write, 0.00 GB read, 0.00 MB/s read, 0.0 seconds
Stalls(count): 0 level0_slowdown, 0 level0_slowdown_with_compaction, 0 level0_numfiles, 0 level0_numfiles_with_compaction, 0 stop for pending_compaction_bytes, 0 slowdown for pending_compaction_bytes, 0 memtable_compaction, 0 memtable_slowdown, interval 0 total count

** Compaction Ring Stats [default] **
Ring  Files   Size  Frag(%)
----------------------------
 Sum        0  0.00 KB  -nan 
VLog Read Latency over 0 reads with average length 0:   0.000 usec
VLog Decompress Latency over 0 reads with average length 0:   0.000 usec

** File Read Latency Histogram By Level [default] **

** Compaction Stats [usertable] **
Level    Files   Size     Score Read(GB)  Rn(GB) Rnp1(GB) Write(GB) Wnew(GB) Moved(GB) W-Amp Rd(MB/s) Wr(MB/s) Comp(sec) CompMergeCPU(sec) Comp(cnt) Avg(sec) KeyIn KeyDropWVCmp(GB) WVRaw(GB) WVRemap(GB) WVFiles
-------------------------------------------------------------------------------------------------------------------------------------------------------------------------------------------------------------------
  L0      4/4   682.18 MB   0.0      0.0     0.0      0.0       0.2      0.2       0.0   1.0      0.0    250.0      0.78              0.00         2    0.392       0      0      0.0      0.0        0.0       0
  L3      2/0   485.95 MB   0.7      0.0     0.0      0.0       0.0      0.0       0.0   0.0      0.0      0.0      0.00              0.00         0    0.000       0      0      0.0      0.0        0.0       0
  L4     43/0    4.33 GB   0.9      0.0     0.0      0.0       0.0      0.0       0.0   0.0      0.0      0.0      0.00              0.00         0    0.000       0      0      0.0      0.0        0.0       0
  L5    572/0   34.72 GB   0.0      0.0     0.0      0.0       0.0      0.0       0.0   0.0      0.0      0.0      0.00              0.00         0    0.000       0      0      0.0      0.0        0.0       0
 Sum    621/4   40.19 GB   0.0      0.0     0.0      0.0       0.2      0.2       0.0   1.0      0.0    250.0      0.78              0.00         2    0.392       0      0      0.0      0.0        0.0       0
 Int      0/0    0.00 KB   0.0      0.0     0.0      0.0       0.2      0.2       0.0   1.0      0.0    250.0      0.78              0.00         2    0.392       0      0      0.0      0.0        0.0       0

** Compaction Stats [usertable] **
Priority    Files   Size     Score Read(GB)  Rn(GB) Rnp1(GB) Write(GB) Wnew(GB) Moved(GB) W-Amp Rd(MB/s) Wr(MB/s) Comp(sec) CompMergeCPU(sec) Comp(cnt) Avg(sec) KeyIn KeyDropWVCmp(GB) WVRaw(GB) WVRemap(GB) WVFiles
----------------------------------------------------------------------------------------------------------------------------------------------------------------------------------------------------------------------
User      0/0    0.00 KB   0.0      0.0     0.0      0.0       0.2      0.2       0.0   0.0      0.0    250.0      0.78              0.00         2    0.392       0      0      0.0      0.0        0.0       0
Uptime(secs): 2.0 total, 2.0 interval
Flush(GB): cumulative 0.191, interval 0.191
AddFile(GB): cumulative 0.000, interval 0.000
AddFile(Total Files): cumulative 0, interval 0
AddFile(L0 Files): cumulative 0, interval 0
AddFile(Keys): cumulative 0, interval 0
Cumulative compaction: 0.19 GB write, 97.80 MB/s write, 0.00 GB read, 0.00 MB/s read, 0.8 seconds
Interval compaction: 0.19 GB write, 97.80 MB/s write, 0.00 GB read, 0.00 MB/s read, 0.8 seconds
Stalls(count): 0 level0_slowdown, 0 level0_slowdown_with_compaction, 0 level0_numfiles, 0 level0_numfiles_with_compaction, 0 stop for pending_compaction_bytes, 0 slowdown for pending_compaction_bytes, 0 memtable_compaction, 0 memtable_slowdown, interval 0 total count

** Compaction Ring Stats [usertable] **
Ring  Files   Size  Frag(%)
----------------------------
 Sum        0  0.00 KB  -nan 
VLog Read Latency over 0 reads with average length 0:   0.000 usec
VLog Decompress Latency over 0 reads with average length 0:   0.000 usec

** File Read Latency Histogram By Level [usertable] **

** Compaction Stats [default] **
Level    Files   Size     Score Read(GB)  Rn(GB) Rnp1(GB) Write(GB) Wnew(GB) Moved(GB) W-Amp Rd(MB/s) Wr(MB/s) Comp(sec) CompMergeCPU(sec) Comp(cnt) Avg(sec) KeyIn KeyDropWVCmp(GB) WVRaw(GB) WVRemap(GB) WVFiles
-------------------------------------------------------------------------------------------------------------------------------------------------------------------------------------------------------------------
 Sum      0/0    0.00 KB   0.0      0.0     0.0      0.0       0.0      0.0       0.0   0.0      0.0      0.0      0.00              0.00         0    0.000       0      0      0.0      0.0        0.0       0
 Int      0/0    0.00 KB   0.0      0.0     0.0      0.0       0.0      0.0       0.0   0.0      0.0      0.0      0.00              0.00         0    0.000       0      0      0.0      0.0        0.0       0

** Compaction Stats [default] **
Priority    Files   Size     Score Read(GB)  Rn(GB) Rnp1(GB) Write(GB) Wnew(GB) Moved(GB) W-Amp Rd(MB/s) Wr(MB/s) Comp(sec) CompMergeCPU(sec) Comp(cnt) Avg(sec) KeyIn KeyDropWVCmp(GB) WVRaw(GB) WVRemap(GB) WVFiles
----------------------------------------------------------------------------------------------------------------------------------------------------------------------------------------------------------------------
Uptime(secs): 2.0 total, 0.0 interval
Flush(GB): cumulative 0.000, interval 0.000
AddFile(GB): cumulative 0.000, interval 0.000
AddFile(Total Files): cumulative 0, interval 0
AddFile(L0 Files): cumulative 0, interval 0
AddFile(Keys): cumulative 0, interval 0
Cumulative compaction: 0.00 GB write, 0.00 MB/s write, 0.00 GB read, 0.00 MB/s read, 0.0 seconds
Interval compaction: 0.00 GB write, 0.00 MB/s write, 0.00 GB read, 0.00 MB/s read, 0.0 seconds
Stalls(count): 0 level0_slowdown, 0 level0_slowdown_with_compaction, 0 level0_numfiles, 0 level0_numfiles_with_compaction, 0 stop for pending_compaction_bytes, 0 slowdown for pending_compaction_bytes, 0 memtable_compaction, 0 memtable_slowdown, interval 0 total count

** Compaction Ring Stats [default] **
Ring  Files   Size  Frag(%)
----------------------------
 Sum        0  0.00 KB  -nan 
VLog Read Latency over 0 reads with average length 0:   0.000 usec
VLog Decompress Latency over 0 reads with average length 0:   0.000 usec

** File Read Latency Histogram By Level [default] **

** Compaction Stats [usertable] **
Level    Files   Size     Score Read(GB)  Rn(GB) Rnp1(GB) Write(GB) Wnew(GB) Moved(GB) W-Amp Rd(MB/s) Wr(MB/s) Comp(sec) CompMergeCPU(sec) Comp(cnt) Avg(sec) KeyIn KeyDropWVCmp(GB) WVRaw(GB) WVRemap(GB) WVFiles
-------------------------------------------------------------------------------------------------------------------------------------------------------------------------------------------------------------------
  L0      4/4   682.18 MB   0.0      0.0     0.0      0.0       0.2      0.2       0.0   1.0      0.0    250.0      0.78              0.00         2    0.392       0      0      0.0      0.0        0.0       0
  L3      2/0   485.95 MB   0.7      0.0     0.0      0.0       0.0      0.0       0.0   0.0      0.0      0.0      0.00              0.00         0    0.000       0      0      0.0      0.0        0.0       0
  L4     43/0    4.33 GB   0.9      0.0     0.0      0.0       0.0      0.0       0.0   0.0      0.0      0.0      0.00              0.00         0    0.000       0      0      0.0      0.0        0.0       0
