2020/01/23-09:29:39.706471 7f47c0adf700 RocksDB version: 6.1.2
2020/01/23-09:29:39.706601 7f47c0adf700 Git sha rocksdb_build_git_sha:4f1920556570c04d306d3ff0aa9a33db259bb8f0
2020/01/23-09:29:39.706610 7f47c0adf700 Compile date Jan  7 2020
2020/01/23-09:29:39.706632 7f47c0adf700 DB SUMMARY
2020/01/23-09:29:39.706695 7f47c0adf700 SST files in /mnt/sdb/mbwu-rocksdb-data dir, Total Num: 0, files: 
2020/01/23-09:29:39.706701 7f47c0adf700 Write Ahead Log file in /mnt/sdb/mbwu-rocksdb-data: 
2020/01/23-09:29:39.706707 7f47c0adf700                         Options.error_if_exists: 0
2020/01/23-09:29:39.706711 7f47c0adf700                       Options.create_if_missing: 1
2020/01/23-09:29:39.706713 7f47c0adf700                         Options.paranoid_checks: 1
2020/01/23-09:29:39.706715 7f47c0adf700                                     Options.env: 0x7f479c8f8ba0
2020/01/23-09:29:39.706718 7f47c0adf700                                Options.info_log: 0x7f4738099a70
2020/01/23-09:29:39.706720 7f47c0adf700                Options.max_file_opening_threads: 16
2020/01/23-09:29:39.706722 7f47c0adf700                              Options.statistics: (nil)
2020/01/23-09:29:39.706725 7f47c0adf700                               Options.use_fsync: 0
2020/01/23-09:29:39.706727 7f47c0adf700                       Options.max_log_file_size: 0
2020/01/23-09:29:39.706729 7f47c0adf700                  Options.max_manifest_file_size: 1073741824
2020/01/23-09:29:39.706732 7f47c0adf700                   Options.log_file_time_to_roll: 0
2020/01/23-09:29:39.706734 7f47c0adf700                       Options.keep_log_file_num: 1000
2020/01/23-09:29:39.706736 7f47c0adf700                    Options.recycle_log_file_num: 0
2020/01/23-09:29:39.706738 7f47c0adf700                         Options.allow_fallocate: 1
2020/01/23-09:29:39.706740 7f47c0adf700                        Options.allow_mmap_reads: 0
2020/01/23-09:29:39.706742 7f47c0adf700                       Options.allow_mmap_writes: 0
2020/01/23-09:29:39.706744 7f47c0adf700                        Options.use_direct_reads: 0
2020/01/23-09:29:39.706746 7f47c0adf700                        Options.use_direct_io_for_flush_and_compaction: 0
2020/01/23-09:29:39.706756 7f47c0adf700          Options.create_missing_column_families: 1
2020/01/23-09:29:39.706758 7f47c0adf700                              Options.db_log_dir: 
2020/01/23-09:29:39.706760 7f47c0adf700                                 Options.wal_dir: /mnt/sdb/mbwu-rocksdb-data
2020/01/23-09:29:39.706763 7f47c0adf700                Options.table_cache_numshardbits: 6
2020/01/23-09:29:39.706765 7f47c0adf700                      Options.max_subcompactions: 1
2020/01/23-09:29:39.706767 7f47c0adf700                  Options.max_background_flushes: 24
2020/01/23-09:29:39.706769 7f47c0adf700                         Options.WAL_ttl_seconds: 0
2020/01/23-09:29:39.706771 7f47c0adf700                       Options.WAL_size_limit_MB: 0
2020/01/23-09:29:39.706773 7f47c0adf700             Options.manifest_preallocation_size: 4194304
2020/01/23-09:29:39.706775 7f47c0adf700                     Options.is_fd_close_on_exec: 1
2020/01/23-09:29:39.706777 7f47c0adf700                   Options.advise_random_on_open: 1
2020/01/23-09:29:39.706779 7f47c0adf700                    Options.db_write_buffer_size: 0
2020/01/23-09:29:39.706781 7f47c0adf700                    Options.write_buffer_manager: 0x7f4738082460
2020/01/23-09:29:39.706784 7f47c0adf700         Options.access_hint_on_compaction_start: 1
2020/01/23-09:29:39.706786 7f47c0adf700  Options.new_table_reader_for_compaction_inputs: 0
2020/01/23-09:29:39.706788 7f47c0adf700           Options.random_access_max_buffer_size: 1048576
2020/01/23-09:29:39.706790 7f47c0adf700                      Options.use_adaptive_mutex: 0
2020/01/23-09:29:39.706792 7f47c0adf700                            Options.rate_limiter: (nil)
2020/01/23-09:29:39.706796 7f47c0adf700     Options.sst_file_manager.rate_bytes_per_sec: 0
2020/01/23-09:29:39.706798 7f47c0adf700                       Options.wal_recovery_mode: 2
2020/01/23-09:29:39.706801 7f47c0adf700                  Options.enable_thread_tracking: 0
2020/01/23-09:29:39.706803 7f47c0adf700                  Options.enable_pipelined_write: 0
2020/01/23-09:29:39.706830 7f47c0adf700         Options.allow_concurrent_memtable_write: 1
2020/01/23-09:29:39.706833 7f47c0adf700      Options.enable_write_thread_adaptive_yield: 1
2020/01/23-09:29:39.706835 7f47c0adf700             Options.write_thread_max_yield_usec: 100
2020/01/23-09:29:39.706837 7f47c0adf700            Options.write_thread_slow_yield_usec: 3
2020/01/23-09:29:39.706840 7f47c0adf700                               Options.row_cache: None
2020/01/23-09:29:39.706842 7f47c0adf700                              Options.wal_filter: None
2020/01/23-09:29:39.706844 7f47c0adf700             Options.avoid_flush_during_recovery: 0
2020/01/23-09:29:39.706846 7f47c0adf700             Options.allow_ingest_behind: 0
2020/01/23-09:29:39.706848 7f47c0adf700             Options.preserve_deletes: 0
2020/01/23-09:29:39.706850 7f47c0adf700             Options.two_write_queues: 0
2020/01/23-09:29:39.706852 7f47c0adf700             Options.manual_wal_flush: 0
2020/01/23-09:29:39.706854 7f47c0adf700             Options.atomic_flush: 0
2020/01/23-09:29:39.706856 7f47c0adf700             Options.avoid_unnecessary_blocking_io: 0
2020/01/23-09:29:39.706862 7f47c0adf700             Options.max_background_jobs: 24
2020/01/23-09:29:39.706864 7f47c0adf700             Options.max_background_compactions: 24
2020/01/23-09:29:39.706866 7f47c0adf700             Options.avoid_flush_during_shutdown: 0
2020/01/23-09:29:39.706868 7f47c0adf700           Options.writable_file_max_buffer_size: 1048576
2020/01/23-09:29:39.706870 7f47c0adf700             Options.delayed_write_rate : 16777216
2020/01/23-09:29:39.706873 7f47c0adf700             Options.max_total_wal_size: 0
2020/01/23-09:29:39.706875 7f47c0adf700             Options.delete_obsolete_files_period_micros: 21600000000
2020/01/23-09:29:39.706877 7f47c0adf700                   Options.stats_dump_period_sec: 600
2020/01/23-09:29:39.706879 7f47c0adf700                 Options.stats_persist_period_sec: 600
2020/01/23-09:29:39.706882 7f47c0adf700                 Options.stats_history_buffer_size: 1048576
2020/01/23-09:29:39.706884 7f47c0adf700                          Options.max_open_files: -1
2020/01/23-09:29:39.706886 7f47c0adf700                          Options.bytes_per_sync: 1048576
2020/01/23-09:29:39.706888 7f47c0adf700                      Options.wal_bytes_per_sync: 0
2020/01/23-09:29:39.706890 7f47c0adf700       Options.compaction_readahead_size: 0
2020/01/23-09:29:39.706893 7f47c0adf700 Compression algorithms supported:
2020/01/23-09:29:39.706896 7f47c0adf700 	kZSTDNotFinalCompression supported: 1
2020/01/23-09:29:39.706910 7f47c0adf700 	kZSTD supported: 1
2020/01/23-09:29:39.706913 7f47c0adf700 	kXpressCompression supported: 0
2020/01/23-09:29:39.706916 7f47c0adf700 	kLZ4HCCompression supported: 1
2020/01/23-09:29:39.706918 7f47c0adf700 	kLZ4Compression supported: 1
2020/01/23-09:29:39.706920 7f47c0adf700 	kBZip2Compression supported: 1
2020/01/23-09:29:39.706923 7f47c0adf700 	kZlibCompression supported: 1
2020/01/23-09:29:39.706925 7f47c0adf700 	kSnappyCompression supported: 1
2020/01/23-09:29:39.706933 7f47c0adf700 Fast CRC32 supported: Supported on x86
2020/01/23-09:29:39.707110 7f47c0adf700 [/db_impl_open.cc:228] Creating manifest 1 
2020/01/23-09:29:39.808574 7f47c0adf700 [/version_set.cc:3742] Recovering from manifest file: /mnt/sdb/mbwu-rocksdb-data/MANIFEST-000001
2020/01/23-09:29:39.808832 7f47c0adf700 [/column_family.cc:698] --------------- Options for column family [default]:
2020/01/23-09:29:39.808842 7f47c0adf700               Options.comparator: leveldb.BytewiseComparator
2020/01/23-09:29:39.808846 7f47c0adf700           Options.merge_operator: None
2020/01/23-09:29:39.808848 7f47c0adf700        Options.compaction_filter: None
2020/01/23-09:29:39.808851 7f47c0adf700        Options.compaction_filter_factory: None
2020/01/23-09:29:39.808853 7f47c0adf700         Options.memtable_factory: SkipListFactory
2020/01/23-09:29:39.808856 7f47c0adf700            Options.table_factory: BlockBasedTable
2020/01/23-09:29:39.808941 7f47c0adf700            table_factory options:   flush_block_policy_factory: FlushBlockBySizePolicyFactory (0x7f4738093370)
  cache_index_and_filter_blocks: 0
  cache_index_and_filter_blocks_with_high_priority: 0
  pin_l0_filter_and_index_blocks_in_cache: 0
  pin_top_level_index_and_filter: 1
  index_type: 0
  data_block_index_type: 0
  data_block_hash_table_util_ratio: 0.750000
  hash_index_allow_collision: 1
  checksum: 1
  no_block_cache: 0
  block_cache: 0x7f4738091a70
  block_cache_name: LRUCache
  block_cache_options:
    capacity : 8388608
    num_shard_bits : 4
    strict_capacity_limit : 0
    memory_allocator : None
    high_pri_pool_ratio: 0.000
  block_cache_compressed: (nil)
  persistent_cache: (nil)
  block_size: 8192
  block_size_deviation: 10
  block_restart_interval: 16
  index_block_restart_interval: 1
  metadata_block_size: 4096
  partition_filters: 0
  use_delta_encoding: 1
  filter_policy: nullptr
  whole_key_filtering: 1
  verify_compression: 0
  read_amp_bytes_per_bit: 0
  format_version: 2
  enable_index_compression: 1
  block_align: 0
2020/01/23-09:29:39.808946 7f47c0adf700        Options.write_buffer_size: 134217728
2020/01/23-09:29:39.808949 7f47c0adf700  Options.max_write_buffer_number: 8
2020/01/23-09:29:39.808952 7f47c0adf700        Options.compression[0]: NoCompression
2020/01/23-09:29:39.808955 7f47c0adf700        Options.compression[1]: NoCompression
2020/01/23-09:29:39.808958 7f47c0adf700        Options.compression[2]: Snappy
2020/01/23-09:29:39.808961 7f47c0adf700        Options.compression[3]: Snappy
2020/01/23-09:29:39.808963 7f47c0adf700        Options.compression[4]: Snappy
2020/01/23-09:29:39.808966 7f47c0adf700        Options.compression[5]: Snappy
2020/01/23-09:29:39.808969 7f47c0adf700        Options.compression[6]: Snappy
2020/01/23-09:29:39.808971 7f47c0adf700                  Options.bottommost_compression: Disabled
2020/01/23-09:29:39.808974 7f47c0adf700       Options.prefix_extractor: nullptr
2020/01/23-09:29:39.808976 7f47c0adf700   Options.memtable_insert_with_hint_prefix_extractor: nullptr
2020/01/23-09:29:39.808979 7f47c0adf700             Options.num_levels: 6
2020/01/23-09:29:39.808981 7f47c0adf700        Options.min_write_buffer_number_to_merge: 2
2020/01/23-09:29:39.808984 7f47c0adf700     Options.max_write_buffer_number_to_maintain: 0
2020/01/23-09:29:39.808986 7f47c0adf700            Options.bottommost_compression_opts.window_bits: -14
2020/01/23-09:29:39.808989 7f47c0adf700                  Options.bottommost_compression_opts.level: 32767
2020/01/23-09:29:39.808991 7f47c0adf700               Options.bottommost_compression_opts.strategy: 0
2020/01/23-09:29:39.808994 7f47c0adf700         Options.bottommost_compression_opts.max_dict_bytes: 0
2020/01/23-09:29:39.808996 7f47c0adf700         Options.bottommost_compression_opts.zstd_max_train_bytes: 0
2020/01/23-09:29:39.808999 7f47c0adf700                  Options.bottommost_compression_opts.enabled: false
2020/01/23-09:29:39.809001 7f47c0adf700            Options.compression_opts.window_bits: -14
2020/01/23-09:29:39.809004 7f47c0adf700                  Options.compression_opts.level: 32767
2020/01/23-09:29:39.809006 7f47c0adf700               Options.compression_opts.strategy: 0
2020/01/23-09:29:39.809008 7f47c0adf700         Options.compression_opts.max_dict_bytes: 0
2020/01/23-09:29:39.809011 7f47c0adf700         Options.compression_opts.zstd_max_train_bytes: 0
2020/01/23-09:29:39.809013 7f47c0adf700                  Options.compression_opts.enabled: false
2020/01/23-09:29:39.809016 7f47c0adf700      Options.level0_file_num_compaction_trigger: 4
2020/01/23-09:29:39.809018 7f47c0adf700          Options.level0_slowdown_writes_trigger: 20
2020/01/23-09:29:39.809020 7f47c0adf700              Options.level0_stop_writes_trigger: 36
2020/01/23-09:29:39.809023 7f47c0adf700                   Options.target_file_size_base: 67108864
2020/01/23-09:29:39.809025 7f47c0adf700             Options.target_file_size_multiplier: 1
2020/01/23-09:29:39.809028 7f47c0adf700                Options.max_bytes_for_level_base: 536870912
2020/01/23-09:29:39.809047 7f47c0adf700 Options.level_compaction_dynamic_level_bytes: 1
2020/01/23-09:29:39.809051 7f47c0adf700          Options.max_bytes_for_level_multiplier: 8.000000
2020/01/23-09:29:39.809056 7f47c0adf700 Options.max_bytes_for_level_multiplier_addtl[0]: 1
2020/01/23-09:29:39.809058 7f47c0adf700 Options.max_bytes_for_level_multiplier_addtl[1]: 1
2020/01/23-09:29:39.809061 7f47c0adf700 Options.max_bytes_for_level_multiplier_addtl[2]: 1
2020/01/23-09:29:39.809063 7f47c0adf700 Options.max_bytes_for_level_multiplier_addtl[3]: 1
2020/01/23-09:29:39.809065 7f47c0adf700 Options.max_bytes_for_level_multiplier_addtl[4]: 1
2020/01/23-09:29:39.809068 7f47c0adf700 Options.max_bytes_for_level_multiplier_addtl[5]: 1
2020/01/23-09:29:39.809070 7f47c0adf700 Options.max_bytes_for_level_multiplier_addtl[6]: 1
2020/01/23-09:29:39.809072 7f47c0adf700       Options.max_sequential_skip_in_iterations: 8
2020/01/23-09:29:39.809075 7f47c0adf700                    Options.max_compaction_bytes: 1677721600
2020/01/23-09:29:39.809077 7f47c0adf700                        Options.arena_block_size: 16777216
2020/01/23-09:29:39.809080 7f47c0adf700   Options.soft_pending_compaction_bytes_limit: 68719476736
2020/01/23-09:29:39.809083 7f47c0adf700   Options.hard_pending_compaction_bytes_limit: 274877906944
2020/01/23-09:29:39.809085 7f47c0adf700       Options.rate_limit_delay_max_milliseconds: 100
2020/01/23-09:29:39.809087 7f47c0adf700                Options.disable_auto_compactions: 0
2020/01/23-09:29:39.809090 7f47c0adf700                      Options.allow_trivial_move: 0
2020/01/23-09:29:39.809092 7f47c0adf700                      Options.vlog_direct_IO: 0
2020/01/23-09:29:39.809094 7f47c0adf700               Options.compaction_score_limit_L0: 1000.000000
2020/01/23-09:29:39.809100 7f47c0adf700                     Options.min_indirect_val_size[0]: 24
2020/01/23-09:29:39.809103 7f47c0adf700       Options.fraction_remapped_during_compaction[0]: 20
2020/01/23-09:29:39.809106 7f47c0adf700 Options.fraction_remapped_during_active_recycling[0]: 15
2020/01/23-09:29:39.809108 7f47c0adf700    Options.fragmentation_active_recycling_trigger[0]: 25
2020/01/23-09:29:39.809110 7f47c0adf700     Options.fragmentation_active_recycling_klaxon[0]: 50
2020/01/23-09:29:39.809113 7f47c0adf700                Options.active_recycling_sst_minct[0]: 5
2020/01/23-09:29:39.809115 7f47c0adf700                Options.active_recycling_sst_maxct[0]: 15
2020/01/23-09:29:39.809118 7f47c0adf700       Options.active_recycling_vlogfile_freed_min[0]: 7
2020/01/23-09:29:39.809120 7f47c0adf700    Options.active_recycling_size_trigger[0]: 1073741824
2020/01/23-09:29:39.809123 7f47c0adf700                         Options.vlogfile_max_size[0]: 16777216
2020/01/23-09:29:39.809125 7f47c0adf700          Options.compaction_picker_age_importance[0]: 100
2020/01/23-09:29:39.809128 7f47c0adf700                    Options.ring_compression_style[0]: Zlib
2020/01/23-09:29:39.809133 7f47c0adf700                        Options.compaction_style: kCompactionStyleLevel
2020/01/23-09:29:39.809136 7f47c0adf700                          Options.compaction_pri: kMinOverlappingRatio
2020/01/23-09:29:39.809139 7f47c0adf700 Options.compaction_options_universal.size_ratio: 1
2020/01/23-09:29:39.809141 7f47c0adf700 Options.compaction_options_universal.min_merge_width: 2
2020/01/23-09:29:39.809143 7f47c0adf700 Options.compaction_options_universal.max_merge_width: 4294967295
2020/01/23-09:29:39.809146 7f47c0adf700 Options.compaction_options_universal.max_size_amplification_percent: 200
2020/01/23-09:29:39.809148 7f47c0adf700 Options.compaction_options_universal.compression_size_percent: -1
2020/01/23-09:29:39.809152 7f47c0adf700 Options.compaction_options_universal.stop_style: kCompactionStopStyleTotalSize
2020/01/23-09:29:39.809154 7f47c0adf700 Options.compaction_options_fifo.max_table_files_size: 1073741824
2020/01/23-09:29:39.809157 7f47c0adf700 Options.compaction_options_fifo.allow_compaction: 0
2020/01/23-09:29:39.809159 7f47c0adf700                   Options.table_properties_collectors: 
2020/01/23-09:29:39.809175 7f47c0adf700                   Options.inplace_update_support: 0
2020/01/23-09:29:39.809178 7f47c0adf700                 Options.inplace_update_num_locks: 10000
2020/01/23-09:29:39.809181 7f47c0adf700               Options.memtable_prefix_bloom_size_ratio: 0.000000
2020/01/23-09:29:39.809184 7f47c0adf700               Options.memtable_whole_key_filtering: 0
2020/01/23-09:29:39.809187 7f47c0adf700   Options.memtable_huge_page_size: 0
2020/01/23-09:29:39.809189 7f47c0adf700                           Options.bloom_locality: 0
2020/01/23-09:29:39.809191 7f47c0adf700                    Options.max_successive_merges: 0
2020/01/23-09:29:39.809194 7f47c0adf700                Options.optimize_filters_for_hits: 0
2020/01/23-09:29:39.809196 7f47c0adf700                Options.paranoid_file_checks: 0
2020/01/23-09:29:39.809198 7f47c0adf700                Options.force_consistency_checks: 0
2020/01/23-09:29:39.809201 7f47c0adf700                Options.report_bg_io_stats: 0
2020/01/23-09:29:39.809203 7f47c0adf700                               Options.ttl: 0
2020/01/23-09:29:39.810957 7f47c0adf700 [/version_set.cc:3959] Recovered from manifest file:/mnt/sdb/mbwu-rocksdb-data/MANIFEST-000001 succeeded,manifest_file_number is 1, next_file_number is 3, last_sequence is 0, log_number is 0,prev_log_number is 0,max_column_family is 0,min_log_number_to_keep is 0
2020/01/23-09:29:39.810968 7f47c0adf700 [/version_set.cc:3968] Column family [default] (ID 0), log number is 0
2020/01/23-09:29:39.811364 7f47c0adf700 [/version_set.cc:3196] Creating manifest 4
2020/01/23-09:29:39.883902 7f47c0adf700 [/column_family.cc:698] --------------- Options for column family [usertable]:
2020/01/23-09:29:39.883917 7f47c0adf700               Options.comparator: leveldb.BytewiseComparator
2020/01/23-09:29:39.883921 7f47c0adf700           Options.merge_operator: None
2020/01/23-09:29:39.883924 7f47c0adf700        Options.compaction_filter: None
2020/01/23-09:29:39.883926 7f47c0adf700        Options.compaction_filter_factory: None
2020/01/23-09:29:39.883929 7f47c0adf700         Options.memtable_factory: SkipListFactory
2020/01/23-09:29:39.883932 7f47c0adf700            Options.table_factory: BlockBasedTable
2020/01/23-09:29:39.883983 7f47c0adf700            table_factory options:   flush_block_policy_factory: FlushBlockBySizePolicyFactory (0x7f4738097cd0)
  cache_index_and_filter_blocks: 0
  cache_index_and_filter_blocks_with_high_priority: 0
  pin_l0_filter_and_index_blocks_in_cache: 0
  pin_top_level_index_and_filter: 1
  index_type: 0
  data_block_index_type: 0
  data_block_hash_table_util_ratio: 0.750000
  hash_index_allow_collision: 1
  checksum: 1
  no_block_cache: 0
  block_cache: 0x7f473809aee0
  block_cache_name: LRUCache
  block_cache_options:
    capacity : 8388608
    num_shard_bits : 4
    strict_capacity_limit : 0
    memory_allocator : None
    high_pri_pool_ratio: 0.000
  block_cache_compressed: (nil)
  persistent_cache: (nil)
  block_size: 8192
  block_size_deviation: 10
  block_restart_interval: 16
  index_block_restart_interval: 1
  metadata_block_size: 4096
  partition_filters: 0
  use_delta_encoding: 1
  filter_policy: nullptr
  whole_key_filtering: 1
  verify_compression: 0
  read_amp_bytes_per_bit: 0
  format_version: 2
  enable_index_compression: 1
  block_align: 0
2020/01/23-09:29:39.883989 7f47c0adf700        Options.write_buffer_size: 134217728
2020/01/23-09:29:39.883992 7f47c0adf700  Options.max_write_buffer_number: 8
2020/01/23-09:29:39.883995 7f47c0adf700        Options.compression[0]: NoCompression
2020/01/23-09:29:39.883998 7f47c0adf700        Options.compression[1]: NoCompression
2020/01/23-09:29:39.884001 7f47c0adf700        Options.compression[2]: Snappy
2020/01/23-09:29:39.884003 7f47c0adf700        Options.compression[3]: Snappy
2020/01/23-09:29:39.884006 7f47c0adf700        Options.compression[4]: Snappy
2020/01/23-09:29:39.884009 7f47c0adf700        Options.compression[5]: Snappy
2020/01/23-09:29:39.884011 7f47c0adf700        Options.compression[6]: Snappy
2020/01/23-09:29:39.884014 7f47c0adf700                  Options.bottommost_compression: Disabled
2020/01/23-09:29:39.884016 7f47c0adf700       Options.prefix_extractor: nullptr
2020/01/23-09:29:39.884019 7f47c0adf700   Options.memtable_insert_with_hint_prefix_extractor: nullptr
2020/01/23-09:29:39.884021 7f47c0adf700             Options.num_levels: 6
2020/01/23-09:29:39.884024 7f47c0adf700        Options.min_write_buffer_number_to_merge: 2
2020/01/23-09:29:39.884026 7f47c0adf700     Options.max_write_buffer_number_to_maintain: 0
2020/01/23-09:29:39.884029 7f47c0adf700            Options.bottommost_compression_opts.window_bits: -14
2020/01/23-09:29:39.884031 7f47c0adf700                  Options.bottommost_compression_opts.level: 32767
2020/01/23-09:29:39.884034 7f47c0adf700               Options.bottommost_compression_opts.strategy: 0
2020/01/23-09:29:39.884036 7f47c0adf700         Options.bottommost_compression_opts.max_dict_bytes: 0
2020/01/23-09:29:39.884039 7f47c0adf700         Options.bottommost_compression_opts.zstd_max_train_bytes: 0
2020/01/23-09:29:39.884041 7f47c0adf700                  Options.bottommost_compression_opts.enabled: false
2020/01/23-09:29:39.884044 7f47c0adf700            Options.compression_opts.window_bits: -14
2020/01/23-09:29:39.884046 7f47c0adf700                  Options.compression_opts.level: 32767
2020/01/23-09:29:39.884049 7f47c0adf700               Options.compression_opts.strategy: 0
2020/01/23-09:29:39.884051 7f47c0adf700         Options.compression_opts.max_dict_bytes: 0
2020/01/23-09:29:39.884054 7f47c0adf700         Options.compression_opts.zstd_max_train_bytes: 0
2020/01/23-09:29:39.884089 7f47c0adf700                  Options.compression_opts.enabled: false
2020/01/23-09:29:39.884093 7f47c0adf700      Options.level0_file_num_compaction_trigger: 4
2020/01/23-09:29:39.884095 7f47c0adf700          Options.level0_slowdown_writes_trigger: 20
2020/01/23-09:29:39.884098 7f47c0adf700              Options.level0_stop_writes_trigger: 36
2020/01/23-09:29:39.884100 7f47c0adf700                   Options.target_file_size_base: 67108864
2020/01/23-09:29:39.884102 7f47c0adf700             Options.target_file_size_multiplier: 1
2020/01/23-09:29:39.884105 7f47c0adf700                Options.max_bytes_for_level_base: 536870912
2020/01/23-09:29:39.884107 7f47c0adf700 Options.level_compaction_dynamic_level_bytes: 1
2020/01/23-09:29:39.884110 7f47c0adf700          Options.max_bytes_for_level_multiplier: 8.000000
2020/01/23-09:29:39.884114 7f47c0adf700 Options.max_bytes_for_level_multiplier_addtl[0]: 1
2020/01/23-09:29:39.884117 7f47c0adf700 Options.max_bytes_for_level_multiplier_addtl[1]: 1
2020/01/23-09:29:39.884119 7f47c0adf700 Options.max_bytes_for_level_multiplier_addtl[2]: 1
2020/01/23-09:29:39.884122 7f47c0adf700 Options.max_bytes_for_level_multiplier_addtl[3]: 1
2020/01/23-09:29:39.884124 7f47c0adf700 Options.max_bytes_for_level_multiplier_addtl[4]: 1
2020/01/23-09:29:39.884126 7f47c0adf700 Options.max_bytes_for_level_multiplier_addtl[5]: 1
2020/01/23-09:29:39.884129 7f47c0adf700 Options.max_bytes_for_level_multiplier_addtl[6]: 1
2020/01/23-09:29:39.884131 7f47c0adf700       Options.max_sequential_skip_in_iterations: 8
2020/01/23-09:29:39.884134 7f47c0adf700                    Options.max_compaction_bytes: 1677721600
2020/01/23-09:29:39.884136 7f47c0adf700                        Options.arena_block_size: 16777216
2020/01/23-09:29:39.884139 7f47c0adf700   Options.soft_pending_compaction_bytes_limit: 68719476736
2020/01/23-09:29:39.884141 7f47c0adf700   Options.hard_pending_compaction_bytes_limit: 274877906944
2020/01/23-09:29:39.884144 7f47c0adf700       Options.rate_limit_delay_max_milliseconds: 100
2020/01/23-09:29:39.884146 7f47c0adf700                Options.disable_auto_compactions: 0
2020/01/23-09:29:39.884149 7f47c0adf700                      Options.allow_trivial_move: 0
2020/01/23-09:29:39.884151 7f47c0adf700                      Options.vlog_direct_IO: 0
2020/01/23-09:29:39.884153 7f47c0adf700               Options.compaction_score_limit_L0: 1000.000000
2020/01/23-09:29:39.884158 7f47c0adf700                     Options.min_indirect_val_size[0]: 24
2020/01/23-09:29:39.884161 7f47c0adf700       Options.fraction_remapped_during_compaction[0]: 20
2020/01/23-09:29:39.884164 7f47c0adf700 Options.fraction_remapped_during_active_recycling[0]: 15
2020/01/23-09:29:39.884167 7f47c0adf700    Options.fragmentation_active_recycling_trigger[0]: 25
2020/01/23-09:29:39.884169 7f47c0adf700     Options.fragmentation_active_recycling_klaxon[0]: 50
2020/01/23-09:29:39.884171 7f47c0adf700                Options.active_recycling_sst_minct[0]: 5
2020/01/23-09:29:39.884174 7f47c0adf700                Options.active_recycling_sst_maxct[0]: 15
2020/01/23-09:29:39.884176 7f47c0adf700       Options.active_recycling_vlogfile_freed_min[0]: 7
2020/01/23-09:29:39.884179 7f47c0adf700    Options.active_recycling_size_trigger[0]: 1073741824
2020/01/23-09:29:39.884182 7f47c0adf700                         Options.vlogfile_max_size[0]: 16777216
2020/01/23-09:29:39.884184 7f47c0adf700          Options.compaction_picker_age_importance[0]: 100
2020/01/23-09:29:39.884187 7f47c0adf700                    Options.ring_compression_style[0]: Zlib
2020/01/23-09:29:39.884191 7f47c0adf700                        Options.compaction_style: kCompactionStyleLevel
2020/01/23-09:29:39.884195 7f47c0adf700                          Options.compaction_pri: kMinOverlappingRatio
2020/01/23-09:29:39.884198 7f47c0adf700 Options.compaction_options_universal.size_ratio: 1
2020/01/23-09:29:39.884200 7f47c0adf700 Options.compaction_options_universal.min_merge_width: 2
2020/01/23-09:29:39.884203 7f47c0adf700 Options.compaction_options_universal.max_merge_width: 4294967295
2020/01/23-09:29:39.884219 7f47c0adf700 Options.compaction_options_universal.max_size_amplification_percent: 200
2020/01/23-09:29:39.884223 7f47c0adf700 Options.compaction_options_universal.compression_size_percent: -1
2020/01/23-09:29:39.884227 7f47c0adf700 Options.compaction_options_universal.stop_style: kCompactionStopStyleTotalSize
2020/01/23-09:29:39.884229 7f47c0adf700 Options.compaction_options_fifo.max_table_files_size: 1073741824
2020/01/23-09:29:39.884232 7f47c0adf700 Options.compaction_options_fifo.allow_compaction: 0
2020/01/23-09:29:39.884234 7f47c0adf700                   Options.table_properties_collectors: 
2020/01/23-09:29:39.884237 7f47c0adf700                   Options.inplace_update_support: 0
2020/01/23-09:29:39.884239 7f47c0adf700                 Options.inplace_update_num_locks: 10000
2020/01/23-09:29:39.884241 7f47c0adf700               Options.memtable_prefix_bloom_size_ratio: 0.000000
2020/01/23-09:29:39.884245 7f47c0adf700               Options.memtable_whole_key_filtering: 0
2020/01/23-09:29:39.884247 7f47c0adf700   Options.memtable_huge_page_size: 0
2020/01/23-09:29:39.884250 7f47c0adf700                           Options.bloom_locality: 0
2020/01/23-09:29:39.884252 7f47c0adf700                    Options.max_successive_merges: 0
2020/01/23-09:29:39.884255 7f47c0adf700                Options.optimize_filters_for_hits: 0
2020/01/23-09:29:39.884257 7f47c0adf700                Options.paranoid_file_checks: 0
2020/01/23-09:29:39.884259 7f47c0adf700                Options.force_consistency_checks: 0
2020/01/23-09:29:39.884261 7f47c0adf700                Options.report_bg_io_stats: 0
2020/01/23-09:29:39.884264 7f47c0adf700                               Options.ttl: 0
2020/01/23-09:29:39.884397 7f47c0adf700 [/db_impl.cc:1821] Created column family [usertable] (ID 1)
2020/01/23-09:29:39.969801 7f47c0adf700 DB pointer 0x7f47380988d0
2020/01/23-09:29:39.970668 7f464d7f2700 [/db_impl.cc:777] ------- DUMPING STATS -------
2020/01/23-09:29:39.970812 7f464d7f2700 [/db_impl.cc:778] 
** DB Stats **
Uptime(secs): 0.2 total, 0.2 interval
Cumulative writes: 0 writes, 0 keys, 0 commit groups, 0.0 writes per commit group, ingest: 0.00 GB, 0.00 MB/s
Cumulative WAL: 0 writes, 0 syncs, 0.00 writes per sync, written: 0.00 GB, 0.00 MB/s
Cumulative stall: 00:00:0.000 H:M:S, 0.0 percent
Interval writes: 0 writes, 0 keys, 0 commit groups, 0.0 writes per commit group, ingest: 0.00 MB, 0.00 MB/s
Interval WAL: 0 writes, 0 syncs, 0.00 writes per sync, written: 0.00 MB, 0.00 MB/s
Interval stall: 00:00:0.000 H:M:S, 0.0 percent

** Compaction Stats [default] **
Level    Files   Size     Score Read(GB)  Rn(GB) Rnp1(GB) Write(GB) Wnew(GB) Moved(GB) W-Amp Rd(MB/s) Wr(MB/s) Comp(sec) CompMergeCPU(sec) Comp(cnt) Avg(sec) KeyIn KeyDropWVCmp(GB) WVRaw(GB) WVRemap(GB) WVFiles
-------------------------------------------------------------------------------------------------------------------------------------------------------------------------------------------------------------------
 Sum      0/0    0.00 KB   0.0      0.0     0.0      0.0       0.0      0.0       0.0   0.0      0.0      0.0      0.00              0.00         0    0.000       0      0      0.0      0.0        0.0       0
 Int      0/0    0.00 KB   0.0      0.0     0.0      0.0       0.0      0.0       0.0   0.0      0.0      0.0      0.00              0.00         0    0.000       0      0      0.0      0.0        0.0       0

** Compaction Stats [default] **
Priority    Files   Size     Score Read(GB)  Rn(GB) Rnp1(GB) Write(GB) Wnew(GB) Moved(GB) W-Amp Rd(MB/s) Wr(MB/s) Comp(sec) CompMergeCPU(sec) Comp(cnt) Avg(sec) KeyIn KeyDropWVCmp(GB) WVRaw(GB) WVRemap(GB) WVFiles
----------------------------------------------------------------------------------------------------------------------------------------------------------------------------------------------------------------------
Uptime(secs): 0.2 total, 0.2 interval
Flush(GB): cumulative 0.000, interval 0.000
AddFile(GB): cumulative 0.000, interval 0.000
AddFile(Total Files): cumulative 0, interval 0
AddFile(L0 Files): cumulative 0, interval 0
AddFile(Keys): cumulative 0, interval 0
Cumulative compaction: 0.00 GB write, 0.00 MB/s write, 0.00 GB read, 0.00 MB/s read, 0.0 seconds
Interval compaction: 0.00 GB write, 0.00 MB/s write, 0.00 GB read, 0.00 MB/s read, 0.0 seconds
Stalls(count): 0 level0_slowdown, 0 level0_slowdown_with_compaction, 0 level0_numfiles, 0 level0_numfiles_with_compaction, 0 stop for pending_compaction_bytes, 0 slowdown for pending_compaction_bytes, 0 memtable_compaction, 0 memtable_slowdown, interval 0 total count

** Compaction Ring Stats [default] **
Ring  Files   Size  Frag(%)
----------------------------
 Sum        0  0.00 KB  -nan 
VLog Read Latency over 0 reads with average length 0:   0.000 usec
VLog Decompress Latency over 0 reads with average length 0:   0.000 usec

** File Read Latency Histogram By Level [default] **

** Compaction Stats [usertable] **
Level    Files   Size     Score Read(GB)  Rn(GB) Rnp1(GB) Write(GB) Wnew(GB) Moved(GB) W-Amp Rd(MB/s) Wr(MB/s) Comp(sec) CompMergeCPU(sec) Comp(cnt) Avg(sec) KeyIn KeyDropWVCmp(GB) WVRaw(GB) WVRemap(GB) WVFiles
-------------------------------------------------------------------------------------------------------------------------------------------------------------------------------------------------------------------
 Sum      0/0    0.00 KB   0.0      0.0     0.0      0.0       0.0      0.0       0.0   0.0      0.0      0.0      0.00              0.00         0    0.000       0      0      0.0      0.0        0.0       0
 Int      0/0    0.00 KB   0.0      0.0     0.0      0.0       0.0      0.0       0.0   0.0      0.0      0.0      0.00              0.00         0    0.000       0      0      0.0      0.0        0.0       0

** Compaction Stats [usertable] **
Priority    Files   Size     Score Read(GB)  Rn(GB) Rnp1(GB) Write(GB) Wnew(GB) Moved(GB) W-Amp Rd(MB/s) Wr(MB/s) Comp(sec) CompMergeCPU(sec) Comp(cnt) Avg(sec) KeyIn KeyDropWVCmp(GB) WVRaw(GB) WVRemap(GB) WVFiles
----------------------------------------------------------------------------------------------------------------------------------------------------------------------------------------------------------------------
Uptime(secs): 0.1 total, 0.1 interval
Flush(GB): cumulative 0.000, interval 0.000
AddFile(GB): cumulative 0.000, interval 0.000
AddFile(Total Files): cumulative 0, interval 0
AddFile(L0 Files): cumulative 0, interval 0
AddFile(Keys): cumulative 0, interval 0
Cumulative compaction: 0.00 GB write, 0.00 MB/s write, 0.00 GB read, 0.00 MB/s read, 0.0 seconds
Interval compaction: 0.00 GB write, 0.00 MB/s write, 0.00 GB read, 0.00 MB/s read, 0.0 seconds
Stalls(count): 0 level0_slowdown, 0 level0_slowdown_with_compaction, 0 level0_numfiles, 0 level0_numfiles_with_compaction, 0 stop for pending_compaction_bytes, 0 slowdown for pending_compaction_bytes, 0 memtable_compaction, 0 memtable_slowdown, interval 0 total count

** Compaction Ring Stats [usertable] **
Ring  Files   Size  Frag(%)
----------------------------
 Sum        0  0.00 KB  -nan 
VLog Read Latency over 0 reads with average length 0:   0.000 usec
VLog Decompress Latency over 0 reads with average length 0:   0.000 usec

** File Read Latency Histogram By Level [usertable] **

** Compaction Stats [default] **
Level    Files   Size     Score Read(GB)  Rn(GB) Rnp1(GB) Write(GB) Wnew(GB) Moved(GB) W-Amp Rd(MB/s) Wr(MB/s) Comp(sec) CompMergeCPU(sec) Comp(cnt) Avg(sec) KeyIn KeyDropWVCmp(GB) WVRaw(GB) WVRemap(GB) WVFiles
-------------------------------------------------------------------------------------------------------------------------------------------------------------------------------------------------------------------
 Sum      0/0    0.00 KB   0.0      0.0     0.0      0.0       0.0      0.0       0.0   0.0      0.0      0.0      0.00              0.00         0    0.000       0      0      0.0      0.0        0.0       0
 Int      0/0    0.00 KB   0.0      0.0     0.0      0.0       0.0      0.0       0.0   0.0      0.0      0.0      0.00              0.00         0    0.000       0      0      0.0      0.0        0.0       0

** Compaction Stats [default] **
Priority    Files   Size     Score Read(GB)  Rn(GB) Rnp1(GB) Write(GB) Wnew(GB) Moved(GB) W-Amp Rd(MB/s) Wr(MB/s) Comp(sec) CompMergeCPU(sec) Comp(cnt) Avg(sec) KeyIn KeyDropWVCmp(GB) WVRaw(GB) WVRemap(GB) WVFiles
----------------------------------------------------------------------------------------------------------------------------------------------------------------------------------------------------------------------
Uptime(secs): 0.2 total, 0.0 interval
Flush(GB): cumulative 0.000, interval 0.000
AddFile(GB): cumulative 0.000, interval 0.000
AddFile(Total Files): cumulative 0, interval 0
AddFile(L0 Files): cumulative 0, interval 0
AddFile(Keys): cumulative 0, interval 0
Cumulative compaction: 0.00 GB write, 0.00 MB/s write, 0.00 GB read, 0.00 MB/s read, 0.0 seconds
Interval compaction: 0.00 GB write, 0.00 MB/s write, 0.00 GB read, 0.00 MB/s read, 0.0 seconds
Stalls(count): 0 level0_slowdown, 0 level0_slowdown_with_compaction, 0 level0_numfiles, 0 level0_numfiles_with_compaction, 0 stop for pending_compaction_bytes, 0 slowdown for pending_compaction_bytes, 0 memtable_compaction, 0 memtable_slowdown, interval 0 total count

** Compaction Ring Stats [default] **
Ring  Files   Size  Frag(%)
----------------------------
 Sum        0  0.00 KB  -nan 
VLog Read Latency over 0 reads with average length 0:   0.000 usec
VLog Decompress Latency over 0 reads with average length 0:   0.000 usec

** File Read Latency Histogram By Level [default] **

** Compaction Stats [usertable] **
Level    Files   Size     Score Read(GB)  Rn(GB) Rnp1(GB) Write(GB) Wnew(GB) Moved(GB) W-Amp Rd(MB/s) Wr(MB/s) Comp(sec) CompMergeCPU(sec) Comp(cnt) Avg(sec) KeyIn KeyDropWVCmp(GB) WVRaw(GB) WVRemap(GB) WVFiles
-------------------------------------------------------------------------------------------------------------------------------------------------------------------------------------------------------------------
 Sum      0/0    0.00 KB   0.0      0.0     0.0      0.0       0.0      0.0       0.0   0.0      0.0      0.0      0.00              0.00         0    0.000       0      0      0.0      0.0        0.0       0
 Int      0/0    0.00 KB   0.0      0.0     0.0      0.0       0.0      0.0       0.0   0.0      0.0      0.0      0.00              0.00         0    0.000       0      0      0.0      0.0        0.0       0

** Compaction Stats [usertable] **
Priority    Files   Size     Score Read(GB)  Rn(GB) Rnp1(GB) Write(GB) Wnew(GB) Moved(GB) W-Amp Rd(MB/s) Wr(MB/s) Comp(sec) CompMergeCPU(sec) Comp(cnt) Avg(sec) KeyIn KeyDropWVCmp(GB) WVRaw(GB) WVRemap(GB) WVFiles
----------------------------------------------------------------------------------------------------------------------------------------------------------------------------------------------------------------------
Uptime(secs): 0.1 total, 0.0 interval
Flush(GB): cumulative 0.000, interval 0.000
AddFile(GB): cumulative 0.000, interval 0.000
AddFile(Total Files): cumulative 0, interval 0
AddFile(L0 Files): cumulative 0, interval 0
AddFile(Keys): cumulative 0, interval 0
Cumulative compaction: 0.00 GB write, 0.00 MB/s write, 0.00 GB read, 0.00 MB/s read, 0.0 seconds
Interval compaction: 0.00 GB write, 0.00 MB/s write, 0.00 GB read, 0.00 MB/s read, 0.0 seconds
Stalls(count): 0 level0_slowdown, 0 level0_slowdown_with_compaction, 0 level0_numfiles, 0 level0_numfiles_with_compaction, 0 stop for pending_compaction_bytes, 0 slowdown for pending_compaction_bytes, 0 memtable_compaction, 0 memtable_slowdown, interval 0 total count

** Compaction Ring Stats [usertable] **
Ring  Files   Size  Frag(%)
----------------------------
 Sum        0  0.00 KB  -nan 
VLog Read Latency over 0 reads with average length 0:   0.000 usec
VLog Decompress Latency over 0 reads with average length 0:   0.000 usec

** File Read Latency Histogram By Level [usertable] **
2020/01/23-09:29:48.763785 7f46f03f4700 [/db_impl_write.cc:1470] [usertable] New memtable created with log file: #9. Immutable memtables: 0.
2020/01/23-09:29:57.552178 7f47307f8700 [/db_impl_write.cc:1470] [usertable] New memtable created with log file: #10. Immutable memtables: 1.
2020/01/23-09:29:57.553217 7f469b7fe700 [/db_impl_compaction_flush.cc:108] [JOB 45] Syncing log #3
2020/01/23-09:29:57.787788 7f469b7fe700 [/db_impl_compaction_flush.cc:108] [JOB 45] Syncing log #9
2020/01/23-09:29:58.291220 7f469b7fe700 (Original Log Time 2020/01/23-09:29:57.553026) [/db_impl_compaction_flush.cc:2087] Calling FlushMemTableToOutputFile with column family [usertable], flush slots available 24, compaction slots available 1, flush slots scheduled 24, compaction slots scheduled 0
2020/01/23-09:29:58.291251 7f469b7fe700 [/flush_job.cc:325] [usertable] [JOB 45] Flushing memtable with next log file: 9
2020/01/23-09:29:58.291309 7f469b7fe700 [/flush_job.cc:325] [usertable] [JOB 45] Flushing memtable with next log file: 10
2020/01/23-09:29:58.291525 7f469b7fe700 EVENT_LOG_v1 {"time_micros": 1579800598291480, "job": 45, "event": "flush_started", "num_memtables": 2, "num_entries": 61515, "num_deletes": 0, "total_data_size": 253626345, "memory_usage": 260123080, "flush_reason": "Write Buffer Full"}
2020/01/23-09:29:58.291544 7f469b7fe700 [/flush_job.cc:354] [usertable] [JOB 45] Level-0 flush table #11: started
