2020/01/23-12:25:39.010652 7f82c1ef3700 RocksDB version: 6.1.2
2020/01/23-12:25:39.010764 7f82c1ef3700 Git sha rocksdb_build_git_sha:4f1920556570c04d306d3ff0aa9a33db259bb8f0
2020/01/23-12:25:39.010785 7f82c1ef3700 Compile date Jan  7 2020
2020/01/23-12:25:39.010797 7f82c1ef3700 DB SUMMARY
2020/01/23-12:25:39.010824 7f82c1ef3700 SST files in /mnt/sdb/mbwu-rocksdb-data dir, Total Num: 0, files: 
2020/01/23-12:25:39.010827 7f82c1ef3700 Write Ahead Log file in /mnt/sdb/mbwu-rocksdb-data: 
2020/01/23-12:25:39.010829 7f82c1ef3700                         Options.error_if_exists: 0
2020/01/23-12:25:39.010831 7f82c1ef3700                       Options.create_if_missing: 1
2020/01/23-12:25:39.010832 7f82c1ef3700                         Options.paranoid_checks: 1
2020/01/23-12:25:39.010833 7f82c1ef3700                                     Options.env: 0x7f82c1bd9ba0
2020/01/23-12:25:39.010834 7f82c1ef3700                                Options.info_log: 0x7f82000930a0
2020/01/23-12:25:39.010835 7f82c1ef3700                Options.max_file_opening_threads: 16
2020/01/23-12:25:39.010836 7f82c1ef3700                              Options.statistics: (nil)
2020/01/23-12:25:39.010838 7f82c1ef3700                               Options.use_fsync: 0
2020/01/23-12:25:39.010839 7f82c1ef3700                       Options.max_log_file_size: 0
2020/01/23-12:25:39.010840 7f82c1ef3700                  Options.max_manifest_file_size: 1073741824
2020/01/23-12:25:39.010841 7f82c1ef3700                   Options.log_file_time_to_roll: 0
2020/01/23-12:25:39.010842 7f82c1ef3700                       Options.keep_log_file_num: 1000
2020/01/23-12:25:39.010843 7f82c1ef3700                    Options.recycle_log_file_num: 0
2020/01/23-12:25:39.010844 7f82c1ef3700                         Options.allow_fallocate: 1
2020/01/23-12:25:39.010845 7f82c1ef3700                        Options.allow_mmap_reads: 0
2020/01/23-12:25:39.010846 7f82c1ef3700                       Options.allow_mmap_writes: 0
2020/01/23-12:25:39.010847 7f82c1ef3700                        Options.use_direct_reads: 0
2020/01/23-12:25:39.010848 7f82c1ef3700                        Options.use_direct_io_for_flush_and_compaction: 0
2020/01/23-12:25:39.010849 7f82c1ef3700          Options.create_missing_column_families: 1
2020/01/23-12:25:39.010850 7f82c1ef3700                              Options.db_log_dir: 
2020/01/23-12:25:39.010851 7f82c1ef3700                                 Options.wal_dir: /mnt/sdb/mbwu-rocksdb-data
2020/01/23-12:25:39.010852 7f82c1ef3700                Options.table_cache_numshardbits: 6
2020/01/23-12:25:39.010853 7f82c1ef3700                      Options.max_subcompactions: 1
2020/01/23-12:25:39.010854 7f82c1ef3700                  Options.max_background_flushes: 24
2020/01/23-12:25:39.010855 7f82c1ef3700                         Options.WAL_ttl_seconds: 0
2020/01/23-12:25:39.010856 7f82c1ef3700                       Options.WAL_size_limit_MB: 0
2020/01/23-12:25:39.010857 7f82c1ef3700             Options.manifest_preallocation_size: 4194304
2020/01/23-12:25:39.010858 7f82c1ef3700                     Options.is_fd_close_on_exec: 1
2020/01/23-12:25:39.010859 7f82c1ef3700                   Options.advise_random_on_open: 1
2020/01/23-12:25:39.010860 7f82c1ef3700                    Options.db_write_buffer_size: 0
2020/01/23-12:25:39.010861 7f82c1ef3700                    Options.write_buffer_manager: 0x7f8200092f00
2020/01/23-12:25:39.010862 7f82c1ef3700         Options.access_hint_on_compaction_start: 1
2020/01/23-12:25:39.010863 7f82c1ef3700  Options.new_table_reader_for_compaction_inputs: 0
2020/01/23-12:25:39.010864 7f82c1ef3700           Options.random_access_max_buffer_size: 1048576
2020/01/23-12:25:39.010865 7f82c1ef3700                      Options.use_adaptive_mutex: 0
2020/01/23-12:25:39.010866 7f82c1ef3700                            Options.rate_limiter: (nil)
2020/01/23-12:25:39.010868 7f82c1ef3700     Options.sst_file_manager.rate_bytes_per_sec: 0
2020/01/23-12:25:39.010869 7f82c1ef3700                       Options.wal_recovery_mode: 2
2020/01/23-12:25:39.010870 7f82c1ef3700                  Options.enable_thread_tracking: 0
2020/01/23-12:25:39.010871 7f82c1ef3700                  Options.enable_pipelined_write: 0
2020/01/23-12:25:39.010888 7f82c1ef3700         Options.allow_concurrent_memtable_write: 1
2020/01/23-12:25:39.010890 7f82c1ef3700      Options.enable_write_thread_adaptive_yield: 1
2020/01/23-12:25:39.010891 7f82c1ef3700             Options.write_thread_max_yield_usec: 100
2020/01/23-12:25:39.010892 7f82c1ef3700            Options.write_thread_slow_yield_usec: 3
2020/01/23-12:25:39.010893 7f82c1ef3700                               Options.row_cache: None
2020/01/23-12:25:39.010894 7f82c1ef3700                              Options.wal_filter: None
2020/01/23-12:25:39.010895 7f82c1ef3700             Options.avoid_flush_during_recovery: 0
2020/01/23-12:25:39.010896 7f82c1ef3700             Options.allow_ingest_behind: 0
2020/01/23-12:25:39.010897 7f82c1ef3700             Options.preserve_deletes: 0
2020/01/23-12:25:39.010898 7f82c1ef3700             Options.two_write_queues: 0
2020/01/23-12:25:39.010899 7f82c1ef3700             Options.manual_wal_flush: 0
2020/01/23-12:25:39.010900 7f82c1ef3700             Options.atomic_flush: 0
2020/01/23-12:25:39.010901 7f82c1ef3700             Options.avoid_unnecessary_blocking_io: 0
2020/01/23-12:25:39.010903 7f82c1ef3700             Options.max_background_jobs: 24
2020/01/23-12:25:39.010904 7f82c1ef3700             Options.max_background_compactions: 24
2020/01/23-12:25:39.010905 7f82c1ef3700             Options.avoid_flush_during_shutdown: 0
2020/01/23-12:25:39.010906 7f82c1ef3700           Options.writable_file_max_buffer_size: 1048576
2020/01/23-12:25:39.010907 7f82c1ef3700             Options.delayed_write_rate : 16777216
2020/01/23-12:25:39.010908 7f82c1ef3700             Options.max_total_wal_size: 0
2020/01/23-12:25:39.010909 7f82c1ef3700             Options.delete_obsolete_files_period_micros: 21600000000
2020/01/23-12:25:39.010911 7f82c1ef3700                   Options.stats_dump_period_sec: 600
2020/01/23-12:25:39.010912 7f82c1ef3700                 Options.stats_persist_period_sec: 600
2020/01/23-12:25:39.010913 7f82c1ef3700                 Options.stats_history_buffer_size: 1048576
2020/01/23-12:25:39.010914 7f82c1ef3700                          Options.max_open_files: -1
2020/01/23-12:25:39.010915 7f82c1ef3700                          Options.bytes_per_sync: 1048576
2020/01/23-12:25:39.010916 7f82c1ef3700                      Options.wal_bytes_per_sync: 0
2020/01/23-12:25:39.010917 7f82c1ef3700       Options.compaction_readahead_size: 0
2020/01/23-12:25:39.010918 7f82c1ef3700 Compression algorithms supported:
2020/01/23-12:25:39.010919 7f82c1ef3700 	kZSTDNotFinalCompression supported: 1
2020/01/23-12:25:39.010928 7f82c1ef3700 	kZSTD supported: 1
2020/01/23-12:25:39.010930 7f82c1ef3700 	kXpressCompression supported: 0
2020/01/23-12:25:39.010931 7f82c1ef3700 	kLZ4HCCompression supported: 1
2020/01/23-12:25:39.010932 7f82c1ef3700 	kLZ4Compression supported: 1
2020/01/23-12:25:39.010933 7f82c1ef3700 	kBZip2Compression supported: 1
2020/01/23-12:25:39.010934 7f82c1ef3700 	kZlibCompression supported: 1
2020/01/23-12:25:39.010935 7f82c1ef3700 	kSnappyCompression supported: 1
2020/01/23-12:25:39.010939 7f82c1ef3700 Fast CRC32 supported: Supported on x86
2020/01/23-12:25:39.011026 7f82c1ef3700 [/db_impl_open.cc:228] Creating manifest 1 
2020/01/23-12:25:39.112280 7f82c1ef3700 [/version_set.cc:3742] Recovering from manifest file: /mnt/sdb/mbwu-rocksdb-data/MANIFEST-000001
2020/01/23-12:25:39.112546 7f82c1ef3700 [/column_family.cc:698] --------------- Options for column family [default]:
2020/01/23-12:25:39.112555 7f82c1ef3700               Options.comparator: leveldb.BytewiseComparator
2020/01/23-12:25:39.112559 7f82c1ef3700           Options.merge_operator: None
2020/01/23-12:25:39.112561 7f82c1ef3700        Options.compaction_filter: None
2020/01/23-12:25:39.112563 7f82c1ef3700        Options.compaction_filter_factory: None
2020/01/23-12:25:39.112566 7f82c1ef3700         Options.memtable_factory: SkipListFactory
2020/01/23-12:25:39.112569 7f82c1ef3700            Options.table_factory: BlockBasedTable
2020/01/23-12:25:39.112651 7f82c1ef3700            table_factory options:   flush_block_policy_factory: FlushBlockBySizePolicyFactory (0x7f820009bb00)
  cache_index_and_filter_blocks: 0
  cache_index_and_filter_blocks_with_high_priority: 0
  pin_l0_filter_and_index_blocks_in_cache: 0
  pin_top_level_index_and_filter: 1
  index_type: 0
  data_block_index_type: 0
  data_block_hash_table_util_ratio: 0.750000
  hash_index_allow_collision: 1
  checksum: 1
  no_block_cache: 0
  block_cache: 0x7f820009a200
  block_cache_name: LRUCache
  block_cache_options:
    capacity : 8388608
    num_shard_bits : 4
    strict_capacity_limit : 0
    memory_allocator : None
    high_pri_pool_ratio: 0.000
  block_cache_compressed: (nil)
  persistent_cache: (nil)
  block_size: 8192
  block_size_deviation: 10
  block_restart_interval: 16
  index_block_restart_interval: 1
  metadata_block_size: 4096
  partition_filters: 0
  use_delta_encoding: 1
  filter_policy: nullptr
  whole_key_filtering: 1
  verify_compression: 0
  read_amp_bytes_per_bit: 0
  format_version: 2
  enable_index_compression: 1
  block_align: 0
2020/01/23-12:25:39.112656 7f82c1ef3700        Options.write_buffer_size: 134217728
2020/01/23-12:25:39.112659 7f82c1ef3700  Options.max_write_buffer_number: 8
2020/01/23-12:25:39.112662 7f82c1ef3700        Options.compression[0]: NoCompression
2020/01/23-12:25:39.112665 7f82c1ef3700        Options.compression[1]: NoCompression
2020/01/23-12:25:39.112668 7f82c1ef3700        Options.compression[2]: Snappy
2020/01/23-12:25:39.112670 7f82c1ef3700        Options.compression[3]: Snappy
2020/01/23-12:25:39.112673 7f82c1ef3700        Options.compression[4]: Snappy
2020/01/23-12:25:39.112675 7f82c1ef3700        Options.compression[5]: Snappy
2020/01/23-12:25:39.112678 7f82c1ef3700        Options.compression[6]: Snappy
2020/01/23-12:25:39.112680 7f82c1ef3700                  Options.bottommost_compression: Disabled
2020/01/23-12:25:39.112683 7f82c1ef3700       Options.prefix_extractor: nullptr
2020/01/23-12:25:39.112685 7f82c1ef3700   Options.memtable_insert_with_hint_prefix_extractor: nullptr
2020/01/23-12:25:39.112688 7f82c1ef3700             Options.num_levels: 6
2020/01/23-12:25:39.112690 7f82c1ef3700        Options.min_write_buffer_number_to_merge: 2
2020/01/23-12:25:39.112693 7f82c1ef3700     Options.max_write_buffer_number_to_maintain: 0
2020/01/23-12:25:39.112695 7f82c1ef3700            Options.bottommost_compression_opts.window_bits: -14
2020/01/23-12:25:39.112698 7f82c1ef3700                  Options.bottommost_compression_opts.level: 32767
2020/01/23-12:25:39.112700 7f82c1ef3700               Options.bottommost_compression_opts.strategy: 0
2020/01/23-12:25:39.112703 7f82c1ef3700         Options.bottommost_compression_opts.max_dict_bytes: 0
2020/01/23-12:25:39.112705 7f82c1ef3700         Options.bottommost_compression_opts.zstd_max_train_bytes: 0
2020/01/23-12:25:39.112708 7f82c1ef3700                  Options.bottommost_compression_opts.enabled: false
2020/01/23-12:25:39.112710 7f82c1ef3700            Options.compression_opts.window_bits: -14
2020/01/23-12:25:39.112713 7f82c1ef3700                  Options.compression_opts.level: 32767
2020/01/23-12:25:39.112715 7f82c1ef3700               Options.compression_opts.strategy: 0
2020/01/23-12:25:39.112718 7f82c1ef3700         Options.compression_opts.max_dict_bytes: 0
2020/01/23-12:25:39.112720 7f82c1ef3700         Options.compression_opts.zstd_max_train_bytes: 0
2020/01/23-12:25:39.112722 7f82c1ef3700                  Options.compression_opts.enabled: false
2020/01/23-12:25:39.112725 7f82c1ef3700      Options.level0_file_num_compaction_trigger: 4
2020/01/23-12:25:39.112727 7f82c1ef3700          Options.level0_slowdown_writes_trigger: 20
2020/01/23-12:25:39.112729 7f82c1ef3700              Options.level0_stop_writes_trigger: 36
2020/01/23-12:25:39.112732 7f82c1ef3700                   Options.target_file_size_base: 67108864
2020/01/23-12:25:39.112734 7f82c1ef3700             Options.target_file_size_multiplier: 1
2020/01/23-12:25:39.112736 7f82c1ef3700                Options.max_bytes_for_level_base: 536870912
2020/01/23-12:25:39.112756 7f82c1ef3700 Options.level_compaction_dynamic_level_bytes: 1
2020/01/23-12:25:39.112759 7f82c1ef3700          Options.max_bytes_for_level_multiplier: 8.000000
2020/01/23-12:25:39.112764 7f82c1ef3700 Options.max_bytes_for_level_multiplier_addtl[0]: 1
2020/01/23-12:25:39.112766 7f82c1ef3700 Options.max_bytes_for_level_multiplier_addtl[1]: 1
2020/01/23-12:25:39.112769 7f82c1ef3700 Options.max_bytes_for_level_multiplier_addtl[2]: 1
2020/01/23-12:25:39.112771 7f82c1ef3700 Options.max_bytes_for_level_multiplier_addtl[3]: 1
2020/01/23-12:25:39.112773 7f82c1ef3700 Options.max_bytes_for_level_multiplier_addtl[4]: 1
2020/01/23-12:25:39.112776 7f82c1ef3700 Options.max_bytes_for_level_multiplier_addtl[5]: 1
2020/01/23-12:25:39.112778 7f82c1ef3700 Options.max_bytes_for_level_multiplier_addtl[6]: 1
2020/01/23-12:25:39.112780 7f82c1ef3700       Options.max_sequential_skip_in_iterations: 8
2020/01/23-12:25:39.112783 7f82c1ef3700                    Options.max_compaction_bytes: 1677721600
2020/01/23-12:25:39.112785 7f82c1ef3700                        Options.arena_block_size: 16777216
2020/01/23-12:25:39.112788 7f82c1ef3700   Options.soft_pending_compaction_bytes_limit: 68719476736
2020/01/23-12:25:39.112790 7f82c1ef3700   Options.hard_pending_compaction_bytes_limit: 274877906944
2020/01/23-12:25:39.112793 7f82c1ef3700       Options.rate_limit_delay_max_milliseconds: 100
2020/01/23-12:25:39.112795 7f82c1ef3700                Options.disable_auto_compactions: 0
2020/01/23-12:25:39.112797 7f82c1ef3700                      Options.allow_trivial_move: 0
2020/01/23-12:25:39.112800 7f82c1ef3700                      Options.vlog_direct_IO: 0
2020/01/23-12:25:39.112802 7f82c1ef3700               Options.compaction_score_limit_L0: 1000.000000
2020/01/23-12:25:39.112808 7f82c1ef3700                     Options.min_indirect_val_size[0]: 24
2020/01/23-12:25:39.112810 7f82c1ef3700       Options.fraction_remapped_during_compaction[0]: 20
2020/01/23-12:25:39.112813 7f82c1ef3700 Options.fraction_remapped_during_active_recycling[0]: 15
2020/01/23-12:25:39.112815 7f82c1ef3700    Options.fragmentation_active_recycling_trigger[0]: 25
2020/01/23-12:25:39.112818 7f82c1ef3700     Options.fragmentation_active_recycling_klaxon[0]: 50
2020/01/23-12:25:39.112820 7f82c1ef3700                Options.active_recycling_sst_minct[0]: 5
2020/01/23-12:25:39.112823 7f82c1ef3700                Options.active_recycling_sst_maxct[0]: 15
2020/01/23-12:25:39.112825 7f82c1ef3700       Options.active_recycling_vlogfile_freed_min[0]: 7
2020/01/23-12:25:39.112827 7f82c1ef3700    Options.active_recycling_size_trigger[0]: 1073741824
2020/01/23-12:25:39.112830 7f82c1ef3700                         Options.vlogfile_max_size[0]: 16777216
2020/01/23-12:25:39.112833 7f82c1ef3700          Options.compaction_picker_age_importance[0]: 100
2020/01/23-12:25:39.112836 7f82c1ef3700                    Options.ring_compression_style[0]: Zlib
2020/01/23-12:25:39.112840 7f82c1ef3700                        Options.compaction_style: kCompactionStyleLevel
2020/01/23-12:25:39.112844 7f82c1ef3700                          Options.compaction_pri: kMinOverlappingRatio
2020/01/23-12:25:39.112846 7f82c1ef3700 Options.compaction_options_universal.size_ratio: 1
2020/01/23-12:25:39.112849 7f82c1ef3700 Options.compaction_options_universal.min_merge_width: 2
2020/01/23-12:25:39.112851 7f82c1ef3700 Options.compaction_options_universal.max_merge_width: 4294967295
2020/01/23-12:25:39.112853 7f82c1ef3700 Options.compaction_options_universal.max_size_amplification_percent: 200
2020/01/23-12:25:39.112856 7f82c1ef3700 Options.compaction_options_universal.compression_size_percent: -1
2020/01/23-12:25:39.112859 7f82c1ef3700 Options.compaction_options_universal.stop_style: kCompactionStopStyleTotalSize
2020/01/23-12:25:39.112861 7f82c1ef3700 Options.compaction_options_fifo.max_table_files_size: 1073741824
2020/01/23-12:25:39.112864 7f82c1ef3700 Options.compaction_options_fifo.allow_compaction: 0
2020/01/23-12:25:39.112866 7f82c1ef3700                   Options.table_properties_collectors: 
2020/01/23-12:25:39.112888 7f82c1ef3700                   Options.inplace_update_support: 0
2020/01/23-12:25:39.112892 7f82c1ef3700                 Options.inplace_update_num_locks: 10000
2020/01/23-12:25:39.112895 7f82c1ef3700               Options.memtable_prefix_bloom_size_ratio: 0.000000
2020/01/23-12:25:39.112898 7f82c1ef3700               Options.memtable_whole_key_filtering: 0
2020/01/23-12:25:39.112901 7f82c1ef3700   Options.memtable_huge_page_size: 0
2020/01/23-12:25:39.112903 7f82c1ef3700                           Options.bloom_locality: 0
2020/01/23-12:25:39.112905 7f82c1ef3700                    Options.max_successive_merges: 0
2020/01/23-12:25:39.112908 7f82c1ef3700                Options.optimize_filters_for_hits: 0
2020/01/23-12:25:39.112910 7f82c1ef3700                Options.paranoid_file_checks: 0
2020/01/23-12:25:39.112912 7f82c1ef3700                Options.force_consistency_checks: 0
2020/01/23-12:25:39.112915 7f82c1ef3700                Options.report_bg_io_stats: 0
2020/01/23-12:25:39.112917 7f82c1ef3700                               Options.ttl: 0
2020/01/23-12:25:39.114721 7f82c1ef3700 [/version_set.cc:3959] Recovered from manifest file:/mnt/sdb/mbwu-rocksdb-data/MANIFEST-000001 succeeded,manifest_file_number is 1, next_file_number is 3, last_sequence is 0, log_number is 0,prev_log_number is 0,max_column_family is 0,min_log_number_to_keep is 0
2020/01/23-12:25:39.114733 7f82c1ef3700 [/version_set.cc:3968] Column family [default] (ID 0), log number is 0
2020/01/23-12:25:39.115128 7f82c1ef3700 [/version_set.cc:3196] Creating manifest 4
2020/01/23-12:25:39.187155 7f82c1ef3700 [/column_family.cc:698] --------------- Options for column family [usertable]:
2020/01/23-12:25:39.187164 7f82c1ef3700               Options.comparator: leveldb.BytewiseComparator
2020/01/23-12:25:39.187168 7f82c1ef3700           Options.merge_operator: None
2020/01/23-12:25:39.187170 7f82c1ef3700        Options.compaction_filter: None
2020/01/23-12:25:39.187173 7f82c1ef3700        Options.compaction_filter_factory: None
2020/01/23-12:25:39.187175 7f82c1ef3700         Options.memtable_factory: SkipListFactory
2020/01/23-12:25:39.187178 7f82c1ef3700            Options.table_factory: BlockBasedTable
2020/01/23-12:25:39.187222 7f82c1ef3700            table_factory options:   flush_block_policy_factory: FlushBlockBySizePolicyFactory (0x7f82000a0460)
  cache_index_and_filter_blocks: 0
  cache_index_and_filter_blocks_with_high_priority: 0
  pin_l0_filter_and_index_blocks_in_cache: 0
  pin_top_level_index_and_filter: 1
  index_type: 0
  data_block_index_type: 0
  data_block_hash_table_util_ratio: 0.750000
  hash_index_allow_collision: 1
  checksum: 1
  no_block_cache: 0
  block_cache: 0x7f82000a20a0
  block_cache_name: LRUCache
  block_cache_options:
    capacity : 8388608
    num_shard_bits : 4
    strict_capacity_limit : 0
    memory_allocator : None
    high_pri_pool_ratio: 0.000
  block_cache_compressed: (nil)
  persistent_cache: (nil)
  block_size: 8192
  block_size_deviation: 10
  block_restart_interval: 16
  index_block_restart_interval: 1
  metadata_block_size: 4096
  partition_filters: 0
  use_delta_encoding: 1
  filter_policy: nullptr
  whole_key_filtering: 1
  verify_compression: 0
  read_amp_bytes_per_bit: 0
  format_version: 2
  enable_index_compression: 1
  block_align: 0
2020/01/23-12:25:39.187228 7f82c1ef3700        Options.write_buffer_size: 134217728
2020/01/23-12:25:39.187230 7f82c1ef3700  Options.max_write_buffer_number: 8
2020/01/23-12:25:39.187233 7f82c1ef3700        Options.compression[0]: NoCompression
2020/01/23-12:25:39.187236 7f82c1ef3700        Options.compression[1]: NoCompression
2020/01/23-12:25:39.187239 7f82c1ef3700        Options.compression[2]: Snappy
2020/01/23-12:25:39.187242 7f82c1ef3700        Options.compression[3]: Snappy
2020/01/23-12:25:39.187244 7f82c1ef3700        Options.compression[4]: Snappy
2020/01/23-12:25:39.187247 7f82c1ef3700        Options.compression[5]: Snappy
2020/01/23-12:25:39.187249 7f82c1ef3700        Options.compression[6]: Snappy
2020/01/23-12:25:39.187252 7f82c1ef3700                  Options.bottommost_compression: Disabled
2020/01/23-12:25:39.187254 7f82c1ef3700       Options.prefix_extractor: nullptr
2020/01/23-12:25:39.187257 7f82c1ef3700   Options.memtable_insert_with_hint_prefix_extractor: nullptr
2020/01/23-12:25:39.187259 7f82c1ef3700             Options.num_levels: 6
2020/01/23-12:25:39.187262 7f82c1ef3700        Options.min_write_buffer_number_to_merge: 2
2020/01/23-12:25:39.187264 7f82c1ef3700     Options.max_write_buffer_number_to_maintain: 0
2020/01/23-12:25:39.187266 7f82c1ef3700            Options.bottommost_compression_opts.window_bits: -14
2020/01/23-12:25:39.187269 7f82c1ef3700                  Options.bottommost_compression_opts.level: 32767
2020/01/23-12:25:39.187271 7f82c1ef3700               Options.bottommost_compression_opts.strategy: 0
2020/01/23-12:25:39.187274 7f82c1ef3700         Options.bottommost_compression_opts.max_dict_bytes: 0
2020/01/23-12:25:39.187276 7f82c1ef3700         Options.bottommost_compression_opts.zstd_max_train_bytes: 0
2020/01/23-12:25:39.187279 7f82c1ef3700                  Options.bottommost_compression_opts.enabled: false
2020/01/23-12:25:39.187281 7f82c1ef3700            Options.compression_opts.window_bits: -14
2020/01/23-12:25:39.187284 7f82c1ef3700                  Options.compression_opts.level: 32767
2020/01/23-12:25:39.187286 7f82c1ef3700               Options.compression_opts.strategy: 0
2020/01/23-12:25:39.187288 7f82c1ef3700         Options.compression_opts.max_dict_bytes: 0
2020/01/23-12:25:39.187291 7f82c1ef3700         Options.compression_opts.zstd_max_train_bytes: 0
2020/01/23-12:25:39.187319 7f82c1ef3700                  Options.compression_opts.enabled: false
2020/01/23-12:25:39.187323 7f82c1ef3700      Options.level0_file_num_compaction_trigger: 4
2020/01/23-12:25:39.187326 7f82c1ef3700          Options.level0_slowdown_writes_trigger: 20
2020/01/23-12:25:39.187328 7f82c1ef3700              Options.level0_stop_writes_trigger: 36
2020/01/23-12:25:39.187330 7f82c1ef3700                   Options.target_file_size_base: 67108864
2020/01/23-12:25:39.187333 7f82c1ef3700             Options.target_file_size_multiplier: 1
2020/01/23-12:25:39.187335 7f82c1ef3700                Options.max_bytes_for_level_base: 536870912
2020/01/23-12:25:39.187338 7f82c1ef3700 Options.level_compaction_dynamic_level_bytes: 1
2020/01/23-12:25:39.187340 7f82c1ef3700          Options.max_bytes_for_level_multiplier: 8.000000
2020/01/23-12:25:39.187344 7f82c1ef3700 Options.max_bytes_for_level_multiplier_addtl[0]: 1
2020/01/23-12:25:39.187347 7f82c1ef3700 Options.max_bytes_for_level_multiplier_addtl[1]: 1
2020/01/23-12:25:39.187350 7f82c1ef3700 Options.max_bytes_for_level_multiplier_addtl[2]: 1
2020/01/23-12:25:39.187352 7f82c1ef3700 Options.max_bytes_for_level_multiplier_addtl[3]: 1
2020/01/23-12:25:39.187354 7f82c1ef3700 Options.max_bytes_for_level_multiplier_addtl[4]: 1
2020/01/23-12:25:39.187357 7f82c1ef3700 Options.max_bytes_for_level_multiplier_addtl[5]: 1
2020/01/23-12:25:39.187359 7f82c1ef3700 Options.max_bytes_for_level_multiplier_addtl[6]: 1
2020/01/23-12:25:39.187361 7f82c1ef3700       Options.max_sequential_skip_in_iterations: 8
2020/01/23-12:25:39.187364 7f82c1ef3700                    Options.max_compaction_bytes: 1677721600
2020/01/23-12:25:39.187366 7f82c1ef3700                        Options.arena_block_size: 16777216
2020/01/23-12:25:39.187369 7f82c1ef3700   Options.soft_pending_compaction_bytes_limit: 68719476736
2020/01/23-12:25:39.187371 7f82c1ef3700   Options.hard_pending_compaction_bytes_limit: 274877906944
2020/01/23-12:25:39.187374 7f82c1ef3700       Options.rate_limit_delay_max_milliseconds: 100
2020/01/23-12:25:39.187376 7f82c1ef3700                Options.disable_auto_compactions: 0
2020/01/23-12:25:39.187379 7f82c1ef3700                      Options.allow_trivial_move: 0
2020/01/23-12:25:39.187381 7f82c1ef3700                      Options.vlog_direct_IO: 0
2020/01/23-12:25:39.187383 7f82c1ef3700               Options.compaction_score_limit_L0: 1000.000000
2020/01/23-12:25:39.187388 7f82c1ef3700                     Options.min_indirect_val_size[0]: 24
2020/01/23-12:25:39.187391 7f82c1ef3700       Options.fraction_remapped_during_compaction[0]: 20
2020/01/23-12:25:39.187393 7f82c1ef3700 Options.fraction_remapped_during_active_recycling[0]: 15
2020/01/23-12:25:39.187396 7f82c1ef3700    Options.fragmentation_active_recycling_trigger[0]: 25
2020/01/23-12:25:39.187398 7f82c1ef3700     Options.fragmentation_active_recycling_klaxon[0]: 50
2020/01/23-12:25:39.187400 7f82c1ef3700                Options.active_recycling_sst_minct[0]: 5
2020/01/23-12:25:39.187403 7f82c1ef3700                Options.active_recycling_sst_maxct[0]: 15
2020/01/23-12:25:39.187405 7f82c1ef3700       Options.active_recycling_vlogfile_freed_min[0]: 7
2020/01/23-12:25:39.187408 7f82c1ef3700    Options.active_recycling_size_trigger[0]: 1073741824
2020/01/23-12:25:39.187410 7f82c1ef3700                         Options.vlogfile_max_size[0]: 16777216
2020/01/23-12:25:39.187413 7f82c1ef3700          Options.compaction_picker_age_importance[0]: 100
2020/01/23-12:25:39.187416 7f82c1ef3700                    Options.ring_compression_style[0]: Zlib
2020/01/23-12:25:39.187420 7f82c1ef3700                        Options.compaction_style: kCompactionStyleLevel
2020/01/23-12:25:39.187423 7f82c1ef3700                          Options.compaction_pri: kMinOverlappingRatio
2020/01/23-12:25:39.187426 7f82c1ef3700 Options.compaction_options_universal.size_ratio: 1
2020/01/23-12:25:39.187428 7f82c1ef3700 Options.compaction_options_universal.min_merge_width: 2
2020/01/23-12:25:39.187430 7f82c1ef3700 Options.compaction_options_universal.max_merge_width: 4294967295
2020/01/23-12:25:39.187446 7f82c1ef3700 Options.compaction_options_universal.max_size_amplification_percent: 200
2020/01/23-12:25:39.187450 7f82c1ef3700 Options.compaction_options_universal.compression_size_percent: -1
2020/01/23-12:25:39.187453 7f82c1ef3700 Options.compaction_options_universal.stop_style: kCompactionStopStyleTotalSize
2020/01/23-12:25:39.187456 7f82c1ef3700 Options.compaction_options_fifo.max_table_files_size: 1073741824
2020/01/23-12:25:39.187458 7f82c1ef3700 Options.compaction_options_fifo.allow_compaction: 0
2020/01/23-12:25:39.187460 7f82c1ef3700                   Options.table_properties_collectors: 
2020/01/23-12:25:39.187463 7f82c1ef3700                   Options.inplace_update_support: 0
2020/01/23-12:25:39.187465 7f82c1ef3700                 Options.inplace_update_num_locks: 10000
2020/01/23-12:25:39.187467 7f82c1ef3700               Options.memtable_prefix_bloom_size_ratio: 0.000000
2020/01/23-12:25:39.187471 7f82c1ef3700               Options.memtable_whole_key_filtering: 0
2020/01/23-12:25:39.187473 7f82c1ef3700   Options.memtable_huge_page_size: 0
2020/01/23-12:25:39.187476 7f82c1ef3700                           Options.bloom_locality: 0
2020/01/23-12:25:39.187478 7f82c1ef3700                    Options.max_successive_merges: 0
2020/01/23-12:25:39.187480 7f82c1ef3700                Options.optimize_filters_for_hits: 0
2020/01/23-12:25:39.187482 7f82c1ef3700                Options.paranoid_file_checks: 0
2020/01/23-12:25:39.187485 7f82c1ef3700                Options.force_consistency_checks: 0
2020/01/23-12:25:39.187487 7f82c1ef3700                Options.report_bg_io_stats: 0
2020/01/23-12:25:39.187489 7f82c1ef3700                               Options.ttl: 0
2020/01/23-12:25:39.187589 7f82c1ef3700 [/db_impl.cc:1821] Created column family [usertable] (ID 1)
2020/01/23-12:25:39.277681 7f82c1ef3700 DB pointer 0x7f820009dc40
2020/01/23-12:25:39.278582 7f8131ffb700 [/db_impl.cc:777] ------- DUMPING STATS -------
2020/01/23-12:25:39.278730 7f8131ffb700 [/db_impl.cc:778] 
** DB Stats **
Uptime(secs): 0.2 total, 0.2 interval
Cumulative writes: 0 writes, 0 keys, 0 commit groups, 0.0 writes per commit group, ingest: 0.00 GB, 0.00 MB/s
Cumulative WAL: 0 writes, 0 syncs, 0.00 writes per sync, written: 0.00 GB, 0.00 MB/s
Cumulative stall: 00:00:0.000 H:M:S, 0.0 percent
Interval writes: 0 writes, 0 keys, 0 commit groups, 0.0 writes per commit group, ingest: 0.00 MB, 0.00 MB/s
Interval WAL: 0 writes, 0 syncs, 0.00 writes per sync, written: 0.00 MB, 0.00 MB/s
Interval stall: 00:00:0.000 H:M:S, 0.0 percent

** Compaction Stats [default] **
Level    Files   Size     Score Read(GB)  Rn(GB) Rnp1(GB) Write(GB) Wnew(GB) Moved(GB) W-Amp Rd(MB/s) Wr(MB/s) Comp(sec) CompMergeCPU(sec) Comp(cnt) Avg(sec) KeyIn KeyDropWVCmp(GB) WVRaw(GB) WVRemap(GB) WVFiles
-------------------------------------------------------------------------------------------------------------------------------------------------------------------------------------------------------------------
 Sum      0/0    0.00 KB   0.0      0.0     0.0      0.0       0.0      0.0       0.0   0.0      0.0      0.0      0.00              0.00         0    0.000       0      0      0.0      0.0        0.0       0
 Int      0/0    0.00 KB   0.0      0.0     0.0      0.0       0.0      0.0       0.0   0.0      0.0      0.0      0.00              0.00         0    0.000       0      0      0.0      0.0        0.0       0

** Compaction Stats [default] **
Priority    Files   Size     Score Read(GB)  Rn(GB) Rnp1(GB) Write(GB) Wnew(GB) Moved(GB) W-Amp Rd(MB/s) Wr(MB/s) Comp(sec) CompMergeCPU(sec) Comp(cnt) Avg(sec) KeyIn KeyDropWVCmp(GB) WVRaw(GB) WVRemap(GB) WVFiles
----------------------------------------------------------------------------------------------------------------------------------------------------------------------------------------------------------------------
Uptime(secs): 0.2 total, 0.2 interval
Flush(GB): cumulative 0.000, interval 0.000
AddFile(GB): cumulative 0.000, interval 0.000
AddFile(Total Files): cumulative 0, interval 0
AddFile(L0 Files): cumulative 0, interval 0
AddFile(Keys): cumulative 0, interval 0
Cumulative compaction: 0.00 GB write, 0.00 MB/s write, 0.00 GB read, 0.00 MB/s read, 0.0 seconds
Interval compaction: 0.00 GB write, 0.00 MB/s write, 0.00 GB read, 0.00 MB/s read, 0.0 seconds
Stalls(count): 0 level0_slowdown, 0 level0_slowdown_with_compaction, 0 level0_numfiles, 0 level0_numfiles_with_compaction, 0 stop for pending_compaction_bytes, 0 slowdown for pending_compaction_bytes, 0 memtable_compaction, 0 memtable_slowdown, interval 0 total count

** Compaction Ring Stats [default] **
Ring  Files   Size  Frag(%)
----------------------------
 Sum        0  0.00 KB  -nan 
VLog Read Latency over 0 reads with average length 0:   0.000 usec
VLog Decompress Latency over 0 reads with average length 0:   0.000 usec

** File Read Latency Histogram By Level [default] **

** Compaction Stats [usertable] **
Level    Files   Size     Score Read(GB)  Rn(GB) Rnp1(GB) Write(GB) Wnew(GB) Moved(GB) W-Amp Rd(MB/s) Wr(MB/s) Comp(sec) CompMergeCPU(sec) Comp(cnt) Avg(sec) KeyIn KeyDropWVCmp(GB) WVRaw(GB) WVRemap(GB) WVFiles
-------------------------------------------------------------------------------------------------------------------------------------------------------------------------------------------------------------------
 Sum      0/0    0.00 KB   0.0      0.0     0.0      0.0       0.0      0.0       0.0   0.0      0.0      0.0      0.00              0.00         0    0.000       0      0      0.0      0.0        0.0       0
 Int      0/0    0.00 KB   0.0      0.0     0.0      0.0       0.0      0.0       0.0   0.0      0.0      0.0      0.00              0.00         0    0.000       0      0      0.0      0.0        0.0       0

** Compaction Stats [usertable] **
Priority    Files   Size     Score Read(GB)  Rn(GB) Rnp1(GB) Write(GB) Wnew(GB) Moved(GB) W-Amp Rd(MB/s) Wr(MB/s) Comp(sec) CompMergeCPU(sec) Comp(cnt) Avg(sec) KeyIn KeyDropWVCmp(GB) WVRaw(GB) WVRemap(GB) WVFiles
----------------------------------------------------------------------------------------------------------------------------------------------------------------------------------------------------------------------
Uptime(secs): 0.1 total, 0.1 interval
Flush(GB): cumulative 0.000, interval 0.000
AddFile(GB): cumulative 0.000, interval 0.000
AddFile(Total Files): cumulative 0, interval 0
AddFile(L0 Files): cumulative 0, interval 0
AddFile(Keys): cumulative 0, interval 0
Cumulative compaction: 0.00 GB write, 0.00 MB/s write, 0.00 GB read, 0.00 MB/s read, 0.0 seconds
Interval compaction: 0.00 GB write, 0.00 MB/s write, 0.00 GB read, 0.00 MB/s read, 0.0 seconds
Stalls(count): 0 level0_slowdown, 0 level0_slowdown_with_compaction, 0 level0_numfiles, 0 level0_numfiles_with_compaction, 0 stop for pending_compaction_bytes, 0 slowdown for pending_compaction_bytes, 0 memtable_compaction, 0 memtable_slowdown, interval 0 total count

** Compaction Ring Stats [usertable] **
Ring  Files   Size  Frag(%)
----------------------------
 Sum        0  0.00 KB  -nan 
VLog Read Latency over 0 reads with average length 0:   0.000 usec
VLog Decompress Latency over 0 reads with average length 0:   0.000 usec

** File Read Latency Histogram By Level [usertable] **

** Compaction Stats [default] **
Level    Files   Size     Score Read(GB)  Rn(GB) Rnp1(GB) Write(GB) Wnew(GB) Moved(GB) W-Amp Rd(MB/s) Wr(MB/s) Comp(sec) CompMergeCPU(sec) Comp(cnt) Avg(sec) KeyIn KeyDropWVCmp(GB) WVRaw(GB) WVRemap(GB) WVFiles
-------------------------------------------------------------------------------------------------------------------------------------------------------------------------------------------------------------------
 Sum      0/0    0.00 KB   0.0      0.0     0.0      0.0       0.0      0.0       0.0   0.0      0.0      0.0      0.00              0.00         0    0.000       0      0      0.0      0.0        0.0       0
 Int      0/0    0.00 KB   0.0      0.0     0.0      0.0       0.0      0.0       0.0   0.0      0.0      0.0      0.00              0.00         0    0.000       0      0      0.0      0.0        0.0       0

** Compaction Stats [default] **
Priority    Files   Size     Score Read(GB)  Rn(GB) Rnp1(GB) Write(GB) Wnew(GB) Moved(GB) W-Amp Rd(MB/s) Wr(MB/s) Comp(sec) CompMergeCPU(sec) Comp(cnt) Avg(sec) KeyIn KeyDropWVCmp(GB) WVRaw(GB) WVRemap(GB) WVFiles
----------------------------------------------------------------------------------------------------------------------------------------------------------------------------------------------------------------------
Uptime(secs): 0.2 total, 0.0 interval
Flush(GB): cumulative 0.000, interval 0.000
AddFile(GB): cumulative 0.000, interval 0.000
AddFile(Total Files): cumulative 0, interval 0
AddFile(L0 Files): cumulative 0, interval 0
AddFile(Keys): cumulative 0, interval 0
Cumulative compaction: 0.00 GB write, 0.00 MB/s write, 0.00 GB read, 0.00 MB/s read, 0.0 seconds
Interval compaction: 0.00 GB write, 0.00 MB/s write, 0.00 GB read, 0.00 MB/s read, 0.0 seconds
Stalls(count): 0 level0_slowdown, 0 level0_slowdown_with_compaction, 0 level0_numfiles, 0 level0_numfiles_with_compaction, 0 stop for pending_compaction_bytes, 0 slowdown for pending_compaction_bytes, 0 memtable_compaction, 0 memtable_slowdown, interval 0 total count

** Compaction Ring Stats [default] **
Ring  Files   Size  Frag(%)
----------------------------
 Sum        0  0.00 KB  -nan 
VLog Read Latency over 0 reads with average length 0:   0.000 usec
VLog Decompress Latency over 0 reads with average length 0:   0.000 usec

** File Read Latency Histogram By Level [default] **

** Compaction Stats [usertable] **
Level    Files   Size     Score Read(GB)  Rn(GB) Rnp1(GB) Write(GB) Wnew(GB) Moved(GB) W-Amp Rd(MB/s) Wr(MB/s) Comp(sec) CompMergeCPU(sec) Comp(cnt) Avg(sec) KeyIn KeyDropWVCmp(GB) WVRaw(GB) WVRemap(GB) WVFiles
-------------------------------------------------------------------------------------------------------------------------------------------------------------------------------------------------------------------
 Sum      0/0    0.00 KB   0.0      0.0     0.0      0.0       0.0      0.0       0.0   0.0      0.0      0.0      0.00              0.00         0    0.000       0      0      0.0      0.0        0.0       0
 Int      0/0    0.00 KB   0.0      0.0     0.0      0.0       0.0      0.0       0.0   0.0      0.0      0.0      0.00              0.00         0    0.000       0      0      0.0      0.0        0.0       0

** Compaction Stats [usertable] **
Priority    Files   Size     Score Read(GB)  Rn(GB) Rnp1(GB) Write(GB) Wnew(GB) Moved(GB) W-Amp Rd(MB/s) Wr(MB/s) Comp(sec) CompMergeCPU(sec) Comp(cnt) Avg(sec) KeyIn KeyDropWVCmp(GB) WVRaw(GB) WVRemap(GB) WVFiles
----------------------------------------------------------------------------------------------------------------------------------------------------------------------------------------------------------------------
Uptime(secs): 0.1 total, 0.0 interval
Flush(GB): cumulative 0.000, interval 0.000
AddFile(GB): cumulative 0.000, interval 0.000
AddFile(Total Files): cumulative 0, interval 0
AddFile(L0 Files): cumulative 0, interval 0
AddFile(Keys): cumulative 0, interval 0
Cumulative compaction: 0.00 GB write, 0.00 MB/s write, 0.00 GB read, 0.00 MB/s read, 0.0 seconds
Interval compaction: 0.00 GB write, 0.00 MB/s write, 0.00 GB read, 0.00 MB/s read, 0.0 seconds
Stalls(count): 0 level0_slowdown, 0 level0_slowdown_with_compaction, 0 level0_numfiles, 0 level0_numfiles_with_compaction, 0 stop for pending_compaction_bytes, 0 slowdown for pending_compaction_bytes, 0 memtable_compaction, 0 memtable_slowdown, interval 0 total count

** Compaction Ring Stats [usertable] **
Ring  Files   Size  Frag(%)
----------------------------
 Sum        0  0.00 KB  -nan 
VLog Read Latency over 0 reads with average length 0:   0.000 usec
VLog Decompress Latency over 0 reads with average length 0:   0.000 usec

** File Read Latency Histogram By Level [usertable] **
2020/01/23-12:25:48.071101 7f82a87f8700 [/db_impl_write.cc:1470] [usertable] New memtable created with log file: #9. Immutable memtables: 0.
2020/01/23-12:25:56.859356 7f82b07f8700 [/db_impl_write.cc:1470] [usertable] New memtable created with log file: #10. Immutable memtables: 1.
2020/01/23-12:25:56.860406 7f81717fa700 [/db_impl_compaction_flush.cc:108] [JOB 44] Syncing log #3
2020/01/23-12:25:57.104421 7f81717fa700 [/db_impl_compaction_flush.cc:108] [JOB 44] Syncing log #9
2020/01/23-12:25:57.604809 7f81717fa700 (Original Log Time 2020/01/23-12:25:56.860204) [/db_impl_compaction_flush.cc:2087] Calling FlushMemTableToOutputFile with column family [usertable], flush slots available 24, compaction slots available 1, flush slots scheduled 24, compaction slots scheduled 0
2020/01/23-12:25:57.604834 7f81717fa700 [/flush_job.cc:325] [usertable] [JOB 44] Flushing memtable with next log file: 9
2020/01/23-12:25:57.604880 7f81717fa700 [/flush_job.cc:325] [usertable] [JOB 44] Flushing memtable with next log file: 10
2020/01/23-12:25:57.605053 7f81717fa700 EVENT_LOG_v1 {"time_micros": 1579811157605008, "job": 44, "event": "flush_started", "num_memtables": 2, "num_entries": 61519, "num_deletes": 0, "total_data_size": 253642837, "memory_usage": 260132944, "flush_reason": "Write Buffer Full"}
2020/01/23-12:25:57.605070 7f81717fa700 [/flush_job.cc:354] [usertable] [JOB 44] Level-0 flush table #11: started
