2020/01/18-20:08:53.812384 7f9630cfb700 RocksDB version: 6.1.2
2020/01/18-20:08:53.812497 7f9630cfb700 Git sha rocksdb_build_git_sha:4f1920556570c04d306d3ff0aa9a33db259bb8f0
2020/01/18-20:08:53.812504 7f9630cfb700 Compile date Jan  7 2020
2020/01/18-20:08:53.812522 7f9630cfb700 DB SUMMARY
2020/01/18-20:08:53.813437 7f9630cfb700 CURRENT file:  CURRENT
2020/01/18-20:08:53.813444 7f9630cfb700 IDENTITY file:  IDENTITY
2020/01/18-20:08:53.813473 7f9630cfb700 MANIFEST file:  MANIFEST-000004 size: 94873 Bytes
2020/01/18-20:08:53.813480 7f9630cfb700 SST files in /mnt/sdc/mbwu-rocksdb-data dir, Total Num: 613, files: 000011.sst 000014.sst 000017.sst 000020.sst 000023.sst 000026.sst 000036.sst 000037.sst 000038.sst 
2020/01/18-20:08:53.813484 7f9630cfb700 Write Ahead Log file in /mnt/sdc/mbwu-rocksdb-data: 001171.log size: 127228729 ; 001173.log size: 76808648 ; 
2020/01/18-20:08:53.813495 7f9630cfb700                         Options.error_if_exists: 0
2020/01/18-20:08:53.813499 7f9630cfb700                       Options.create_if_missing: 1
2020/01/18-20:08:53.813501 7f9630cfb700                         Options.paranoid_checks: 1
2020/01/18-20:08:53.813504 7f9630cfb700                                     Options.env: 0x7f96309e1ba0
2020/01/18-20:08:53.813506 7f9630cfb700                                Options.info_log: 0x7f95540a5bc0
2020/01/18-20:08:53.813509 7f9630cfb700                Options.max_file_opening_threads: 16
2020/01/18-20:08:53.813511 7f9630cfb700                              Options.statistics: (nil)
2020/01/18-20:08:53.813514 7f9630cfb700                               Options.use_fsync: 0
2020/01/18-20:08:53.813516 7f9630cfb700                       Options.max_log_file_size: 0
2020/01/18-20:08:53.813519 7f9630cfb700                  Options.max_manifest_file_size: 1073741824
2020/01/18-20:08:53.813521 7f9630cfb700                   Options.log_file_time_to_roll: 0
2020/01/18-20:08:53.813524 7f9630cfb700                       Options.keep_log_file_num: 1000
2020/01/18-20:08:53.813526 7f9630cfb700                    Options.recycle_log_file_num: 0
2020/01/18-20:08:53.813528 7f9630cfb700                         Options.allow_fallocate: 1
2020/01/18-20:08:53.813531 7f9630cfb700                        Options.allow_mmap_reads: 0
2020/01/18-20:08:53.813533 7f9630cfb700                       Options.allow_mmap_writes: 0
2020/01/18-20:08:53.813535 7f9630cfb700                        Options.use_direct_reads: 0
2020/01/18-20:08:53.813538 7f9630cfb700                        Options.use_direct_io_for_flush_and_compaction: 0
2020/01/18-20:08:53.813540 7f9630cfb700          Options.create_missing_column_families: 1
2020/01/18-20:08:53.813542 7f9630cfb700                              Options.db_log_dir: 
2020/01/18-20:08:53.813545 7f9630cfb700                                 Options.wal_dir: /mnt/sdc/mbwu-rocksdb-data
2020/01/18-20:08:53.813547 7f9630cfb700                Options.table_cache_numshardbits: 6
2020/01/18-20:08:53.813550 7f9630cfb700                      Options.max_subcompactions: 1
2020/01/18-20:08:53.813552 7f9630cfb700                  Options.max_background_flushes: 24
2020/01/18-20:08:53.813554 7f9630cfb700                         Options.WAL_ttl_seconds: 0
2020/01/18-20:08:53.813557 7f9630cfb700                       Options.WAL_size_limit_MB: 0
2020/01/18-20:08:53.813559 7f9630cfb700             Options.manifest_preallocation_size: 4194304
2020/01/18-20:08:53.813561 7f9630cfb700                     Options.is_fd_close_on_exec: 1
2020/01/18-20:08:53.813564 7f9630cfb700                   Options.advise_random_on_open: 1
2020/01/18-20:08:53.813566 7f9630cfb700                    Options.db_write_buffer_size: 0
2020/01/18-20:08:53.813568 7f9630cfb700                    Options.write_buffer_manager: 0x7f9554097120
2020/01/18-20:08:53.813571 7f9630cfb700         Options.access_hint_on_compaction_start: 1
2020/01/18-20:08:53.813573 7f9630cfb700  Options.new_table_reader_for_compaction_inputs: 0
2020/01/18-20:08:53.813575 7f9630cfb700           Options.random_access_max_buffer_size: 1048576
2020/01/18-20:08:53.813578 7f9630cfb700                      Options.use_adaptive_mutex: 0
2020/01/18-20:08:53.813608 7f9630cfb700                            Options.rate_limiter: (nil)
2020/01/18-20:08:53.813615 7f9630cfb700     Options.sst_file_manager.rate_bytes_per_sec: 0
2020/01/18-20:08:53.813617 7f9630cfb700                       Options.wal_recovery_mode: 2
2020/01/18-20:08:53.813619 7f9630cfb700                  Options.enable_thread_tracking: 0
2020/01/18-20:08:53.813622 7f9630cfb700                  Options.enable_pipelined_write: 0
2020/01/18-20:08:53.813624 7f9630cfb700         Options.allow_concurrent_memtable_write: 1
2020/01/18-20:08:53.813626 7f9630cfb700      Options.enable_write_thread_adaptive_yield: 1
2020/01/18-20:08:53.813629 7f9630cfb700             Options.write_thread_max_yield_usec: 100
2020/01/18-20:08:53.813631 7f9630cfb700            Options.write_thread_slow_yield_usec: 3
2020/01/18-20:08:53.813633 7f9630cfb700                               Options.row_cache: None
2020/01/18-20:08:53.813636 7f9630cfb700                              Options.wal_filter: None
2020/01/18-20:08:53.813638 7f9630cfb700             Options.avoid_flush_during_recovery: 0
2020/01/18-20:08:53.813641 7f9630cfb700             Options.allow_ingest_behind: 0
2020/01/18-20:08:53.813643 7f9630cfb700             Options.preserve_deletes: 0
2020/01/18-20:08:53.813645 7f9630cfb700             Options.two_write_queues: 0
2020/01/18-20:08:53.813647 7f9630cfb700             Options.manual_wal_flush: 0
2020/01/18-20:08:53.813650 7f9630cfb700             Options.atomic_flush: 0
2020/01/18-20:08:53.813652 7f9630cfb700             Options.avoid_unnecessary_blocking_io: 0
2020/01/18-20:08:53.813656 7f9630cfb700             Options.max_background_jobs: 24
2020/01/18-20:08:53.813659 7f9630cfb700             Options.max_background_compactions: 24
2020/01/18-20:08:53.813661 7f9630cfb700             Options.avoid_flush_during_shutdown: 0
2020/01/18-20:08:53.813663 7f9630cfb700           Options.writable_file_max_buffer_size: 1048576
2020/01/18-20:08:53.813666 7f9630cfb700             Options.delayed_write_rate : 16777216
2020/01/18-20:08:53.813668 7f9630cfb700             Options.max_total_wal_size: 0
2020/01/18-20:08:53.813671 7f9630cfb700             Options.delete_obsolete_files_period_micros: 21600000000
2020/01/18-20:08:53.813673 7f9630cfb700                   Options.stats_dump_period_sec: 600
2020/01/18-20:08:53.813676 7f9630cfb700                 Options.stats_persist_period_sec: 600
2020/01/18-20:08:53.813678 7f9630cfb700                 Options.stats_history_buffer_size: 1048576
2020/01/18-20:08:53.813680 7f9630cfb700                          Options.max_open_files: -1
2020/01/18-20:08:53.813683 7f9630cfb700                          Options.bytes_per_sync: 1048576
2020/01/18-20:08:53.813685 7f9630cfb700                      Options.wal_bytes_per_sync: 0
2020/01/18-20:08:53.813688 7f9630cfb700       Options.compaction_readahead_size: 0
2020/01/18-20:08:53.813690 7f9630cfb700 Compression algorithms supported:
2020/01/18-20:08:53.813693 7f9630cfb700 	kZSTDNotFinalCompression supported: 1
2020/01/18-20:08:53.813710 7f9630cfb700 	kZSTD supported: 1
2020/01/18-20:08:53.813713 7f9630cfb700 	kXpressCompression supported: 0
2020/01/18-20:08:53.813716 7f9630cfb700 	kLZ4HCCompression supported: 1
2020/01/18-20:08:53.813718 7f9630cfb700 	kLZ4Compression supported: 1
2020/01/18-20:08:53.813721 7f9630cfb700 	kBZip2Compression supported: 1
2020/01/18-20:08:53.813723 7f9630cfb700 	kZlibCompression supported: 1
2020/01/18-20:08:53.813726 7f9630cfb700 	kSnappyCompression supported: 1
2020/01/18-20:08:53.813734 7f9630cfb700 Fast CRC32 supported: Supported on x86
2020/01/18-20:08:53.814555 7f9630cfb700 [/version_set.cc:3742] Recovering from manifest file: /mnt/sdc/mbwu-rocksdb-data/MANIFEST-000004
2020/01/18-20:08:53.814864 7f9630cfb700 [/column_family.cc:698] --------------- Options for column family [default]:
2020/01/18-20:08:53.814874 7f9630cfb700               Options.comparator: leveldb.BytewiseComparator
2020/01/18-20:08:53.814877 7f9630cfb700           Options.merge_operator: None
2020/01/18-20:08:53.814880 7f9630cfb700        Options.compaction_filter: None
2020/01/18-20:08:53.814915 7f9630cfb700        Options.compaction_filter_factory: None
2020/01/18-20:08:53.814919 7f9630cfb700         Options.memtable_factory: SkipListFactory
2020/01/18-20:08:53.814922 7f9630cfb700            Options.table_factory: BlockBasedTable
2020/01/18-20:08:53.814968 7f9630cfb700            table_factory options:   flush_block_policy_factory: FlushBlockBySizePolicyFactory (0x7f9554097300)
  cache_index_and_filter_blocks: 0
  cache_index_and_filter_blocks_with_high_priority: 0
  pin_l0_filter_and_index_blocks_in_cache: 0
  pin_top_level_index_and_filter: 1
  index_type: 0
  data_block_index_type: 0
  data_block_hash_table_util_ratio: 0.750000
  hash_index_allow_collision: 1
  checksum: 1
  no_block_cache: 0
  block_cache: 0x7f95540981b0
  block_cache_name: LRUCache
  block_cache_options:
    capacity : 8388608
    num_shard_bits : 4
    strict_capacity_limit : 0
    memory_allocator : None
    high_pri_pool_ratio: 0.000
  block_cache_compressed: (nil)
  persistent_cache: (nil)
  block_size: 8192
  block_size_deviation: 10
  block_restart_interval: 16
  index_block_restart_interval: 1
  metadata_block_size: 4096
  partition_filters: 0
  use_delta_encoding: 1
  filter_policy: nullptr
  whole_key_filtering: 1
  verify_compression: 0
  read_amp_bytes_per_bit: 0
  format_version: 2
  enable_index_compression: 1
  block_align: 0
2020/01/18-20:08:53.814973 7f9630cfb700        Options.write_buffer_size: 134217728
2020/01/18-20:08:53.814976 7f9630cfb700  Options.max_write_buffer_number: 8
2020/01/18-20:08:53.814979 7f9630cfb700        Options.compression[0]: NoCompression
2020/01/18-20:08:53.814982 7f9630cfb700        Options.compression[1]: NoCompression
2020/01/18-20:08:53.814985 7f9630cfb700        Options.compression[2]: Snappy
2020/01/18-20:08:53.814987 7f9630cfb700        Options.compression[3]: Snappy
2020/01/18-20:08:53.814990 7f9630cfb700        Options.compression[4]: Snappy
2020/01/18-20:08:53.814992 7f9630cfb700        Options.compression[5]: Snappy
2020/01/18-20:08:53.814995 7f9630cfb700        Options.compression[6]: Snappy
2020/01/18-20:08:53.814997 7f9630cfb700                  Options.bottommost_compression: Disabled
2020/01/18-20:08:53.814999 7f9630cfb700       Options.prefix_extractor: nullptr
2020/01/18-20:08:53.815002 7f9630cfb700   Options.memtable_insert_with_hint_prefix_extractor: nullptr
2020/01/18-20:08:53.815004 7f9630cfb700             Options.num_levels: 6
2020/01/18-20:08:53.815007 7f9630cfb700        Options.min_write_buffer_number_to_merge: 2
2020/01/18-20:08:53.815009 7f9630cfb700     Options.max_write_buffer_number_to_maintain: 0
2020/01/18-20:08:53.815012 7f9630cfb700            Options.bottommost_compression_opts.window_bits: -14
2020/01/18-20:08:53.815014 7f9630cfb700                  Options.bottommost_compression_opts.level: 32767
2020/01/18-20:08:53.815017 7f9630cfb700               Options.bottommost_compression_opts.strategy: 0
2020/01/18-20:08:53.815019 7f9630cfb700         Options.bottommost_compression_opts.max_dict_bytes: 0
2020/01/18-20:08:53.815022 7f9630cfb700         Options.bottommost_compression_opts.zstd_max_train_bytes: 0
2020/01/18-20:08:53.815024 7f9630cfb700                  Options.bottommost_compression_opts.enabled: false
2020/01/18-20:08:53.815027 7f9630cfb700            Options.compression_opts.window_bits: -14
2020/01/18-20:08:53.815029 7f9630cfb700                  Options.compression_opts.level: 32767
2020/01/18-20:08:53.815032 7f9630cfb700               Options.compression_opts.strategy: 0
2020/01/18-20:08:53.815034 7f9630cfb700         Options.compression_opts.max_dict_bytes: 0
2020/01/18-20:08:53.815036 7f9630cfb700         Options.compression_opts.zstd_max_train_bytes: 0
2020/01/18-20:08:53.815038 7f9630cfb700                  Options.compression_opts.enabled: false
2020/01/18-20:08:53.815041 7f9630cfb700      Options.level0_file_num_compaction_trigger: 4
2020/01/18-20:08:53.815043 7f9630cfb700          Options.level0_slowdown_writes_trigger: 20
2020/01/18-20:08:53.815046 7f9630cfb700              Options.level0_stop_writes_trigger: 36
2020/01/18-20:08:53.815064 7f9630cfb700                   Options.target_file_size_base: 67108864
2020/01/18-20:08:53.815068 7f9630cfb700             Options.target_file_size_multiplier: 1
2020/01/18-20:08:53.815070 7f9630cfb700                Options.max_bytes_for_level_base: 536870912
2020/01/18-20:08:53.815073 7f9630cfb700 Options.level_compaction_dynamic_level_bytes: 1
2020/01/18-20:08:53.815075 7f9630cfb700          Options.max_bytes_for_level_multiplier: 8.000000
2020/01/18-20:08:53.815079 7f9630cfb700 Options.max_bytes_for_level_multiplier_addtl[0]: 1
2020/01/18-20:08:53.815082 7f9630cfb700 Options.max_bytes_for_level_multiplier_addtl[1]: 1
2020/01/18-20:08:53.815084 7f9630cfb700 Options.max_bytes_for_level_multiplier_addtl[2]: 1
2020/01/18-20:08:53.815086 7f9630cfb700 Options.max_bytes_for_level_multiplier_addtl[3]: 1
2020/01/18-20:08:53.815089 7f9630cfb700 Options.max_bytes_for_level_multiplier_addtl[4]: 1
2020/01/18-20:08:53.815091 7f9630cfb700 Options.max_bytes_for_level_multiplier_addtl[5]: 1
2020/01/18-20:08:53.815093 7f9630cfb700 Options.max_bytes_for_level_multiplier_addtl[6]: 1
2020/01/18-20:08:53.815096 7f9630cfb700       Options.max_sequential_skip_in_iterations: 8
2020/01/18-20:08:53.815098 7f9630cfb700                    Options.max_compaction_bytes: 1677721600
2020/01/18-20:08:53.815100 7f9630cfb700                        Options.arena_block_size: 16777216
2020/01/18-20:08:53.815103 7f9630cfb700   Options.soft_pending_compaction_bytes_limit: 68719476736
2020/01/18-20:08:53.815105 7f9630cfb700   Options.hard_pending_compaction_bytes_limit: 274877906944
2020/01/18-20:08:53.815108 7f9630cfb700       Options.rate_limit_delay_max_milliseconds: 100
2020/01/18-20:08:53.815110 7f9630cfb700                Options.disable_auto_compactions: 0
2020/01/18-20:08:53.815113 7f9630cfb700                      Options.allow_trivial_move: 0
2020/01/18-20:08:53.815115 7f9630cfb700                      Options.vlog_direct_IO: 0
2020/01/18-20:08:53.815117 7f9630cfb700               Options.compaction_score_limit_L0: 1000.000000
2020/01/18-20:08:53.815122 7f9630cfb700                     Options.min_indirect_val_size[0]: 24
2020/01/18-20:08:53.815125 7f9630cfb700       Options.fraction_remapped_during_compaction[0]: 20
2020/01/18-20:08:53.815127 7f9630cfb700 Options.fraction_remapped_during_active_recycling[0]: 15
2020/01/18-20:08:53.815130 7f9630cfb700    Options.fragmentation_active_recycling_trigger[0]: 25
2020/01/18-20:08:53.815132 7f9630cfb700     Options.fragmentation_active_recycling_klaxon[0]: 50
2020/01/18-20:08:53.815135 7f9630cfb700                Options.active_recycling_sst_minct[0]: 5
2020/01/18-20:08:53.815137 7f9630cfb700                Options.active_recycling_sst_maxct[0]: 15
2020/01/18-20:08:53.815140 7f9630cfb700       Options.active_recycling_vlogfile_freed_min[0]: 7
2020/01/18-20:08:53.815142 7f9630cfb700    Options.active_recycling_size_trigger[0]: 1073741824
2020/01/18-20:08:53.815145 7f9630cfb700                         Options.vlogfile_max_size[0]: 16777216
2020/01/18-20:08:53.815147 7f9630cfb700          Options.compaction_picker_age_importance[0]: 100
2020/01/18-20:08:53.815150 7f9630cfb700                    Options.ring_compression_style[0]: Zlib
2020/01/18-20:08:53.815154 7f9630cfb700                        Options.compaction_style: kCompactionStyleLevel
2020/01/18-20:08:53.815158 7f9630cfb700                          Options.compaction_pri: kMinOverlappingRatio
2020/01/18-20:08:53.815160 7f9630cfb700 Options.compaction_options_universal.size_ratio: 1
2020/01/18-20:08:53.815163 7f9630cfb700 Options.compaction_options_universal.min_merge_width: 2
2020/01/18-20:08:53.815165 7f9630cfb700 Options.compaction_options_universal.max_merge_width: 4294967295
2020/01/18-20:08:53.815168 7f9630cfb700 Options.compaction_options_universal.max_size_amplification_percent: 200
2020/01/18-20:08:53.815170 7f9630cfb700 Options.compaction_options_universal.compression_size_percent: -1
2020/01/18-20:08:53.815174 7f9630cfb700 Options.compaction_options_universal.stop_style: kCompactionStopStyleTotalSize
2020/01/18-20:08:53.815189 7f9630cfb700 Options.compaction_options_fifo.max_table_files_size: 1073741824
2020/01/18-20:08:53.815193 7f9630cfb700 Options.compaction_options_fifo.allow_compaction: 0
2020/01/18-20:08:53.815195 7f9630cfb700                   Options.table_properties_collectors: 
2020/01/18-20:08:53.815198 7f9630cfb700                   Options.inplace_update_support: 0
2020/01/18-20:08:53.815200 7f9630cfb700                 Options.inplace_update_num_locks: 10000
2020/01/18-20:08:53.815203 7f9630cfb700               Options.memtable_prefix_bloom_size_ratio: 0.000000
2020/01/18-20:08:53.815206 7f9630cfb700               Options.memtable_whole_key_filtering: 0
2020/01/18-20:08:53.815209 7f9630cfb700   Options.memtable_huge_page_size: 0
2020/01/18-20:08:53.815211 7f9630cfb700                           Options.bloom_locality: 0
2020/01/18-20:08:53.815214 7f9630cfb700                    Options.max_successive_merges: 0
2020/01/18-20:08:53.815216 7f9630cfb700                Options.optimize_filters_for_hits: 0
2020/01/18-20:08:53.815219 7f9630cfb700                Options.paranoid_file_checks: 0
2020/01/18-20:08:53.815221 7f9630cfb700                Options.force_consistency_checks: 0
2020/01/18-20:08:53.815223 7f9630cfb700                Options.report_bg_io_stats: 0
2020/01/18-20:08:53.815226 7f9630cfb700                               Options.ttl: 0
2020/01/18-20:08:53.815898 7f9630cfb700 [/column_family.cc:698] --------------- Options for column family [usertable]:
2020/01/18-20:08:53.815910 7f9630cfb700               Options.comparator: leveldb.BytewiseComparator
2020/01/18-20:08:53.815913 7f9630cfb700           Options.merge_operator: None
2020/01/18-20:08:53.815916 7f9630cfb700        Options.compaction_filter: None
2020/01/18-20:08:53.815918 7f9630cfb700        Options.compaction_filter_factory: None
2020/01/18-20:08:53.815920 7f9630cfb700         Options.memtable_factory: SkipListFactory
2020/01/18-20:08:53.815923 7f9630cfb700            Options.table_factory: BlockBasedTable
2020/01/18-20:08:53.815966 7f9630cfb700            table_factory options:   flush_block_policy_factory: FlushBlockBySizePolicyFactory (0x7f95540a7510)
  cache_index_and_filter_blocks: 0
  cache_index_and_filter_blocks_with_high_priority: 0
  pin_l0_filter_and_index_blocks_in_cache: 0
  pin_top_level_index_and_filter: 1
  index_type: 0
  data_block_index_type: 0
  data_block_hash_table_util_ratio: 0.750000
  hash_index_allow_collision: 1
  checksum: 1
  no_block_cache: 0
  block_cache: 0x7f95540a2940
  block_cache_name: LRUCache
  block_cache_options:
    capacity : 8388608
    num_shard_bits : 4
    strict_capacity_limit : 0
    memory_allocator : None
    high_pri_pool_ratio: 0.000
  block_cache_compressed: (nil)
  persistent_cache: (nil)
  block_size: 8192
  block_size_deviation: 10
  block_restart_interval: 16
  index_block_restart_interval: 1
  metadata_block_size: 4096
  partition_filters: 0
  use_delta_encoding: 1
  filter_policy: nullptr
  whole_key_filtering: 1
  verify_compression: 0
  read_amp_bytes_per_bit: 0
  format_version: 2
  enable_index_compression: 1
  block_align: 0
2020/01/18-20:08:53.815971 7f9630cfb700        Options.write_buffer_size: 134217728
2020/01/18-20:08:53.815974 7f9630cfb700  Options.max_write_buffer_number: 8
2020/01/18-20:08:53.815977 7f9630cfb700        Options.compression[0]: NoCompression
2020/01/18-20:08:53.815980 7f9630cfb700        Options.compression[1]: NoCompression
2020/01/18-20:08:53.815982 7f9630cfb700        Options.compression[2]: Snappy
2020/01/18-20:08:53.815985 7f9630cfb700        Options.compression[3]: Snappy
2020/01/18-20:08:53.815987 7f9630cfb700        Options.compression[4]: Snappy
2020/01/18-20:08:53.815990 7f9630cfb700        Options.compression[5]: Snappy
2020/01/18-20:08:53.815992 7f9630cfb700        Options.compression[6]: Snappy
2020/01/18-20:08:53.815995 7f9630cfb700                  Options.bottommost_compression: Disabled
2020/01/18-20:08:53.815997 7f9630cfb700       Options.prefix_extractor: nullptr
2020/01/18-20:08:53.815999 7f9630cfb700   Options.memtable_insert_with_hint_prefix_extractor: nullptr
2020/01/18-20:08:53.816035 7f9630cfb700             Options.num_levels: 6
2020/01/18-20:08:53.816039 7f9630cfb700        Options.min_write_buffer_number_to_merge: 2
2020/01/18-20:08:53.816042 7f9630cfb700     Options.max_write_buffer_number_to_maintain: 0
2020/01/18-20:08:53.816044 7f9630cfb700            Options.bottommost_compression_opts.window_bits: -14
2020/01/18-20:08:53.816046 7f9630cfb700                  Options.bottommost_compression_opts.level: 32767
2020/01/18-20:08:53.816049 7f9630cfb700               Options.bottommost_compression_opts.strategy: 0
2020/01/18-20:08:53.816051 7f9630cfb700         Options.bottommost_compression_opts.max_dict_bytes: 0
2020/01/18-20:08:53.816054 7f9630cfb700         Options.bottommost_compression_opts.zstd_max_train_bytes: 0
2020/01/18-20:08:53.816056 7f9630cfb700                  Options.bottommost_compression_opts.enabled: false
2020/01/18-20:08:53.816059 7f9630cfb700            Options.compression_opts.window_bits: -14
2020/01/18-20:08:53.816061 7f9630cfb700                  Options.compression_opts.level: 32767
2020/01/18-20:08:53.816064 7f9630cfb700               Options.compression_opts.strategy: 0
2020/01/18-20:08:53.816066 7f9630cfb700         Options.compression_opts.max_dict_bytes: 0
2020/01/18-20:08:53.816068 7f9630cfb700         Options.compression_opts.zstd_max_train_bytes: 0
2020/01/18-20:08:53.816071 7f9630cfb700                  Options.compression_opts.enabled: false
2020/01/18-20:08:53.816073 7f9630cfb700      Options.level0_file_num_compaction_trigger: 4
2020/01/18-20:08:53.816075 7f9630cfb700          Options.level0_slowdown_writes_trigger: 20
2020/01/18-20:08:53.816078 7f9630cfb700              Options.level0_stop_writes_trigger: 36
2020/01/18-20:08:53.816080 7f9630cfb700                   Options.target_file_size_base: 67108864
2020/01/18-20:08:53.816083 7f9630cfb700             Options.target_file_size_multiplier: 1
2020/01/18-20:08:53.816085 7f9630cfb700                Options.max_bytes_for_level_base: 536870912
2020/01/18-20:08:53.816087 7f9630cfb700 Options.level_compaction_dynamic_level_bytes: 1
2020/01/18-20:08:53.816090 7f9630cfb700          Options.max_bytes_for_level_multiplier: 8.000000
2020/01/18-20:08:53.816094 7f9630cfb700 Options.max_bytes_for_level_multiplier_addtl[0]: 1
2020/01/18-20:08:53.816097 7f9630cfb700 Options.max_bytes_for_level_multiplier_addtl[1]: 1
2020/01/18-20:08:53.816099 7f9630cfb700 Options.max_bytes_for_level_multiplier_addtl[2]: 1
2020/01/18-20:08:53.816102 7f9630cfb700 Options.max_bytes_for_level_multiplier_addtl[3]: 1
2020/01/18-20:08:53.816104 7f9630cfb700 Options.max_bytes_for_level_multiplier_addtl[4]: 1
2020/01/18-20:08:53.816106 7f9630cfb700 Options.max_bytes_for_level_multiplier_addtl[5]: 1
2020/01/18-20:08:53.816109 7f9630cfb700 Options.max_bytes_for_level_multiplier_addtl[6]: 1
2020/01/18-20:08:53.816111 7f9630cfb700       Options.max_sequential_skip_in_iterations: 8
2020/01/18-20:08:53.816113 7f9630cfb700                    Options.max_compaction_bytes: 1677721600
2020/01/18-20:08:53.816116 7f9630cfb700                        Options.arena_block_size: 16777216
2020/01/18-20:08:53.816118 7f9630cfb700   Options.soft_pending_compaction_bytes_limit: 68719476736
2020/01/18-20:08:53.816121 7f9630cfb700   Options.hard_pending_compaction_bytes_limit: 274877906944
2020/01/18-20:08:53.816123 7f9630cfb700       Options.rate_limit_delay_max_milliseconds: 100
2020/01/18-20:08:53.816126 7f9630cfb700                Options.disable_auto_compactions: 0
2020/01/18-20:08:53.816128 7f9630cfb700                      Options.allow_trivial_move: 0
2020/01/18-20:08:53.816130 7f9630cfb700                      Options.vlog_direct_IO: 0
2020/01/18-20:08:53.816132 7f9630cfb700               Options.compaction_score_limit_L0: 1000.000000
2020/01/18-20:08:53.816137 7f9630cfb700                     Options.min_indirect_val_size[0]: 24
2020/01/18-20:08:53.816140 7f9630cfb700       Options.fraction_remapped_during_compaction[0]: 20
2020/01/18-20:08:53.816143 7f9630cfb700 Options.fraction_remapped_during_active_recycling[0]: 15
2020/01/18-20:08:53.816160 7f9630cfb700    Options.fragmentation_active_recycling_trigger[0]: 25
2020/01/18-20:08:53.816164 7f9630cfb700     Options.fragmentation_active_recycling_klaxon[0]: 50
2020/01/18-20:08:53.816166 7f9630cfb700                Options.active_recycling_sst_minct[0]: 5
2020/01/18-20:08:53.816169 7f9630cfb700                Options.active_recycling_sst_maxct[0]: 15
2020/01/18-20:08:53.816171 7f9630cfb700       Options.active_recycling_vlogfile_freed_min[0]: 7
2020/01/18-20:08:53.816174 7f9630cfb700    Options.active_recycling_size_trigger[0]: 1073741824
2020/01/18-20:08:53.816176 7f9630cfb700                         Options.vlogfile_max_size[0]: 16777216
2020/01/18-20:08:53.816179 7f9630cfb700          Options.compaction_picker_age_importance[0]: 100
2020/01/18-20:08:53.816182 7f9630cfb700                    Options.ring_compression_style[0]: Zlib
2020/01/18-20:08:53.816186 7f9630cfb700                        Options.compaction_style: kCompactionStyleLevel
2020/01/18-20:08:53.816189 7f9630cfb700                          Options.compaction_pri: kMinOverlappingRatio
2020/01/18-20:08:53.816191 7f9630cfb700 Options.compaction_options_universal.size_ratio: 1
2020/01/18-20:08:53.816194 7f9630cfb700 Options.compaction_options_universal.min_merge_width: 2
2020/01/18-20:08:53.816196 7f9630cfb700 Options.compaction_options_universal.max_merge_width: 4294967295
2020/01/18-20:08:53.816198 7f9630cfb700 Options.compaction_options_universal.max_size_amplification_percent: 200
2020/01/18-20:08:53.816201 7f9630cfb700 Options.compaction_options_universal.compression_size_percent: -1
2020/01/18-20:08:53.816204 7f9630cfb700 Options.compaction_options_universal.stop_style: kCompactionStopStyleTotalSize
2020/01/18-20:08:53.816206 7f9630cfb700 Options.compaction_options_fifo.max_table_files_size: 1073741824
2020/01/18-20:08:53.816209 7f9630cfb700 Options.compaction_options_fifo.allow_compaction: 0
2020/01/18-20:08:53.816211 7f9630cfb700                   Options.table_properties_collectors: 
2020/01/18-20:08:53.816214 7f9630cfb700                   Options.inplace_update_support: 0
2020/01/18-20:08:53.816216 7f9630cfb700                 Options.inplace_update_num_locks: 10000
2020/01/18-20:08:53.816218 7f9630cfb700               Options.memtable_prefix_bloom_size_ratio: 0.000000
2020/01/18-20:08:53.816222 7f9630cfb700               Options.memtable_whole_key_filtering: 0
2020/01/18-20:08:53.816224 7f9630cfb700   Options.memtable_huge_page_size: 0
2020/01/18-20:08:53.816227 7f9630cfb700                           Options.bloom_locality: 0
2020/01/18-20:08:53.816229 7f9630cfb700                    Options.max_successive_merges: 0
2020/01/18-20:08:53.816231 7f9630cfb700                Options.optimize_filters_for_hits: 0
2020/01/18-20:08:53.816234 7f9630cfb700                Options.paranoid_file_checks: 0
2020/01/18-20:08:53.816236 7f9630cfb700                Options.force_consistency_checks: 0
2020/01/18-20:08:53.816238 7f9630cfb700                Options.report_bg_io_stats: 0
2020/01/18-20:08:53.816241 7f9630cfb700                               Options.ttl: 0
2020/01/18-20:08:54.219617 7f9630cfb700 [/version_set.cc:3959] Recovered from manifest file:/mnt/sdc/mbwu-rocksdb-data/MANIFEST-000004 succeeded,manifest_file_number is 4, next_file_number is 1174, last_sequence is 10402433, log_number is 1171,prev_log_number is 0,max_column_family is 1,min_log_number_to_keep is 0
2020/01/18-20:08:54.219640 7f9630cfb700 [/version_set.cc:3968] Column family [default] (ID 0), log number is 0
2020/01/18-20:08:54.219645 7f9630cfb700 [/version_set.cc:3968] Column family [usertable] (ID 1), log number is 1171
2020/01/18-20:08:54.224252 7f9630cfb700 EVENT_LOG_v1 {"time_micros": 1579406934224228, "job": 1, "event": "recovery_started", "log_files": [1171, 1173]}
2020/01/18-20:08:54.224269 7f9630cfb700 [/db_impl_open.cc:583] Recovering log #1171 mode 2
2020/01/18-20:08:54.592480 7f9630cfb700 [/db_impl_open.cc:583] Recovering log #1173 mode 2
2020/01/18-20:08:55.100321 7f9630cfb700 EVENT_LOG_v1 {"time_micros": 1579406935100290, "cf_name": "usertable", "job": 1, "event": "table_file_creation", "file_number": 1174, "file_size": 129895178, "table_properties": {"data_size": 129317909, "index_size": 576523, "filter_size": 0, "raw_key_size": 752760, "raw_average_key_size": 24, "raw_value_size": 128471040, "raw_average_value_size": 4096, "num_data_blocks": 15683, "num_entries": 31365, "filter_policy_name": ""}}
2020/01/18-20:08:55.337309 7f9630cfb700 [/version_set.cc:3196] Creating manifest 1175
2020/01/18-20:08:55.691021 7f9630cfb700 EVENT_LOG_v1 {"time_micros": 1579406935690992, "cf_name": "usertable", "job": 1, "event": "table_file_creation", "file_number": 1176, "file_size": 74383818, "table_properties": {"data_size": 74051076, "index_size": 331996, "filter_size": 0, "raw_key_size": 431040, "raw_average_key_size": 24, "raw_value_size": 73564160, "raw_average_value_size": 4096, "num_data_blocks": 8980, "num_entries": 17960, "filter_policy_name": ""}}
2020/01/18-20:08:55.720716 7f9630cfb700 EVENT_LOG_v1 {"time_micros": 1579406935720709, "job": 1, "event": "recovery_finished"}
2020/01/18-20:08:55.813886 7f9630cfb700 DB pointer 0x7f9554095f80
2020/01/18-20:08:55.814970 7f95da7fc700 [/db_impl.cc:777] ------- DUMPING STATS -------
2020/01/18-20:08:55.815145 7f95da7fc700 [/db_impl.cc:778] 
** DB Stats **
Uptime(secs): 2.0 total, 2.0 interval
Cumulative writes: 0 writes, 0 keys, 0 commit groups, 0.0 writes per commit group, ingest: 0.00 GB, 0.00 MB/s
Cumulative WAL: 0 writes, 0 syncs, 0.00 writes per sync, written: 0.00 GB, 0.00 MB/s
Cumulative stall: 00:00:0.000 H:M:S, 0.0 percent
Interval writes: 0 writes, 0 keys, 0 commit groups, 0.0 writes per commit group, ingest: 0.00 MB, 0.00 MB/s
Interval WAL: 0 writes, 0 syncs, 0.00 writes per sync, written: 0.00 MB, 0.00 MB/s
Interval stall: 00:00:0.000 H:M:S, 0.0 percent

** Compaction Stats [default] **
Level    Files   Size     Score Read(GB)  Rn(GB) Rnp1(GB) Write(GB) Wnew(GB) Moved(GB) W-Amp Rd(MB/s) Wr(MB/s) Comp(sec) CompMergeCPU(sec) Comp(cnt) Avg(sec) KeyIn KeyDropWVCmp(GB) WVRaw(GB) WVRemap(GB) WVFiles
-------------------------------------------------------------------------------------------------------------------------------------------------------------------------------------------------------------------
 Sum      0/0    0.00 KB   0.0      0.0     0.0      0.0       0.0      0.0       0.0   0.0      0.0      0.0      0.00              0.00         0    0.000       0      0      0.0      0.0        0.0       0
 Int      0/0    0.00 KB   0.0      0.0     0.0      0.0       0.0      0.0       0.0   0.0      0.0      0.0      0.00              0.00         0    0.000       0      0      0.0      0.0        0.0       0

** Compaction Stats [default] **
Priority    Files   Size     Score Read(GB)  Rn(GB) Rnp1(GB) Write(GB) Wnew(GB) Moved(GB) W-Amp Rd(MB/s) Wr(MB/s) Comp(sec) CompMergeCPU(sec) Comp(cnt) Avg(sec) KeyIn KeyDropWVCmp(GB) WVRaw(GB) WVRemap(GB) WVFiles
----------------------------------------------------------------------------------------------------------------------------------------------------------------------------------------------------------------------
Uptime(secs): 2.0 total, 2.0 interval
Flush(GB): cumulative 0.000, interval 0.000
AddFile(GB): cumulative 0.000, interval 0.000
AddFile(Total Files): cumulative 0, interval 0
AddFile(L0 Files): cumulative 0, interval 0
AddFile(Keys): cumulative 0, interval 0
Cumulative compaction: 0.00 GB write, 0.00 MB/s write, 0.00 GB read, 0.00 MB/s read, 0.0 seconds
Interval compaction: 0.00 GB write, 0.00 MB/s write, 0.00 GB read, 0.00 MB/s read, 0.0 seconds
Stalls(count): 0 level0_slowdown, 0 level0_slowdown_with_compaction, 0 level0_numfiles, 0 level0_numfiles_with_compaction, 0 stop for pending_compaction_bytes, 0 slowdown for pending_compaction_bytes, 0 memtable_compaction, 0 memtable_slowdown, interval 0 total count

** Compaction Ring Stats [default] **
Ring  Files   Size  Frag(%)
----------------------------
 Sum        0  0.00 KB  -nan 
VLog Read Latency over 0 reads with average length 0:   0.000 usec
VLog Decompress Latency over 0 reads with average length 0:   0.000 usec

** File Read Latency Histogram By Level [default] **

** Compaction Stats [usertable] **
Level    Files   Size     Score Read(GB)  Rn(GB) Rnp1(GB) Write(GB) Wnew(GB) Moved(GB) W-Amp Rd(MB/s) Wr(MB/s) Comp(sec) CompMergeCPU(sec) Comp(cnt) Avg(sec) KeyIn KeyDropWVCmp(GB) WVRaw(GB) WVRemap(GB) WVFiles
-------------------------------------------------------------------------------------------------------------------------------------------------------------------------------------------------------------------
  L0      3/0   437.77 MB   0.9      0.0     0.0      0.0       0.2      0.2       0.0   1.0      0.0    245.5      0.79              0.00         2    0.397       0      0      0.0      0.0        0.0       0
  L3      2/0   485.92 MB   0.9      0.0     0.0      0.0       0.0      0.0       0.0   0.0      0.0      0.0      0.00              0.00         0    0.000       0      0      0.0      0.0        0.0       0
  L4     43/0    4.33 GB   1.0      0.0     0.0      0.0       0.0      0.0       0.0   0.0      0.0      0.0      0.00              0.00         0    0.000       0      0      0.0      0.0        0.0       0
  L5    567/0   34.96 GB   0.0      0.0     0.0      0.0       0.0      0.0       0.0   0.0      0.0      0.0      0.00              0.00         0    0.000       0      0      0.0      0.0        0.0       0
 Sum    615/0   40.19 GB   0.0      0.0     0.0      0.0       0.2      0.2       0.0   1.0      0.0    245.5      0.79              0.00         2    0.397       0      0      0.0      0.0        0.0       0
 Int      0/0    0.00 KB   0.0      0.0     0.0      0.0       0.2      0.2       0.0   1.0      0.0    245.5      0.79              0.00         2    0.397       0      0      0.0      0.0        0.0       0

** Compaction Stats [usertable] **
Priority    Files   Size     Score Read(GB)  Rn(GB) Rnp1(GB) Write(GB) Wnew(GB) Moved(GB) W-Amp Rd(MB/s) Wr(MB/s) Comp(sec) CompMergeCPU(sec) Comp(cnt) Avg(sec) KeyIn KeyDropWVCmp(GB) WVRaw(GB) WVRemap(GB) WVFiles
----------------------------------------------------------------------------------------------------------------------------------------------------------------------------------------------------------------------
User      0/0    0.00 KB   0.0      0.0     0.0      0.0       0.2      0.2       0.0   0.0      0.0    245.5      0.79              0.00         2    0.397       0      0      0.0      0.0        0.0       0
Uptime(secs): 2.0 total, 2.0 interval
Flush(GB): cumulative 0.190, interval 0.190
AddFile(GB): cumulative 0.000, interval 0.000
AddFile(Total Files): cumulative 0, interval 0
AddFile(L0 Files): cumulative 0, interval 0
AddFile(Keys): cumulative 0, interval 0
Cumulative compaction: 0.19 GB write, 97.47 MB/s write, 0.00 GB read, 0.00 MB/s read, 0.8 seconds
Interval compaction: 0.19 GB write, 97.47 MB/s write, 0.00 GB read, 0.00 MB/s read, 0.8 seconds
Stalls(count): 0 level0_slowdown, 0 level0_slowdown_with_compaction, 0 level0_numfiles, 0 level0_numfiles_with_compaction, 0 stop for pending_compaction_bytes, 0 slowdown for pending_compaction_bytes, 0 memtable_compaction, 0 memtable_slowdown, interval 0 total count

** Compaction Ring Stats [usertable] **
Ring  Files   Size  Frag(%)
----------------------------
 Sum        0  0.00 KB  -nan 
VLog Read Latency over 0 reads with average length 0:   0.000 usec
VLog Decompress Latency over 0 reads with average length 0:   0.000 usec

** File Read Latency Histogram By Level [usertable] **

** Compaction Stats [default] **
Level    Files   Size     Score Read(GB)  Rn(GB) Rnp1(GB) Write(GB) Wnew(GB) Moved(GB) W-Amp Rd(MB/s) Wr(MB/s) Comp(sec) CompMergeCPU(sec) Comp(cnt) Avg(sec) KeyIn KeyDropWVCmp(GB) WVRaw(GB) WVRemap(GB) WVFiles
-------------------------------------------------------------------------------------------------------------------------------------------------------------------------------------------------------------------
 Sum      0/0    0.00 KB   0.0      0.0     0.0      0.0       0.0      0.0       0.0   0.0      0.0      0.0      0.00              0.00         0    0.000       0      0      0.0      0.0        0.0       0
 Int      0/0    0.00 KB   0.0      0.0     0.0      0.0       0.0      0.0       0.0   0.0      0.0      0.0      0.00              0.00         0    0.000       0      0      0.0      0.0        0.0       0

** Compaction Stats [default] **
Priority    Files   Size     Score Read(GB)  Rn(GB) Rnp1(GB) Write(GB) Wnew(GB) Moved(GB) W-Amp Rd(MB/s) Wr(MB/s) Comp(sec) CompMergeCPU(sec) Comp(cnt) Avg(sec) KeyIn KeyDropWVCmp(GB) WVRaw(GB) WVRemap(GB) WVFiles
----------------------------------------------------------------------------------------------------------------------------------------------------------------------------------------------------------------------
Uptime(secs): 2.0 total, 0.0 interval
Flush(GB): cumulative 0.000, interval 0.000
AddFile(GB): cumulative 0.000, interval 0.000
AddFile(Total Files): cumulative 0, interval 0
AddFile(L0 Files): cumulative 0, interval 0
AddFile(Keys): cumulative 0, interval 0
Cumulative compaction: 0.00 GB write, 0.00 MB/s write, 0.00 GB read, 0.00 MB/s read, 0.0 seconds
Interval compaction: 0.00 GB write, 0.00 MB/s write, 0.00 GB read, 0.00 MB/s read, 0.0 seconds
Stalls(count): 0 level0_slowdown, 0 level0_slowdown_with_compaction, 0 level0_numfiles, 0 level0_numfiles_with_compaction, 0 stop for pending_compaction_bytes, 0 slowdown for pending_compaction_bytes, 0 memtable_compaction, 0 memtable_slowdown, interval 0 total count

** Compaction Ring Stats [default] **
Ring  Files   Size  Frag(%)
----------------------------
 Sum        0  0.00 KB  -nan 
VLog Read Latency over 0 reads with average length 0:   0.000 usec
VLog Decompress Latency over 0 reads with average length 0:   0.000 usec

** File Read Latency Histogram By Level [default] **

** Compaction Stats [usertable] **
Level    Files   Size     Score Read(GB)  Rn(GB) Rnp1(GB) Write(GB) Wnew(GB) Moved(GB) W-Amp Rd(MB/s) Wr(MB/s) Comp(sec) CompMergeCPU(sec) Comp(cnt) Avg(sec) KeyIn KeyDropWVCmp(GB) WVRaw(GB) WVRemap(GB) WVFiles
-------------------------------------------------------------------------------------------------------------------------------------------------------------------------------------------------------------------
  L0      3/0   437.77 MB   0.9      0.0     0.0      0.0       0.2      0.2       0.0   1.0      0.0    245.5      0.79              0.00         2    0.397       0      0      0.0      0.0        0.0       0
  L3      2/0   485.92 MB   0.9      0.0     0.0      0.0       0.0      0.0       0.0   0.0      0.0      0.0      0.00              0.00         0    0.000       0      0      0.0      0.0        0.0       0
  L4     43/0    4.33 GB   1.0      0.0     0.0      0.0       0.0      0.0       0.0   0.0      0.0      0.0      0.00              0.00         0    0.000       0      0      0.0      0.0        0.0       0
