2020/01/20-12:58:10.208629 7f31e13e8700 RocksDB version: 6.1.2
2020/01/20-12:58:10.208730 7f31e13e8700 Git sha rocksdb_build_git_sha:4f1920556570c04d306d3ff0aa9a33db259bb8f0
2020/01/20-12:58:10.208733 7f31e13e8700 Compile date Jan  7 2020
2020/01/20-12:58:10.208746 7f31e13e8700 DB SUMMARY
2020/01/20-12:58:10.208779 7f31e13e8700 SST files in /mnt/sdc/mbwu-rocksdb-data dir, Total Num: 0, files: 
2020/01/20-12:58:10.208782 7f31e13e8700 Write Ahead Log file in /mnt/sdc/mbwu-rocksdb-data: 
2020/01/20-12:58:10.208785 7f31e13e8700                         Options.error_if_exists: 0
2020/01/20-12:58:10.208787 7f31e13e8700                       Options.create_if_missing: 1
2020/01/20-12:58:10.208788 7f31e13e8700                         Options.paranoid_checks: 1
2020/01/20-12:58:10.208790 7f31e13e8700                                     Options.env: 0x7f31e10ceba0
2020/01/20-12:58:10.208791 7f31e13e8700                                Options.info_log: 0x7f310c09abe0
2020/01/20-12:58:10.208792 7f31e13e8700                Options.max_file_opening_threads: 16
2020/01/20-12:58:10.208793 7f31e13e8700                              Options.statistics: (nil)
2020/01/20-12:58:10.208795 7f31e13e8700                               Options.use_fsync: 0
2020/01/20-12:58:10.208796 7f31e13e8700                       Options.max_log_file_size: 0
2020/01/20-12:58:10.208797 7f31e13e8700                  Options.max_manifest_file_size: 1073741824
2020/01/20-12:58:10.208798 7f31e13e8700                   Options.log_file_time_to_roll: 0
2020/01/20-12:58:10.208800 7f31e13e8700                       Options.keep_log_file_num: 1000
2020/01/20-12:58:10.208801 7f31e13e8700                    Options.recycle_log_file_num: 0
2020/01/20-12:58:10.208802 7f31e13e8700                         Options.allow_fallocate: 1
2020/01/20-12:58:10.208803 7f31e13e8700                        Options.allow_mmap_reads: 0
2020/01/20-12:58:10.208805 7f31e13e8700                       Options.allow_mmap_writes: 0
2020/01/20-12:58:10.208806 7f31e13e8700                        Options.use_direct_reads: 0
2020/01/20-12:58:10.208807 7f31e13e8700                        Options.use_direct_io_for_flush_and_compaction: 0
2020/01/20-12:58:10.208808 7f31e13e8700          Options.create_missing_column_families: 1
2020/01/20-12:58:10.208809 7f31e13e8700                              Options.db_log_dir: 
2020/01/20-12:58:10.208810 7f31e13e8700                                 Options.wal_dir: /mnt/sdc/mbwu-rocksdb-data
2020/01/20-12:58:10.208811 7f31e13e8700                Options.table_cache_numshardbits: 6
2020/01/20-12:58:10.208812 7f31e13e8700                      Options.max_subcompactions: 1
2020/01/20-12:58:10.208813 7f31e13e8700                  Options.max_background_flushes: 24
2020/01/20-12:58:10.208814 7f31e13e8700                         Options.WAL_ttl_seconds: 0
2020/01/20-12:58:10.208815 7f31e13e8700                       Options.WAL_size_limit_MB: 0
2020/01/20-12:58:10.208817 7f31e13e8700             Options.manifest_preallocation_size: 4194304
2020/01/20-12:58:10.208818 7f31e13e8700                     Options.is_fd_close_on_exec: 1
2020/01/20-12:58:10.208819 7f31e13e8700                   Options.advise_random_on_open: 1
2020/01/20-12:58:10.208820 7f31e13e8700                    Options.db_write_buffer_size: 0
2020/01/20-12:58:10.208821 7f31e13e8700                    Options.write_buffer_manager: 0x7f310c08a5c0
2020/01/20-12:58:10.208822 7f31e13e8700         Options.access_hint_on_compaction_start: 1
2020/01/20-12:58:10.208837 7f31e13e8700  Options.new_table_reader_for_compaction_inputs: 0
2020/01/20-12:58:10.208840 7f31e13e8700           Options.random_access_max_buffer_size: 1048576
2020/01/20-12:58:10.208842 7f31e13e8700                      Options.use_adaptive_mutex: 0
2020/01/20-12:58:10.208844 7f31e13e8700                            Options.rate_limiter: (nil)
2020/01/20-12:58:10.208850 7f31e13e8700     Options.sst_file_manager.rate_bytes_per_sec: 0
2020/01/20-12:58:10.208852 7f31e13e8700                       Options.wal_recovery_mode: 2
2020/01/20-12:58:10.208855 7f31e13e8700                  Options.enable_thread_tracking: 0
2020/01/20-12:58:10.208857 7f31e13e8700                  Options.enable_pipelined_write: 0
2020/01/20-12:58:10.208884 7f31e13e8700         Options.allow_concurrent_memtable_write: 1
2020/01/20-12:58:10.208888 7f31e13e8700      Options.enable_write_thread_adaptive_yield: 1
2020/01/20-12:58:10.208890 7f31e13e8700             Options.write_thread_max_yield_usec: 100
2020/01/20-12:58:10.208892 7f31e13e8700            Options.write_thread_slow_yield_usec: 3
2020/01/20-12:58:10.208895 7f31e13e8700                               Options.row_cache: None
2020/01/20-12:58:10.208897 7f31e13e8700                              Options.wal_filter: None
2020/01/20-12:58:10.208900 7f31e13e8700             Options.avoid_flush_during_recovery: 0
2020/01/20-12:58:10.208902 7f31e13e8700             Options.allow_ingest_behind: 0
2020/01/20-12:58:10.208904 7f31e13e8700             Options.preserve_deletes: 0
2020/01/20-12:58:10.208907 7f31e13e8700             Options.two_write_queues: 0
2020/01/20-12:58:10.208909 7f31e13e8700             Options.manual_wal_flush: 0
2020/01/20-12:58:10.208911 7f31e13e8700             Options.atomic_flush: 0
2020/01/20-12:58:10.208913 7f31e13e8700             Options.avoid_unnecessary_blocking_io: 0
2020/01/20-12:58:10.208919 7f31e13e8700             Options.max_background_jobs: 24
2020/01/20-12:58:10.208921 7f31e13e8700             Options.max_background_compactions: 24
2020/01/20-12:58:10.208923 7f31e13e8700             Options.avoid_flush_during_shutdown: 0
2020/01/20-12:58:10.208926 7f31e13e8700           Options.writable_file_max_buffer_size: 1048576
2020/01/20-12:58:10.208928 7f31e13e8700             Options.delayed_write_rate : 16777216
2020/01/20-12:58:10.208930 7f31e13e8700             Options.max_total_wal_size: 0
2020/01/20-12:58:10.208933 7f31e13e8700             Options.delete_obsolete_files_period_micros: 21600000000
2020/01/20-12:58:10.208935 7f31e13e8700                   Options.stats_dump_period_sec: 600
2020/01/20-12:58:10.208938 7f31e13e8700                 Options.stats_persist_period_sec: 600
2020/01/20-12:58:10.208940 7f31e13e8700                 Options.stats_history_buffer_size: 1048576
2020/01/20-12:58:10.208943 7f31e13e8700                          Options.max_open_files: -1
2020/01/20-12:58:10.208945 7f31e13e8700                          Options.bytes_per_sync: 1048576
2020/01/20-12:58:10.208948 7f31e13e8700                      Options.wal_bytes_per_sync: 0
2020/01/20-12:58:10.208950 7f31e13e8700       Options.compaction_readahead_size: 0
2020/01/20-12:58:10.208952 7f31e13e8700 Compression algorithms supported:
2020/01/20-12:58:10.208956 7f31e13e8700 	kZSTDNotFinalCompression supported: 1
2020/01/20-12:58:10.208973 7f31e13e8700 	kZSTD supported: 1
2020/01/20-12:58:10.208976 7f31e13e8700 	kXpressCompression supported: 0
2020/01/20-12:58:10.208979 7f31e13e8700 	kLZ4HCCompression supported: 1
2020/01/20-12:58:10.208982 7f31e13e8700 	kLZ4Compression supported: 1
2020/01/20-12:58:10.208985 7f31e13e8700 	kBZip2Compression supported: 1
2020/01/20-12:58:10.208987 7f31e13e8700 	kZlibCompression supported: 1
2020/01/20-12:58:10.208990 7f31e13e8700 	kSnappyCompression supported: 1
2020/01/20-12:58:10.209000 7f31e13e8700 Fast CRC32 supported: Supported on x86
2020/01/20-12:58:10.209195 7f31e13e8700 [/db_impl_open.cc:228] Creating manifest 1 
2020/01/20-12:58:10.312908 7f31e13e8700 [/version_set.cc:3742] Recovering from manifest file: /mnt/sdc/mbwu-rocksdb-data/MANIFEST-000001
2020/01/20-12:58:10.313192 7f31e13e8700 [/column_family.cc:698] --------------- Options for column family [default]:
2020/01/20-12:58:10.313203 7f31e13e8700               Options.comparator: leveldb.BytewiseComparator
2020/01/20-12:58:10.313206 7f31e13e8700           Options.merge_operator: None
2020/01/20-12:58:10.313209 7f31e13e8700        Options.compaction_filter: None
2020/01/20-12:58:10.313211 7f31e13e8700        Options.compaction_filter_factory: None
2020/01/20-12:58:10.313214 7f31e13e8700         Options.memtable_factory: SkipListFactory
2020/01/20-12:58:10.313217 7f31e13e8700            Options.table_factory: BlockBasedTable
2020/01/20-12:58:10.313302 7f31e13e8700            table_factory options:   flush_block_policy_factory: FlushBlockBySizePolicyFactory (0x7f310c08b1c0)
  cache_index_and_filter_blocks: 0
  cache_index_and_filter_blocks_with_high_priority: 0
  pin_l0_filter_and_index_blocks_in_cache: 0
  pin_top_level_index_and_filter: 1
  index_type: 0
  data_block_index_type: 0
  data_block_hash_table_util_ratio: 0.750000
  hash_index_allow_collision: 1
  checksum: 1
  no_block_cache: 0
  block_cache: 0x7f310c08ac00
  block_cache_name: LRUCache
  block_cache_options:
    capacity : 8388608
    num_shard_bits : 4
    strict_capacity_limit : 0
    memory_allocator : None
    high_pri_pool_ratio: 0.000
  block_cache_compressed: (nil)
  persistent_cache: (nil)
  block_size: 8192
  block_size_deviation: 10
  block_restart_interval: 16
  index_block_restart_interval: 1
  metadata_block_size: 4096
  partition_filters: 0
  use_delta_encoding: 1
  filter_policy: nullptr
  whole_key_filtering: 1
  verify_compression: 0
  read_amp_bytes_per_bit: 0
  format_version: 2
  enable_index_compression: 1
  block_align: 0
2020/01/20-12:58:10.313307 7f31e13e8700        Options.write_buffer_size: 134217728
2020/01/20-12:58:10.313310 7f31e13e8700  Options.max_write_buffer_number: 8
2020/01/20-12:58:10.313314 7f31e13e8700        Options.compression[0]: NoCompression
2020/01/20-12:58:10.313317 7f31e13e8700        Options.compression[1]: NoCompression
2020/01/20-12:58:10.313319 7f31e13e8700        Options.compression[2]: Snappy
2020/01/20-12:58:10.313322 7f31e13e8700        Options.compression[3]: Snappy
2020/01/20-12:58:10.313324 7f31e13e8700        Options.compression[4]: Snappy
2020/01/20-12:58:10.313327 7f31e13e8700        Options.compression[5]: Snappy
2020/01/20-12:58:10.313329 7f31e13e8700        Options.compression[6]: Snappy
2020/01/20-12:58:10.313332 7f31e13e8700                  Options.bottommost_compression: Disabled
2020/01/20-12:58:10.313334 7f31e13e8700       Options.prefix_extractor: nullptr
2020/01/20-12:58:10.313337 7f31e13e8700   Options.memtable_insert_with_hint_prefix_extractor: nullptr
2020/01/20-12:58:10.313339 7f31e13e8700             Options.num_levels: 6
2020/01/20-12:58:10.313342 7f31e13e8700        Options.min_write_buffer_number_to_merge: 2
2020/01/20-12:58:10.313344 7f31e13e8700     Options.max_write_buffer_number_to_maintain: 0
2020/01/20-12:58:10.313347 7f31e13e8700            Options.bottommost_compression_opts.window_bits: -14
2020/01/20-12:58:10.313349 7f31e13e8700                  Options.bottommost_compression_opts.level: 32767
2020/01/20-12:58:10.313352 7f31e13e8700               Options.bottommost_compression_opts.strategy: 0
2020/01/20-12:58:10.313354 7f31e13e8700         Options.bottommost_compression_opts.max_dict_bytes: 0
2020/01/20-12:58:10.313357 7f31e13e8700         Options.bottommost_compression_opts.zstd_max_train_bytes: 0
2020/01/20-12:58:10.313359 7f31e13e8700                  Options.bottommost_compression_opts.enabled: false
2020/01/20-12:58:10.313393 7f31e13e8700            Options.compression_opts.window_bits: -14
2020/01/20-12:58:10.313396 7f31e13e8700                  Options.compression_opts.level: 32767
2020/01/20-12:58:10.313398 7f31e13e8700               Options.compression_opts.strategy: 0
2020/01/20-12:58:10.313400 7f31e13e8700         Options.compression_opts.max_dict_bytes: 0
2020/01/20-12:58:10.313403 7f31e13e8700         Options.compression_opts.zstd_max_train_bytes: 0
2020/01/20-12:58:10.313405 7f31e13e8700                  Options.compression_opts.enabled: false
2020/01/20-12:58:10.313408 7f31e13e8700      Options.level0_file_num_compaction_trigger: 4
2020/01/20-12:58:10.313410 7f31e13e8700          Options.level0_slowdown_writes_trigger: 20
2020/01/20-12:58:10.313413 7f31e13e8700              Options.level0_stop_writes_trigger: 36
2020/01/20-12:58:10.313415 7f31e13e8700                   Options.target_file_size_base: 67108864
2020/01/20-12:58:10.313418 7f31e13e8700             Options.target_file_size_multiplier: 1
2020/01/20-12:58:10.313420 7f31e13e8700                Options.max_bytes_for_level_base: 536870912
2020/01/20-12:58:10.313444 7f31e13e8700 Options.level_compaction_dynamic_level_bytes: 1
2020/01/20-12:58:10.313448 7f31e13e8700          Options.max_bytes_for_level_multiplier: 8.000000
2020/01/20-12:58:10.313453 7f31e13e8700 Options.max_bytes_for_level_multiplier_addtl[0]: 1
2020/01/20-12:58:10.313456 7f31e13e8700 Options.max_bytes_for_level_multiplier_addtl[1]: 1
2020/01/20-12:58:10.313458 7f31e13e8700 Options.max_bytes_for_level_multiplier_addtl[2]: 1
2020/01/20-12:58:10.313461 7f31e13e8700 Options.max_bytes_for_level_multiplier_addtl[3]: 1
2020/01/20-12:58:10.313463 7f31e13e8700 Options.max_bytes_for_level_multiplier_addtl[4]: 1
2020/01/20-12:58:10.313465 7f31e13e8700 Options.max_bytes_for_level_multiplier_addtl[5]: 1
2020/01/20-12:58:10.313468 7f31e13e8700 Options.max_bytes_for_level_multiplier_addtl[6]: 1
2020/01/20-12:58:10.313470 7f31e13e8700       Options.max_sequential_skip_in_iterations: 8
2020/01/20-12:58:10.313472 7f31e13e8700                    Options.max_compaction_bytes: 1677721600
2020/01/20-12:58:10.313475 7f31e13e8700                        Options.arena_block_size: 16777216
2020/01/20-12:58:10.313478 7f31e13e8700   Options.soft_pending_compaction_bytes_limit: 68719476736
2020/01/20-12:58:10.313480 7f31e13e8700   Options.hard_pending_compaction_bytes_limit: 274877906944
2020/01/20-12:58:10.313483 7f31e13e8700       Options.rate_limit_delay_max_milliseconds: 100
2020/01/20-12:58:10.313485 7f31e13e8700                Options.disable_auto_compactions: 0
2020/01/20-12:58:10.313487 7f31e13e8700                      Options.allow_trivial_move: 0
2020/01/20-12:58:10.313490 7f31e13e8700                      Options.vlog_direct_IO: 0
2020/01/20-12:58:10.313492 7f31e13e8700               Options.compaction_score_limit_L0: 1000.000000
2020/01/20-12:58:10.313497 7f31e13e8700                     Options.min_indirect_val_size[0]: 24
2020/01/20-12:58:10.313500 7f31e13e8700       Options.fraction_remapped_during_compaction[0]: 20
2020/01/20-12:58:10.313503 7f31e13e8700 Options.fraction_remapped_during_active_recycling[0]: 15
2020/01/20-12:58:10.313505 7f31e13e8700    Options.fragmentation_active_recycling_trigger[0]: 25
2020/01/20-12:58:10.313508 7f31e13e8700     Options.fragmentation_active_recycling_klaxon[0]: 50
2020/01/20-12:58:10.313510 7f31e13e8700                Options.active_recycling_sst_minct[0]: 5
2020/01/20-12:58:10.313513 7f31e13e8700                Options.active_recycling_sst_maxct[0]: 15
2020/01/20-12:58:10.313515 7f31e13e8700       Options.active_recycling_vlogfile_freed_min[0]: 7
2020/01/20-12:58:10.313517 7f31e13e8700    Options.active_recycling_size_trigger[0]: 1073741824
2020/01/20-12:58:10.313520 7f31e13e8700                         Options.vlogfile_max_size[0]: 16777216
2020/01/20-12:58:10.313523 7f31e13e8700          Options.compaction_picker_age_importance[0]: 100
2020/01/20-12:58:10.313526 7f31e13e8700                    Options.ring_compression_style[0]: Zlib
2020/01/20-12:58:10.313531 7f31e13e8700                        Options.compaction_style: kCompactionStyleLevel
2020/01/20-12:58:10.313534 7f31e13e8700                          Options.compaction_pri: kMinOverlappingRatio
2020/01/20-12:58:10.313537 7f31e13e8700 Options.compaction_options_universal.size_ratio: 1
2020/01/20-12:58:10.313539 7f31e13e8700 Options.compaction_options_universal.min_merge_width: 2
2020/01/20-12:58:10.313541 7f31e13e8700 Options.compaction_options_universal.max_merge_width: 4294967295
2020/01/20-12:58:10.313544 7f31e13e8700 Options.compaction_options_universal.max_size_amplification_percent: 200
2020/01/20-12:58:10.313546 7f31e13e8700 Options.compaction_options_universal.compression_size_percent: -1
2020/01/20-12:58:10.313550 7f31e13e8700 Options.compaction_options_universal.stop_style: kCompactionStopStyleTotalSize
2020/01/20-12:58:10.313552 7f31e13e8700 Options.compaction_options_fifo.max_table_files_size: 1073741824
2020/01/20-12:58:10.313555 7f31e13e8700 Options.compaction_options_fifo.allow_compaction: 0
2020/01/20-12:58:10.313557 7f31e13e8700                   Options.table_properties_collectors: 
2020/01/20-12:58:10.313575 7f31e13e8700                   Options.inplace_update_support: 0
2020/01/20-12:58:10.313578 7f31e13e8700                 Options.inplace_update_num_locks: 10000
2020/01/20-12:58:10.313581 7f31e13e8700               Options.memtable_prefix_bloom_size_ratio: 0.000000
2020/01/20-12:58:10.313584 7f31e13e8700               Options.memtable_whole_key_filtering: 0
2020/01/20-12:58:10.313587 7f31e13e8700   Options.memtable_huge_page_size: 0
2020/01/20-12:58:10.313589 7f31e13e8700                           Options.bloom_locality: 0
2020/01/20-12:58:10.313591 7f31e13e8700                    Options.max_successive_merges: 0
2020/01/20-12:58:10.313594 7f31e13e8700                Options.optimize_filters_for_hits: 0
2020/01/20-12:58:10.313596 7f31e13e8700                Options.paranoid_file_checks: 0
2020/01/20-12:58:10.313599 7f31e13e8700                Options.force_consistency_checks: 0
2020/01/20-12:58:10.313601 7f31e13e8700                Options.report_bg_io_stats: 0
2020/01/20-12:58:10.313603 7f31e13e8700                               Options.ttl: 0
2020/01/20-12:58:10.315453 7f31e13e8700 [/version_set.cc:3959] Recovered from manifest file:/mnt/sdc/mbwu-rocksdb-data/MANIFEST-000001 succeeded,manifest_file_number is 1, next_file_number is 3, last_sequence is 0, log_number is 0,prev_log_number is 0,max_column_family is 0,min_log_number_to_keep is 0
2020/01/20-12:58:10.315471 7f31e13e8700 [/version_set.cc:3968] Column family [default] (ID 0), log number is 0
2020/01/20-12:58:10.316019 7f31e13e8700 [/version_set.cc:3196] Creating manifest 4
2020/01/20-12:58:10.389566 7f31e13e8700 [/column_family.cc:698] --------------- Options for column family [usertable]:
2020/01/20-12:58:10.389577 7f31e13e8700               Options.comparator: leveldb.BytewiseComparator
2020/01/20-12:58:10.389581 7f31e13e8700           Options.merge_operator: None
2020/01/20-12:58:10.389584 7f31e13e8700        Options.compaction_filter: None
2020/01/20-12:58:10.389586 7f31e13e8700        Options.compaction_filter_factory: None
2020/01/20-12:58:10.389588 7f31e13e8700         Options.memtable_factory: SkipListFactory
2020/01/20-12:58:10.389592 7f31e13e8700            Options.table_factory: BlockBasedTable
2020/01/20-12:58:10.389644 7f31e13e8700            table_factory options:   flush_block_policy_factory: FlushBlockBySizePolicyFactory (0x7f310c098720)
  cache_index_and_filter_blocks: 0
  cache_index_and_filter_blocks_with_high_priority: 0
  pin_l0_filter_and_index_blocks_in_cache: 0
  pin_top_level_index_and_filter: 1
  index_type: 0
  data_block_index_type: 0
  data_block_hash_table_util_ratio: 0.750000
  hash_index_allow_collision: 1
  checksum: 1
  no_block_cache: 0
  block_cache: 0x7f310c091f90
  block_cache_name: LRUCache
  block_cache_options:
    capacity : 8388608
    num_shard_bits : 4
    strict_capacity_limit : 0
    memory_allocator : None
    high_pri_pool_ratio: 0.000
  block_cache_compressed: (nil)
  persistent_cache: (nil)
  block_size: 8192
  block_size_deviation: 10
  block_restart_interval: 16
  index_block_restart_interval: 1
  metadata_block_size: 4096
  partition_filters: 0
  use_delta_encoding: 1
  filter_policy: nullptr
  whole_key_filtering: 1
  verify_compression: 0
  read_amp_bytes_per_bit: 0
  format_version: 2
  enable_index_compression: 1
  block_align: 0
2020/01/20-12:58:10.389649 7f31e13e8700        Options.write_buffer_size: 134217728
2020/01/20-12:58:10.389652 7f31e13e8700  Options.max_write_buffer_number: 8
2020/01/20-12:58:10.389655 7f31e13e8700        Options.compression[0]: NoCompression
2020/01/20-12:58:10.389658 7f31e13e8700        Options.compression[1]: NoCompression
2020/01/20-12:58:10.389661 7f31e13e8700        Options.compression[2]: Snappy
2020/01/20-12:58:10.389664 7f31e13e8700        Options.compression[3]: Snappy
2020/01/20-12:58:10.389666 7f31e13e8700        Options.compression[4]: Snappy
2020/01/20-12:58:10.389669 7f31e13e8700        Options.compression[5]: Snappy
2020/01/20-12:58:10.389671 7f31e13e8700        Options.compression[6]: Snappy
2020/01/20-12:58:10.389673 7f31e13e8700                  Options.bottommost_compression: Disabled
2020/01/20-12:58:10.389676 7f31e13e8700       Options.prefix_extractor: nullptr
2020/01/20-12:58:10.389678 7f31e13e8700   Options.memtable_insert_with_hint_prefix_extractor: nullptr
2020/01/20-12:58:10.389681 7f31e13e8700             Options.num_levels: 6
2020/01/20-12:58:10.389683 7f31e13e8700        Options.min_write_buffer_number_to_merge: 2
2020/01/20-12:58:10.389686 7f31e13e8700     Options.max_write_buffer_number_to_maintain: 0
2020/01/20-12:58:10.389688 7f31e13e8700            Options.bottommost_compression_opts.window_bits: -14
2020/01/20-12:58:10.389690 7f31e13e8700                  Options.bottommost_compression_opts.level: 32767
2020/01/20-12:58:10.389693 7f31e13e8700               Options.bottommost_compression_opts.strategy: 0
2020/01/20-12:58:10.389695 7f31e13e8700         Options.bottommost_compression_opts.max_dict_bytes: 0
2020/01/20-12:58:10.389698 7f31e13e8700         Options.bottommost_compression_opts.zstd_max_train_bytes: 0
2020/01/20-12:58:10.389700 7f31e13e8700                  Options.bottommost_compression_opts.enabled: false
2020/01/20-12:58:10.389703 7f31e13e8700            Options.compression_opts.window_bits: -14
2020/01/20-12:58:10.389705 7f31e13e8700                  Options.compression_opts.level: 32767
2020/01/20-12:58:10.389708 7f31e13e8700               Options.compression_opts.strategy: 0
2020/01/20-12:58:10.389710 7f31e13e8700         Options.compression_opts.max_dict_bytes: 0
2020/01/20-12:58:10.389713 7f31e13e8700         Options.compression_opts.zstd_max_train_bytes: 0
2020/01/20-12:58:10.389744 7f31e13e8700                  Options.compression_opts.enabled: false
2020/01/20-12:58:10.389749 7f31e13e8700      Options.level0_file_num_compaction_trigger: 4
2020/01/20-12:58:10.389751 7f31e13e8700          Options.level0_slowdown_writes_trigger: 20
2020/01/20-12:58:10.389753 7f31e13e8700              Options.level0_stop_writes_trigger: 36
2020/01/20-12:58:10.389756 7f31e13e8700                   Options.target_file_size_base: 67108864
2020/01/20-12:58:10.389758 7f31e13e8700             Options.target_file_size_multiplier: 1
2020/01/20-12:58:10.389760 7f31e13e8700                Options.max_bytes_for_level_base: 536870912
2020/01/20-12:58:10.389763 7f31e13e8700 Options.level_compaction_dynamic_level_bytes: 1
2020/01/20-12:58:10.389765 7f31e13e8700          Options.max_bytes_for_level_multiplier: 8.000000
2020/01/20-12:58:10.389770 7f31e13e8700 Options.max_bytes_for_level_multiplier_addtl[0]: 1
2020/01/20-12:58:10.389773 7f31e13e8700 Options.max_bytes_for_level_multiplier_addtl[1]: 1
2020/01/20-12:58:10.389775 7f31e13e8700 Options.max_bytes_for_level_multiplier_addtl[2]: 1
2020/01/20-12:58:10.389778 7f31e13e8700 Options.max_bytes_for_level_multiplier_addtl[3]: 1
2020/01/20-12:58:10.389780 7f31e13e8700 Options.max_bytes_for_level_multiplier_addtl[4]: 1
2020/01/20-12:58:10.389782 7f31e13e8700 Options.max_bytes_for_level_multiplier_addtl[5]: 1
2020/01/20-12:58:10.389785 7f31e13e8700 Options.max_bytes_for_level_multiplier_addtl[6]: 1
2020/01/20-12:58:10.389787 7f31e13e8700       Options.max_sequential_skip_in_iterations: 8
2020/01/20-12:58:10.389789 7f31e13e8700                    Options.max_compaction_bytes: 1677721600
2020/01/20-12:58:10.389792 7f31e13e8700                        Options.arena_block_size: 16777216
2020/01/20-12:58:10.389794 7f31e13e8700   Options.soft_pending_compaction_bytes_limit: 68719476736
2020/01/20-12:58:10.389797 7f31e13e8700   Options.hard_pending_compaction_bytes_limit: 274877906944
2020/01/20-12:58:10.389799 7f31e13e8700       Options.rate_limit_delay_max_milliseconds: 100
2020/01/20-12:58:10.389802 7f31e13e8700                Options.disable_auto_compactions: 0
2020/01/20-12:58:10.389804 7f31e13e8700                      Options.allow_trivial_move: 0
2020/01/20-12:58:10.389806 7f31e13e8700                      Options.vlog_direct_IO: 0
2020/01/20-12:58:10.389809 7f31e13e8700               Options.compaction_score_limit_L0: 1000.000000
2020/01/20-12:58:10.389814 7f31e13e8700                     Options.min_indirect_val_size[0]: 24
2020/01/20-12:58:10.389817 7f31e13e8700       Options.fraction_remapped_during_compaction[0]: 20
2020/01/20-12:58:10.389820 7f31e13e8700 Options.fraction_remapped_during_active_recycling[0]: 15
2020/01/20-12:58:10.389822 7f31e13e8700    Options.fragmentation_active_recycling_trigger[0]: 25
2020/01/20-12:58:10.389825 7f31e13e8700     Options.fragmentation_active_recycling_klaxon[0]: 50
2020/01/20-12:58:10.389827 7f31e13e8700                Options.active_recycling_sst_minct[0]: 5
2020/01/20-12:58:10.389829 7f31e13e8700                Options.active_recycling_sst_maxct[0]: 15
2020/01/20-12:58:10.389832 7f31e13e8700       Options.active_recycling_vlogfile_freed_min[0]: 7
2020/01/20-12:58:10.389834 7f31e13e8700    Options.active_recycling_size_trigger[0]: 1073741824
2020/01/20-12:58:10.389837 7f31e13e8700                         Options.vlogfile_max_size[0]: 16777216
2020/01/20-12:58:10.389839 7f31e13e8700          Options.compaction_picker_age_importance[0]: 100
2020/01/20-12:58:10.389843 7f31e13e8700                    Options.ring_compression_style[0]: Zlib
2020/01/20-12:58:10.389847 7f31e13e8700                        Options.compaction_style: kCompactionStyleLevel
2020/01/20-12:58:10.389851 7f31e13e8700                          Options.compaction_pri: kMinOverlappingRatio
2020/01/20-12:58:10.389854 7f31e13e8700 Options.compaction_options_universal.size_ratio: 1
2020/01/20-12:58:10.389856 7f31e13e8700 Options.compaction_options_universal.min_merge_width: 2
2020/01/20-12:58:10.389858 7f31e13e8700 Options.compaction_options_universal.max_merge_width: 4294967295
2020/01/20-12:58:10.389876 7f31e13e8700 Options.compaction_options_universal.max_size_amplification_percent: 200
2020/01/20-12:58:10.389879 7f31e13e8700 Options.compaction_options_universal.compression_size_percent: -1
2020/01/20-12:58:10.389883 7f31e13e8700 Options.compaction_options_universal.stop_style: kCompactionStopStyleTotalSize
2020/01/20-12:58:10.389886 7f31e13e8700 Options.compaction_options_fifo.max_table_files_size: 1073741824
2020/01/20-12:58:10.389888 7f31e13e8700 Options.compaction_options_fifo.allow_compaction: 0
2020/01/20-12:58:10.389890 7f31e13e8700                   Options.table_properties_collectors: 
2020/01/20-12:58:10.389893 7f31e13e8700                   Options.inplace_update_support: 0
2020/01/20-12:58:10.389895 7f31e13e8700                 Options.inplace_update_num_locks: 10000
2020/01/20-12:58:10.389898 7f31e13e8700               Options.memtable_prefix_bloom_size_ratio: 0.000000
2020/01/20-12:58:10.389901 7f31e13e8700               Options.memtable_whole_key_filtering: 0
2020/01/20-12:58:10.389904 7f31e13e8700   Options.memtable_huge_page_size: 0
2020/01/20-12:58:10.389906 7f31e13e8700                           Options.bloom_locality: 0
2020/01/20-12:58:10.389908 7f31e13e8700                    Options.max_successive_merges: 0
2020/01/20-12:58:10.389911 7f31e13e8700                Options.optimize_filters_for_hits: 0
2020/01/20-12:58:10.389913 7f31e13e8700                Options.paranoid_file_checks: 0
2020/01/20-12:58:10.389915 7f31e13e8700                Options.force_consistency_checks: 0
2020/01/20-12:58:10.389918 7f31e13e8700                Options.report_bg_io_stats: 0
2020/01/20-12:58:10.389920 7f31e13e8700                               Options.ttl: 0
2020/01/20-12:58:10.390032 7f31e13e8700 [/db_impl.cc:1821] Created column family [usertable] (ID 1)
2020/01/20-12:58:10.476527 7f31e13e8700 DB pointer 0x7f310c098810
2020/01/20-12:58:10.477274 7f30ad7fa700 [/db_impl.cc:777] ------- DUMPING STATS -------
2020/01/20-12:58:10.477458 7f30ad7fa700 [/db_impl.cc:778] 
** DB Stats **
Uptime(secs): 0.2 total, 0.2 interval
Cumulative writes: 0 writes, 0 keys, 0 commit groups, 0.0 writes per commit group, ingest: 0.00 GB, 0.00 MB/s
Cumulative WAL: 0 writes, 0 syncs, 0.00 writes per sync, written: 0.00 GB, 0.00 MB/s
Cumulative stall: 00:00:0.000 H:M:S, 0.0 percent
Interval writes: 0 writes, 0 keys, 0 commit groups, 0.0 writes per commit group, ingest: 0.00 MB, 0.00 MB/s
Interval WAL: 0 writes, 0 syncs, 0.00 writes per sync, written: 0.00 MB, 0.00 MB/s
Interval stall: 00:00:0.000 H:M:S, 0.0 percent

** Compaction Stats [default] **
Level    Files   Size     Score Read(GB)  Rn(GB) Rnp1(GB) Write(GB) Wnew(GB) Moved(GB) W-Amp Rd(MB/s) Wr(MB/s) Comp(sec) CompMergeCPU(sec) Comp(cnt) Avg(sec) KeyIn KeyDropWVCmp(GB) WVRaw(GB) WVRemap(GB) WVFiles
-------------------------------------------------------------------------------------------------------------------------------------------------------------------------------------------------------------------
 Sum      0/0    0.00 KB   0.0      0.0     0.0      0.0       0.0      0.0       0.0   0.0      0.0      0.0      0.00              0.00         0    0.000       0      0      0.0      0.0        0.0       0
 Int      0/0    0.00 KB   0.0      0.0     0.0      0.0       0.0      0.0       0.0   0.0      0.0      0.0      0.00              0.00         0    0.000       0      0      0.0      0.0        0.0       0

** Compaction Stats [default] **
Priority    Files   Size     Score Read(GB)  Rn(GB) Rnp1(GB) Write(GB) Wnew(GB) Moved(GB) W-Amp Rd(MB/s) Wr(MB/s) Comp(sec) CompMergeCPU(sec) Comp(cnt) Avg(sec) KeyIn KeyDropWVCmp(GB) WVRaw(GB) WVRemap(GB) WVFiles
----------------------------------------------------------------------------------------------------------------------------------------------------------------------------------------------------------------------
Uptime(secs): 0.2 total, 0.2 interval
Flush(GB): cumulative 0.000, interval 0.000
AddFile(GB): cumulative 0.000, interval 0.000
AddFile(Total Files): cumulative 0, interval 0
AddFile(L0 Files): cumulative 0, interval 0
AddFile(Keys): cumulative 0, interval 0
Cumulative compaction: 0.00 GB write, 0.00 MB/s write, 0.00 GB read, 0.00 MB/s read, 0.0 seconds
Interval compaction: 0.00 GB write, 0.00 MB/s write, 0.00 GB read, 0.00 MB/s read, 0.0 seconds
Stalls(count): 0 level0_slowdown, 0 level0_slowdown_with_compaction, 0 level0_numfiles, 0 level0_numfiles_with_compaction, 0 stop for pending_compaction_bytes, 0 slowdown for pending_compaction_bytes, 0 memtable_compaction, 0 memtable_slowdown, interval 0 total count

** Compaction Ring Stats [default] **
Ring  Files   Size  Frag(%)
----------------------------
 Sum        0  0.00 KB  -nan 
VLog Read Latency over 0 reads with average length 0:   0.000 usec
VLog Decompress Latency over 0 reads with average length 0:   0.000 usec

** File Read Latency Histogram By Level [default] **

** Compaction Stats [usertable] **
Level    Files   Size     Score Read(GB)  Rn(GB) Rnp1(GB) Write(GB) Wnew(GB) Moved(GB) W-Amp Rd(MB/s) Wr(MB/s) Comp(sec) CompMergeCPU(sec) Comp(cnt) Avg(sec) KeyIn KeyDropWVCmp(GB) WVRaw(GB) WVRemap(GB) WVFiles
-------------------------------------------------------------------------------------------------------------------------------------------------------------------------------------------------------------------
 Sum      0/0    0.00 KB   0.0      0.0     0.0      0.0       0.0      0.0       0.0   0.0      0.0      0.0      0.00              0.00         0    0.000       0      0      0.0      0.0        0.0       0
 Int      0/0    0.00 KB   0.0      0.0     0.0      0.0       0.0      0.0       0.0   0.0      0.0      0.0      0.00              0.00         0    0.000       0      0      0.0      0.0        0.0       0

** Compaction Stats [usertable] **
Priority    Files   Size     Score Read(GB)  Rn(GB) Rnp1(GB) Write(GB) Wnew(GB) Moved(GB) W-Amp Rd(MB/s) Wr(MB/s) Comp(sec) CompMergeCPU(sec) Comp(cnt) Avg(sec) KeyIn KeyDropWVCmp(GB) WVRaw(GB) WVRemap(GB) WVFiles
----------------------------------------------------------------------------------------------------------------------------------------------------------------------------------------------------------------------
Uptime(secs): 0.1 total, 0.1 interval
Flush(GB): cumulative 0.000, interval 0.000
AddFile(GB): cumulative 0.000, interval 0.000
AddFile(Total Files): cumulative 0, interval 0
AddFile(L0 Files): cumulative 0, interval 0
AddFile(Keys): cumulative 0, interval 0
Cumulative compaction: 0.00 GB write, 0.00 MB/s write, 0.00 GB read, 0.00 MB/s read, 0.0 seconds
Interval compaction: 0.00 GB write, 0.00 MB/s write, 0.00 GB read, 0.00 MB/s read, 0.0 seconds
Stalls(count): 0 level0_slowdown, 0 level0_slowdown_with_compaction, 0 level0_numfiles, 0 level0_numfiles_with_compaction, 0 stop for pending_compaction_bytes, 0 slowdown for pending_compaction_bytes, 0 memtable_compaction, 0 memtable_slowdown, interval 0 total count

** Compaction Ring Stats [usertable] **
Ring  Files   Size  Frag(%)
----------------------------
 Sum        0  0.00 KB  -nan 
VLog Read Latency over 0 reads with average length 0:   0.000 usec
VLog Decompress Latency over 0 reads with average length 0:   0.000 usec

** File Read Latency Histogram By Level [usertable] **

** Compaction Stats [default] **
Level    Files   Size     Score Read(GB)  Rn(GB) Rnp1(GB) Write(GB) Wnew(GB) Moved(GB) W-Amp Rd(MB/s) Wr(MB/s) Comp(sec) CompMergeCPU(sec) Comp(cnt) Avg(sec) KeyIn KeyDropWVCmp(GB) WVRaw(GB) WVRemap(GB) WVFiles
-------------------------------------------------------------------------------------------------------------------------------------------------------------------------------------------------------------------
 Sum      0/0    0.00 KB   0.0      0.0     0.0      0.0       0.0      0.0       0.0   0.0      0.0      0.0      0.00              0.00         0    0.000       0      0      0.0      0.0        0.0       0
 Int      0/0    0.00 KB   0.0      0.0     0.0      0.0       0.0      0.0       0.0   0.0      0.0      0.0      0.00              0.00         0    0.000       0      0      0.0      0.0        0.0       0

** Compaction Stats [default] **
Priority    Files   Size     Score Read(GB)  Rn(GB) Rnp1(GB) Write(GB) Wnew(GB) Moved(GB) W-Amp Rd(MB/s) Wr(MB/s) Comp(sec) CompMergeCPU(sec) Comp(cnt) Avg(sec) KeyIn KeyDropWVCmp(GB) WVRaw(GB) WVRemap(GB) WVFiles
----------------------------------------------------------------------------------------------------------------------------------------------------------------------------------------------------------------------
Uptime(secs): 0.2 total, 0.0 interval
Flush(GB): cumulative 0.000, interval 0.000
AddFile(GB): cumulative 0.000, interval 0.000
AddFile(Total Files): cumulative 0, interval 0
AddFile(L0 Files): cumulative 0, interval 0
AddFile(Keys): cumulative 0, interval 0
Cumulative compaction: 0.00 GB write, 0.00 MB/s write, 0.00 GB read, 0.00 MB/s read, 0.0 seconds
Interval compaction: 0.00 GB write, 0.00 MB/s write, 0.00 GB read, 0.00 MB/s read, 0.0 seconds
Stalls(count): 0 level0_slowdown, 0 level0_slowdown_with_compaction, 0 level0_numfiles, 0 level0_numfiles_with_compaction, 0 stop for pending_compaction_bytes, 0 slowdown for pending_compaction_bytes, 0 memtable_compaction, 0 memtable_slowdown, interval 0 total count

** Compaction Ring Stats [default] **
Ring  Files   Size  Frag(%)
----------------------------
 Sum        0  0.00 KB  -nan 
VLog Read Latency over 0 reads with average length 0:   0.000 usec
VLog Decompress Latency over 0 reads with average length 0:   0.000 usec

** File Read Latency Histogram By Level [default] **

** Compaction Stats [usertable] **
Level    Files   Size     Score Read(GB)  Rn(GB) Rnp1(GB) Write(GB) Wnew(GB) Moved(GB) W-Amp Rd(MB/s) Wr(MB/s) Comp(sec) CompMergeCPU(sec) Comp(cnt) Avg(sec) KeyIn KeyDropWVCmp(GB) WVRaw(GB) WVRemap(GB) WVFiles
-------------------------------------------------------------------------------------------------------------------------------------------------------------------------------------------------------------------
 Sum      0/0    0.00 KB   0.0      0.0     0.0      0.0       0.0      0.0       0.0   0.0      0.0      0.0      0.00              0.00         0    0.000       0      0      0.0      0.0        0.0       0
 Int      0/0    0.00 KB   0.0      0.0     0.0      0.0       0.0      0.0       0.0   0.0      0.0      0.0      0.00              0.00         0    0.000       0      0      0.0      0.0        0.0       0

** Compaction Stats [usertable] **
Priority    Files   Size     Score Read(GB)  Rn(GB) Rnp1(GB) Write(GB) Wnew(GB) Moved(GB) W-Amp Rd(MB/s) Wr(MB/s) Comp(sec) CompMergeCPU(sec) Comp(cnt) Avg(sec) KeyIn KeyDropWVCmp(GB) WVRaw(GB) WVRemap(GB) WVFiles
----------------------------------------------------------------------------------------------------------------------------------------------------------------------------------------------------------------------
Uptime(secs): 0.1 total, 0.0 interval
Flush(GB): cumulative 0.000, interval 0.000
AddFile(GB): cumulative 0.000, interval 0.000
AddFile(Total Files): cumulative 0, interval 0
AddFile(L0 Files): cumulative 0, interval 0
AddFile(Keys): cumulative 0, interval 0
Cumulative compaction: 0.00 GB write, 0.00 MB/s write, 0.00 GB read, 0.00 MB/s read, 0.0 seconds
Interval compaction: 0.00 GB write, 0.00 MB/s write, 0.00 GB read, 0.00 MB/s read, 0.0 seconds
Stalls(count): 0 level0_slowdown, 0 level0_slowdown_with_compaction, 0 level0_numfiles, 0 level0_numfiles_with_compaction, 0 stop for pending_compaction_bytes, 0 slowdown for pending_compaction_bytes, 0 memtable_compaction, 0 memtable_slowdown, interval 0 total count

** Compaction Ring Stats [usertable] **
Ring  Files   Size  Frag(%)
----------------------------
 Sum        0  0.00 KB  -nan 
VLog Read Latency over 0 reads with average length 0:   0.000 usec
VLog Decompress Latency over 0 reads with average length 0:   0.000 usec

** File Read Latency Histogram By Level [usertable] **
2020/01/20-12:58:19.270470 7f31d86fc700 [/db_impl_write.cc:1470] [usertable] New memtable created with log file: #9. Immutable memtables: 0.
2020/01/20-12:58:28.057970 7f31d07f8700 [/db_impl_write.cc:1470] [usertable] New memtable created with log file: #10. Immutable memtables: 1.
2020/01/20-12:58:28.058736 7f31b97fa700 [/db_impl_compaction_flush.cc:108] [JOB 26] Syncing log #3
2020/01/20-12:58:28.303777 7f31b97fa700 [/db_impl_compaction_flush.cc:108] [JOB 26] Syncing log #9
2020/01/20-12:58:28.815115 7f31b97fa700 (Original Log Time 2020/01/20-12:58:28.058608) [/db_impl_compaction_flush.cc:2087] Calling FlushMemTableToOutputFile with column family [usertable], flush slots available 24, compaction slots available 1, flush slots scheduled 24, compaction slots scheduled 0
2020/01/20-12:58:28.815138 7f31b97fa700 [/flush_job.cc:325] [usertable] [JOB 26] Flushing memtable with next log file: 9
2020/01/20-12:58:28.815164 7f31b97fa700 [/flush_job.cc:325] [usertable] [JOB 26] Flushing memtable with next log file: 10
2020/01/20-12:58:28.815322 7f31b97fa700 EVENT_LOG_v1 {"time_micros": 1579553908815278, "job": 26, "event": "flush_started", "num_memtables": 2, "num_entries": 61514, "num_deletes": 0, "total_data_size": 253622222, "memory_usage": 260123112, "flush_reason": "Write Buffer Full"}
2020/01/20-12:58:28.815338 7f31b97fa700 [/flush_job.cc:354] [usertable] [JOB 26] Level-0 flush table #11: started
