2020/02/29-13:34:24.192403 7f504bd200 RocksDB version: 6.5.3
2020/02/29-13:34:24.192554 7f504bd200 Git sha rocksdb_build_git_sha:
2020/02/29-13:34:24.192561 7f504bd200 Compile date Jan 21 2020
2020/02/29-13:34:24.192569 7f504bd200 DB SUMMARY
2020/02/29-13:34:24.192618 7f504bd200 SST files in /mnt/sda/mbwu-rocksdb-data dir, Total Num: 0, files: 
2020/02/29-13:34:24.192628 7f504bd200 Write Ahead Log file in /mnt/sda/mbwu-rocksdb-data: 
2020/02/29-13:34:24.192634 7f504bd200                         Options.error_if_exists: 0
2020/02/29-13:34:24.192637 7f504bd200                       Options.create_if_missing: 1
2020/02/29-13:34:24.192640 7f504bd200                         Options.paranoid_checks: 1
2020/02/29-13:34:24.192643 7f504bd200                                     Options.env: 0x7f287fac50
2020/02/29-13:34:24.192646 7f504bd200                                Options.info_log: 0x7f0c08cb70
2020/02/29-13:34:24.192649 7f504bd200                Options.max_file_opening_threads: 16
2020/02/29-13:34:24.192651 7f504bd200                              Options.statistics: (nil)
2020/02/29-13:34:24.192655 7f504bd200                               Options.use_fsync: 0
2020/02/29-13:34:24.192657 7f504bd200                       Options.max_log_file_size: 0
2020/02/29-13:34:24.192660 7f504bd200                  Options.max_manifest_file_size: 1073741824
2020/02/29-13:34:24.192663 7f504bd200                   Options.log_file_time_to_roll: 0
2020/02/29-13:34:24.192666 7f504bd200                       Options.keep_log_file_num: 1000
2020/02/29-13:34:24.192669 7f504bd200                    Options.recycle_log_file_num: 0
2020/02/29-13:34:24.192671 7f504bd200                         Options.allow_fallocate: 1
2020/02/29-13:34:24.192674 7f504bd200                        Options.allow_mmap_reads: 0
2020/02/29-13:34:24.192677 7f504bd200                       Options.allow_mmap_writes: 0
2020/02/29-13:34:24.192680 7f504bd200                        Options.use_direct_reads: 0
2020/02/29-13:34:24.192683 7f504bd200                        Options.use_direct_io_for_flush_and_compaction: 0
2020/02/29-13:34:24.192685 7f504bd200          Options.create_missing_column_families: 1
2020/02/29-13:34:24.192688 7f504bd200                              Options.db_log_dir: 
2020/02/29-13:34:24.192691 7f504bd200                                 Options.wal_dir: /mnt/sda/mbwu-rocksdb-data
2020/02/29-13:34:24.192693 7f504bd200                Options.table_cache_numshardbits: 6
2020/02/29-13:34:24.192696 7f504bd200                      Options.max_subcompactions: 1
2020/02/29-13:34:24.192699 7f504bd200                  Options.max_background_flushes: 6
2020/02/29-13:34:24.192702 7f504bd200                         Options.WAL_ttl_seconds: 0
2020/02/29-13:34:24.192705 7f504bd200                       Options.WAL_size_limit_MB: 0
2020/02/29-13:34:24.192708 7f504bd200                        Options.max_write_batch_group_size_bytes: 1048576
2020/02/29-13:34:24.192711 7f504bd200             Options.manifest_preallocation_size: 4194304
2020/02/29-13:34:24.192714 7f504bd200                     Options.is_fd_close_on_exec: 1
2020/02/29-13:34:24.192716 7f504bd200                   Options.advise_random_on_open: 1
2020/02/29-13:34:24.192719 7f504bd200                    Options.db_write_buffer_size: 0
2020/02/29-13:34:24.192722 7f504bd200                    Options.write_buffer_manager: 0x7f0c088210
2020/02/29-13:34:24.192725 7f504bd200         Options.access_hint_on_compaction_start: 1
2020/02/29-13:34:24.192728 7f504bd200  Options.new_table_reader_for_compaction_inputs: 0
2020/02/29-13:34:24.192730 7f504bd200           Options.random_access_max_buffer_size: 1048576
2020/02/29-13:34:24.192733 7f504bd200                      Options.use_adaptive_mutex: 0
2020/02/29-13:34:24.192735 7f504bd200                            Options.rate_limiter: (nil)
2020/02/29-13:34:24.192740 7f504bd200     Options.sst_file_manager.rate_bytes_per_sec: 0
2020/02/29-13:34:24.192743 7f504bd200                       Options.wal_recovery_mode: 2
2020/02/29-13:34:24.192746 7f504bd200                  Options.enable_thread_tracking: 0
2020/02/29-13:34:24.192748 7f504bd200                  Options.enable_pipelined_write: 0
2020/02/29-13:34:24.192767 7f504bd200                  Options.unordered_write: 0
2020/02/29-13:34:24.192772 7f504bd200         Options.allow_concurrent_memtable_write: 1
2020/02/29-13:34:24.192774 7f504bd200      Options.enable_write_thread_adaptive_yield: 1
2020/02/29-13:34:24.192777 7f504bd200             Options.write_thread_max_yield_usec: 100
2020/02/29-13:34:24.192779 7f504bd200            Options.write_thread_slow_yield_usec: 3
2020/02/29-13:34:24.192782 7f504bd200                               Options.row_cache: None
2020/02/29-13:34:24.192785 7f504bd200                              Options.wal_filter: None
2020/02/29-13:34:24.192788 7f504bd200             Options.avoid_flush_during_recovery: 0
2020/02/29-13:34:24.192790 7f504bd200             Options.allow_ingest_behind: 0
2020/02/29-13:34:24.192793 7f504bd200             Options.preserve_deletes: 0
2020/02/29-13:34:24.192795 7f504bd200             Options.two_write_queues: 0
2020/02/29-13:34:24.192798 7f504bd200             Options.manual_wal_flush: 0
2020/02/29-13:34:24.192800 7f504bd200             Options.atomic_flush: 0
2020/02/29-13:34:24.192803 7f504bd200             Options.avoid_unnecessary_blocking_io: 0
2020/02/29-13:34:24.192805 7f504bd200                 Options.persist_stats_to_disk: 0
2020/02/29-13:34:24.192808 7f504bd200                 Options.write_dbid_to_manifest: 0
2020/02/29-13:34:24.192810 7f504bd200                 Options.log_readahead_size: 0
2020/02/29-13:34:24.192816 7f504bd200             Options.max_background_jobs: 6
2020/02/29-13:34:24.192819 7f504bd200             Options.max_background_compactions: 6
2020/02/29-13:34:24.192821 7f504bd200             Options.avoid_flush_during_shutdown: 0
2020/02/29-13:34:24.192824 7f504bd200           Options.writable_file_max_buffer_size: 1048576
2020/02/29-13:34:24.192826 7f504bd200             Options.delayed_write_rate : 16777216
2020/02/29-13:34:24.192829 7f504bd200             Options.max_total_wal_size: 0
2020/02/29-13:34:24.192832 7f504bd200             Options.delete_obsolete_files_period_micros: 21600000000
2020/02/29-13:34:24.192834 7f504bd200                   Options.stats_dump_period_sec: 600
2020/02/29-13:34:24.192837 7f504bd200                 Options.stats_persist_period_sec: 600
2020/02/29-13:34:24.192840 7f504bd200                 Options.stats_history_buffer_size: 1048576
2020/02/29-13:34:24.192842 7f504bd200                          Options.max_open_files: -1
2020/02/29-13:34:24.192845 7f504bd200                          Options.bytes_per_sync: 1048576
2020/02/29-13:34:24.192848 7f504bd200                      Options.wal_bytes_per_sync: 0
2020/02/29-13:34:24.192851 7f504bd200                   Options.strict_bytes_per_sync: 0
2020/02/29-13:34:24.192853 7f504bd200       Options.compaction_readahead_size: 0
2020/02/29-13:34:24.192856 7f504bd200 Compression algorithms supported:
2020/02/29-13:34:24.192859 7f504bd200 	kZSTDNotFinalCompression supported: 1
2020/02/29-13:34:24.192892 7f504bd200 	kZSTD supported: 1
2020/02/29-13:34:24.192897 7f504bd200 	kXpressCompression supported: 0
2020/02/29-13:34:24.192900 7f504bd200 	kLZ4HCCompression supported: 1
2020/02/29-13:34:24.192903 7f504bd200 	kLZ4Compression supported: 1
2020/02/29-13:34:24.192906 7f504bd200 	kBZip2Compression supported: 1
2020/02/29-13:34:24.192908 7f504bd200 	kZlibCompression supported: 1
2020/02/29-13:34:24.192911 7f504bd200 	kSnappyCompression supported: 1
2020/02/29-13:34:24.192919 7f504bd200 Fast CRC32 supported: Not supported on x86
2020/02/29-13:34:24.223521 7f504bd200 [_impl/db_impl_open.cc:247] Creating manifest 1 
2020/02/29-13:34:24.298692 7f504bd200 [rsion_set.cc:4319] Recovering from manifest file: /mnt/sda/mbwu-rocksdb-data/MANIFEST-000001
2020/02/29-13:34:24.298891 7f504bd200 [lumn_family.cc:489] --------------- Options for column family [default]:
2020/02/29-13:34:24.298900 7f504bd200               Options.comparator: leveldb.BytewiseComparator
2020/02/29-13:34:24.298904 7f504bd200           Options.merge_operator: None
2020/02/29-13:34:24.298907 7f504bd200        Options.compaction_filter: None
2020/02/29-13:34:24.298947 7f504bd200        Options.compaction_filter_factory: None
2020/02/29-13:34:24.298951 7f504bd200         Options.memtable_factory: SkipListFactory
2020/02/29-13:34:24.298955 7f504bd200            Options.table_factory: BlockBasedTable
2020/02/29-13:34:24.299009 7f504bd200            table_factory options:   flush_block_policy_factory: FlushBlockBySizePolicyFactory (0x7f0c088e80)
  cache_index_and_filter_blocks: 0
  cache_index_and_filter_blocks_with_high_priority: 1
  pin_l0_filter_and_index_blocks_in_cache: 0
  pin_top_level_index_and_filter: 1
  index_type: 0
  data_block_index_type: 0
  index_shortening: 1
  data_block_hash_table_util_ratio: 0.750000
  hash_index_allow_collision: 1
  checksum: 1
  no_block_cache: 0
  block_cache: 0x7f0c089070
  block_cache_name: LRUCache
  block_cache_options:
    capacity : 8388608
    num_shard_bits : 4
    strict_capacity_limit : 0
    memory_allocator : None
    high_pri_pool_ratio: 0.000
  block_cache_compressed: (nil)
  persistent_cache: (nil)
  block_size: 4096
  block_size_deviation: 10
  block_restart_interval: 16
  index_block_restart_interval: 1
  metadata_block_size: 4096
  partition_filters: 0
  use_delta_encoding: 1
  filter_policy: nullptr
  whole_key_filtering: 1
  verify_compression: 0
  read_amp_bytes_per_bit: 0
  format_version: 2
  enable_index_compression: 1
  block_align: 0
2020/02/29-13:34:24.299014 7f504bd200        Options.write_buffer_size: 134217728
2020/02/29-13:34:24.299017 7f504bd200  Options.max_write_buffer_number: 6
2020/02/29-13:34:24.299021 7f504bd200        Options.compression[0]: NoCompression
2020/02/29-13:34:24.299025 7f504bd200        Options.compression[1]: NoCompression
2020/02/29-13:34:24.299028 7f504bd200        Options.compression[2]: LZ4
2020/02/29-13:34:24.299031 7f504bd200        Options.compression[3]: LZ4
2020/02/29-13:34:24.299034 7f504bd200        Options.compression[4]: LZ4
2020/02/29-13:34:24.299036 7f504bd200        Options.compression[5]: LZ4
2020/02/29-13:34:24.299039 7f504bd200        Options.compression[6]: LZ4
2020/02/29-13:34:24.299042 7f504bd200                  Options.bottommost_compression: Disabled
2020/02/29-13:34:24.299045 7f504bd200       Options.prefix_extractor: nullptr
2020/02/29-13:34:24.299047 7f504bd200   Options.memtable_insert_with_hint_prefix_extractor: nullptr
2020/02/29-13:34:24.299050 7f504bd200             Options.num_levels: 7
2020/02/29-13:34:24.299052 7f504bd200        Options.min_write_buffer_number_to_merge: 2
2020/02/29-13:34:24.299055 7f504bd200     Options.max_write_buffer_number_to_maintain: 0
2020/02/29-13:34:24.299057 7f504bd200     Options.max_write_buffer_size_to_maintain: 0
2020/02/29-13:34:24.299060 7f504bd200            Options.bottommost_compression_opts.window_bits: -14
2020/02/29-13:34:24.299063 7f504bd200                  Options.bottommost_compression_opts.level: 32767
2020/02/29-13:34:24.299065 7f504bd200               Options.bottommost_compression_opts.strategy: 0
2020/02/29-13:34:24.299068 7f504bd200         Options.bottommost_compression_opts.max_dict_bytes: 0
2020/02/29-13:34:24.299070 7f504bd200         Options.bottommost_compression_opts.zstd_max_train_bytes: 0
2020/02/29-13:34:24.299073 7f504bd200                  Options.bottommost_compression_opts.enabled: false
2020/02/29-13:34:24.299076 7f504bd200            Options.compression_opts.window_bits: -14
2020/02/29-13:34:24.299079 7f504bd200                  Options.compression_opts.level: 32767
2020/02/29-13:34:24.299081 7f504bd200               Options.compression_opts.strategy: 0
2020/02/29-13:34:24.299084 7f504bd200         Options.compression_opts.max_dict_bytes: 0
2020/02/29-13:34:24.299086 7f504bd200         Options.compression_opts.zstd_max_train_bytes: 0
2020/02/29-13:34:24.299089 7f504bd200                  Options.compression_opts.enabled: false
2020/02/29-13:34:24.299091 7f504bd200      Options.level0_file_num_compaction_trigger: 2
2020/02/29-13:34:24.299094 7f504bd200          Options.level0_slowdown_writes_trigger: 20
2020/02/29-13:34:24.299096 7f504bd200              Options.level0_stop_writes_trigger: 36
2020/02/29-13:34:24.299112 7f504bd200                   Options.target_file_size_base: 67108864
2020/02/29-13:34:24.299117 7f504bd200             Options.target_file_size_multiplier: 1
2020/02/29-13:34:24.299120 7f504bd200                Options.max_bytes_for_level_base: 536870912
2020/02/29-13:34:24.299122 7f504bd200                      Options.snap_refresh_nanos: 0
2020/02/29-13:34:24.299125 7f504bd200 Options.level_compaction_dynamic_level_bytes: 0
2020/02/29-13:34:24.299127 7f504bd200          Options.max_bytes_for_level_multiplier: 10.000000
2020/02/29-13:34:24.299132 7f504bd200 Options.max_bytes_for_level_multiplier_addtl[0]: 1
2020/02/29-13:34:24.299135 7f504bd200 Options.max_bytes_for_level_multiplier_addtl[1]: 1
2020/02/29-13:34:24.299138 7f504bd200 Options.max_bytes_for_level_multiplier_addtl[2]: 1
2020/02/29-13:34:24.299140 7f504bd200 Options.max_bytes_for_level_multiplier_addtl[3]: 1
2020/02/29-13:34:24.299143 7f504bd200 Options.max_bytes_for_level_multiplier_addtl[4]: 1
2020/02/29-13:34:24.299145 7f504bd200 Options.max_bytes_for_level_multiplier_addtl[5]: 1
2020/02/29-13:34:24.299148 7f504bd200 Options.max_bytes_for_level_multiplier_addtl[6]: 1
2020/02/29-13:34:24.299151 7f504bd200       Options.max_sequential_skip_in_iterations: 8
2020/02/29-13:34:24.299153 7f504bd200                    Options.max_compaction_bytes: 1677721600
2020/02/29-13:34:24.299156 7f504bd200                        Options.arena_block_size: 16777216
2020/02/29-13:34:24.299159 7f504bd200   Options.soft_pending_compaction_bytes_limit: 68719476736
2020/02/29-13:34:24.299161 7f504bd200   Options.hard_pending_compaction_bytes_limit: 274877906944
2020/02/29-13:34:24.299164 7f504bd200       Options.rate_limit_delay_max_milliseconds: 100
2020/02/29-13:34:24.299167 7f504bd200                Options.disable_auto_compactions: 0
2020/02/29-13:34:24.299170 7f504bd200                        Options.compaction_style: kCompactionStyleLevel
2020/02/29-13:34:24.299174 7f504bd200                          Options.compaction_pri: kMinOverlappingRatio
2020/02/29-13:34:24.299177 7f504bd200 Options.compaction_options_universal.size_ratio: 1
2020/02/29-13:34:24.299180 7f504bd200 Options.compaction_options_universal.min_merge_width: 2
2020/02/29-13:34:24.299182 7f504bd200 Options.compaction_options_universal.max_merge_width: 4294967295
2020/02/29-13:34:24.299185 7f504bd200 Options.compaction_options_universal.max_size_amplification_percent: 200
2020/02/29-13:34:24.299187 7f504bd200 Options.compaction_options_universal.compression_size_percent: -1
2020/02/29-13:34:24.299191 7f504bd200 Options.compaction_options_universal.stop_style: kCompactionStopStyleTotalSize
2020/02/29-13:34:24.299194 7f504bd200 Options.compaction_options_fifo.max_table_files_size: 1073741824
2020/02/29-13:34:24.299197 7f504bd200 Options.compaction_options_fifo.allow_compaction: 0
2020/02/29-13:34:24.299199 7f504bd200                   Options.table_properties_collectors: 
2020/02/29-13:34:24.299202 7f504bd200                   Options.inplace_update_support: 0
2020/02/29-13:34:24.299205 7f504bd200                 Options.inplace_update_num_locks: 10000
2020/02/29-13:34:24.299207 7f504bd200               Options.memtable_prefix_bloom_size_ratio: 0.000000
2020/02/29-13:34:24.299210 7f504bd200               Options.memtable_whole_key_filtering: 0
2020/02/29-13:34:24.299213 7f504bd200   Options.memtable_huge_page_size: 0
2020/02/29-13:34:24.299215 7f504bd200                           Options.bloom_locality: 0
2020/02/29-13:34:24.299218 7f504bd200                    Options.max_successive_merges: 0
2020/02/29-13:34:24.299221 7f504bd200                Options.optimize_filters_for_hits: 0
2020/02/29-13:34:24.299223 7f504bd200                Options.paranoid_file_checks: 0
2020/02/29-13:34:24.299226 7f504bd200                Options.force_consistency_checks: 0
2020/02/29-13:34:24.299228 7f504bd200                Options.report_bg_io_stats: 0
2020/02/29-13:34:24.299231 7f504bd200                               Options.ttl: 0
2020/02/29-13:34:24.299245 7f504bd200          Options.periodic_compaction_seconds: 0
2020/02/29-13:34:24.301135 7f504bd200 [rsion_set.cc:4469] Recovered from manifest file:/mnt/sda/mbwu-rocksdb-data/MANIFEST-000001 succeeded,manifest_file_number is 1, next_file_number is 3, last_sequence is 0, log_number is 0,prev_log_number is 0,max_column_family is 0,min_log_number_to_keep is 0
2020/02/29-13:34:24.301161 7f504bd200 [rsion_set.cc:4478] Column family [default] (ID 0), log number is 0
2020/02/29-13:34:24.301792 7f504bd200 [rsion_set.cc:3734] Creating manifest 4
2020/02/29-13:34:24.378136 7f504bd200 [lumn_family.cc:489] --------------- Options for column family [usertable]:
2020/02/29-13:34:24.378176 7f504bd200               Options.comparator: leveldb.BytewiseComparator
2020/02/29-13:34:24.378183 7f504bd200           Options.merge_operator: None
2020/02/29-13:34:24.378189 7f504bd200        Options.compaction_filter: None
2020/02/29-13:34:24.378195 7f504bd200        Options.compaction_filter_factory: None
2020/02/29-13:34:24.378201 7f504bd200         Options.memtable_factory: SkipListFactory
2020/02/29-13:34:24.378208 7f504bd200            Options.table_factory: BlockBasedTable
2020/02/29-13:34:24.378308 7f504bd200            table_factory options:   flush_block_policy_factory: FlushBlockBySizePolicyFactory (0x7f0c089b30)
  cache_index_and_filter_blocks: 0
  cache_index_and_filter_blocks_with_high_priority: 1
  pin_l0_filter_and_index_blocks_in_cache: 0
  pin_top_level_index_and_filter: 1
  index_type: 0
  data_block_index_type: 0
  index_shortening: 1
  data_block_hash_table_util_ratio: 0.750000
  hash_index_allow_collision: 1
  checksum: 1
  no_block_cache: 0
  block_cache: 0x7f0c08e190
  block_cache_name: LRUCache
  block_cache_options:
    capacity : 8388608
    num_shard_bits : 4
    strict_capacity_limit : 0
    memory_allocator : None
    high_pri_pool_ratio: 0.000
  block_cache_compressed: (nil)
  persistent_cache: (nil)
  block_size: 4096
  block_size_deviation: 10
  block_restart_interval: 16
  index_block_restart_interval: 1
  metadata_block_size: 4096
  partition_filters: 0
  use_delta_encoding: 1
  filter_policy: nullptr
  whole_key_filtering: 1
  verify_compression: 0
  read_amp_bytes_per_bit: 0
  format_version: 2
  enable_index_compression: 1
  block_align: 0
2020/02/29-13:34:24.378320 7f504bd200        Options.write_buffer_size: 134217728
2020/02/29-13:34:24.378327 7f504bd200  Options.max_write_buffer_number: 6
2020/02/29-13:34:24.378335 7f504bd200        Options.compression[0]: NoCompression
2020/02/29-13:34:24.378342 7f504bd200        Options.compression[1]: NoCompression
2020/02/29-13:34:24.378349 7f504bd200        Options.compression[2]: LZ4
2020/02/29-13:34:24.378355 7f504bd200        Options.compression[3]: LZ4
2020/02/29-13:34:24.378362 7f504bd200        Options.compression[4]: LZ4
2020/02/29-13:34:24.378368 7f504bd200        Options.compression[5]: LZ4
2020/02/29-13:34:24.378374 7f504bd200        Options.compression[6]: LZ4
2020/02/29-13:34:24.378381 7f504bd200                  Options.bottommost_compression: Disabled
2020/02/29-13:34:24.378387 7f504bd200       Options.prefix_extractor: nullptr
2020/02/29-13:34:24.378393 7f504bd200   Options.memtable_insert_with_hint_prefix_extractor: nullptr
2020/02/29-13:34:24.378399 7f504bd200             Options.num_levels: 7
2020/02/29-13:34:24.378405 7f504bd200        Options.min_write_buffer_number_to_merge: 2
2020/02/29-13:34:24.378490 7f504bd200     Options.max_write_buffer_number_to_maintain: 0
2020/02/29-13:34:24.378497 7f504bd200     Options.max_write_buffer_size_to_maintain: 0
2020/02/29-13:34:24.378504 7f504bd200            Options.bottommost_compression_opts.window_bits: -14
2020/02/29-13:34:24.378510 7f504bd200                  Options.bottommost_compression_opts.level: 32767
2020/02/29-13:34:24.378516 7f504bd200               Options.bottommost_compression_opts.strategy: 0
2020/02/29-13:34:24.378522 7f504bd200         Options.bottommost_compression_opts.max_dict_bytes: 0
2020/02/29-13:34:24.378528 7f504bd200         Options.bottommost_compression_opts.zstd_max_train_bytes: 0
2020/02/29-13:34:24.378534 7f504bd200                  Options.bottommost_compression_opts.enabled: false
2020/02/29-13:34:24.378540 7f504bd200            Options.compression_opts.window_bits: -14
2020/02/29-13:34:24.378546 7f504bd200                  Options.compression_opts.level: 32767
2020/02/29-13:34:24.378552 7f504bd200               Options.compression_opts.strategy: 0
2020/02/29-13:34:24.378558 7f504bd200         Options.compression_opts.max_dict_bytes: 0
2020/02/29-13:34:24.378564 7f504bd200         Options.compression_opts.zstd_max_train_bytes: 0
2020/02/29-13:34:24.378622 7f504bd200                  Options.compression_opts.enabled: false
2020/02/29-13:34:24.378629 7f504bd200      Options.level0_file_num_compaction_trigger: 2
2020/02/29-13:34:24.378635 7f504bd200          Options.level0_slowdown_writes_trigger: 20
2020/02/29-13:34:24.378641 7f504bd200              Options.level0_stop_writes_trigger: 36
2020/02/29-13:34:24.378647 7f504bd200                   Options.target_file_size_base: 67108864
2020/02/29-13:34:24.378652 7f504bd200             Options.target_file_size_multiplier: 1
2020/02/29-13:34:24.378658 7f504bd200                Options.max_bytes_for_level_base: 536870912
2020/02/29-13:34:24.378664 7f504bd200                      Options.snap_refresh_nanos: 0
2020/02/29-13:34:24.378670 7f504bd200 Options.level_compaction_dynamic_level_bytes: 0
2020/02/29-13:34:24.378676 7f504bd200          Options.max_bytes_for_level_multiplier: 10.000000
2020/02/29-13:34:24.378687 7f504bd200 Options.max_bytes_for_level_multiplier_addtl[0]: 1
2020/02/29-13:34:24.378693 7f504bd200 Options.max_bytes_for_level_multiplier_addtl[1]: 1
2020/02/29-13:34:24.378699 7f504bd200 Options.max_bytes_for_level_multiplier_addtl[2]: 1
2020/02/29-13:34:24.378705 7f504bd200 Options.max_bytes_for_level_multiplier_addtl[3]: 1
2020/02/29-13:34:24.378711 7f504bd200 Options.max_bytes_for_level_multiplier_addtl[4]: 1
2020/02/29-13:34:24.378716 7f504bd200 Options.max_bytes_for_level_multiplier_addtl[5]: 1
2020/02/29-13:34:24.378722 7f504bd200 Options.max_bytes_for_level_multiplier_addtl[6]: 1
2020/02/29-13:34:24.378728 7f504bd200       Options.max_sequential_skip_in_iterations: 8
2020/02/29-13:34:24.378734 7f504bd200                    Options.max_compaction_bytes: 1677721600
2020/02/29-13:34:24.378740 7f504bd200                        Options.arena_block_size: 16777216
2020/02/29-13:34:24.378746 7f504bd200   Options.soft_pending_compaction_bytes_limit: 68719476736
2020/02/29-13:34:24.378752 7f504bd200   Options.hard_pending_compaction_bytes_limit: 274877906944
2020/02/29-13:34:24.378758 7f504bd200       Options.rate_limit_delay_max_milliseconds: 100
2020/02/29-13:34:24.378764 7f504bd200                Options.disable_auto_compactions: 0
2020/02/29-13:34:24.378771 7f504bd200                        Options.compaction_style: kCompactionStyleLevel
2020/02/29-13:34:24.378778 7f504bd200                          Options.compaction_pri: kMinOverlappingRatio
2020/02/29-13:34:24.378785 7f504bd200 Options.compaction_options_universal.size_ratio: 1
2020/02/29-13:34:24.378790 7f504bd200 Options.compaction_options_universal.min_merge_width: 2
2020/02/29-13:34:24.378796 7f504bd200 Options.compaction_options_universal.max_merge_width: 4294967295
2020/02/29-13:34:24.378802 7f504bd200 Options.compaction_options_universal.max_size_amplification_percent: 200
2020/02/29-13:34:24.378808 7f504bd200 Options.compaction_options_universal.compression_size_percent: -1
2020/02/29-13:34:24.378815 7f504bd200 Options.compaction_options_universal.stop_style: kCompactionStopStyleTotalSize
2020/02/29-13:34:24.378820 7f504bd200 Options.compaction_options_fifo.max_table_files_size: 1073741824
2020/02/29-13:34:24.378826 7f504bd200 Options.compaction_options_fifo.allow_compaction: 0
2020/02/29-13:34:24.378832 7f504bd200                   Options.table_properties_collectors: 
2020/02/29-13:34:24.378838 7f504bd200                   Options.inplace_update_support: 0
2020/02/29-13:34:24.378844 7f504bd200                 Options.inplace_update_num_locks: 10000
2020/02/29-13:34:24.378850 7f504bd200               Options.memtable_prefix_bloom_size_ratio: 0.000000
2020/02/29-13:34:24.378856 7f504bd200               Options.memtable_whole_key_filtering: 0
2020/02/29-13:34:24.378862 7f504bd200   Options.memtable_huge_page_size: 0
2020/02/29-13:34:24.378868 7f504bd200                           Options.bloom_locality: 0
2020/02/29-13:34:24.378874 7f504bd200                    Options.max_successive_merges: 0
2020/02/29-13:34:24.378879 7f504bd200                Options.optimize_filters_for_hits: 0
2020/02/29-13:34:24.378885 7f504bd200                Options.paranoid_file_checks: 0
2020/02/29-13:34:24.378911 7f504bd200                Options.force_consistency_checks: 0
2020/02/29-13:34:24.378919 7f504bd200                Options.report_bg_io_stats: 0
2020/02/29-13:34:24.378925 7f504bd200                               Options.ttl: 0
2020/02/29-13:34:24.378930 7f504bd200          Options.periodic_compaction_seconds: 0
2020/02/29-13:34:24.379148 7f504bd200 [_impl/db_impl.cc:2167] Created column family [usertable] (ID 1)
2020/02/29-13:34:24.466683 7f504bd200 DB pointer 0x7f0c08b800
2020/02/29-13:34:24.470670 7ed67ff200 [_impl/db_impl.cc:853] ------- DUMPING STATS -------
2020/02/29-13:34:24.470869 7ed67ff200 [_impl/db_impl.cc:854] 
** DB Stats **
Uptime(secs): 0.2 total, 0.2 interval
Cumulative writes: 0 writes, 0 keys, 0 commit groups, 0.0 writes per commit group, ingest: 0.00 GB, 0.00 MB/s
Cumulative WAL: 0 writes, 0 syncs, 0.00 writes per sync, written: 0.00 GB, 0.00 MB/s
Cumulative stall: 00:00:0.000 H:M:S, 0.0 percent
Interval writes: 0 writes, 0 keys, 0 commit groups, 0.0 writes per commit group, ingest: 0.00 MB, 0.00 MB/s
Interval WAL: 0 writes, 0 syncs, 0.00 writes per sync, written: 0.00 MB, 0.00 MB/s
Interval stall: 00:00:0.000 H:M:S, 0.0 percent

** Compaction Stats [default] **
Level    Files   Size     Score Read(GB)  Rn(GB) Rnp1(GB) Write(GB) Wnew(GB) Moved(GB) W-Amp Rd(MB/s) Wr(MB/s) Comp(sec) CompMergeCPU(sec) Comp(cnt) Avg(sec) KeyIn KeyDrop
----------------------------------------------------------------------------------------------------------------------------------------------------------------------------
 Sum      0/0    0.00 KB   0.0      0.0     0.0      0.0       0.0      0.0       0.0   0.0      0.0      0.0      0.00              0.00         0    0.000       0      0
 Int      0/0    0.00 KB   0.0      0.0     0.0      0.0       0.0      0.0       0.0   0.0      0.0      0.0      0.00              0.00         0    0.000       0      0

** Compaction Stats [default] **
Priority    Files   Size     Score Read(GB)  Rn(GB) Rnp1(GB) Write(GB) Wnew(GB) Moved(GB) W-Amp Rd(MB/s) Wr(MB/s) Comp(sec) CompMergeCPU(sec) Comp(cnt) Avg(sec) KeyIn KeyDrop
-------------------------------------------------------------------------------------------------------------------------------------------------------------------------------
Uptime(secs): 0.2 total, 0.2 interval
Flush(GB): cumulative 0.000, interval 0.000
AddFile(GB): cumulative 0.000, interval 0.000
AddFile(Total Files): cumulative 0, interval 0
AddFile(L0 Files): cumulative 0, interval 0
AddFile(Keys): cumulative 0, interval 0
Cumulative compaction: 0.00 GB write, 0.00 MB/s write, 0.00 GB read, 0.00 MB/s read, 0.0 seconds
Interval compaction: 0.00 GB write, 0.00 MB/s write, 0.00 GB read, 0.00 MB/s read, 0.0 seconds
Stalls(count): 0 level0_slowdown, 0 level0_slowdown_with_compaction, 0 level0_numfiles, 0 level0_numfiles_with_compaction, 0 stop for pending_compaction_bytes, 0 slowdown for pending_compaction_bytes, 0 memtable_compaction, 0 memtable_slowdown, interval 0 total count

** File Read Latency Histogram By Level [default] **

** Compaction Stats [usertable] **
Level    Files   Size     Score Read(GB)  Rn(GB) Rnp1(GB) Write(GB) Wnew(GB) Moved(GB) W-Amp Rd(MB/s) Wr(MB/s) Comp(sec) CompMergeCPU(sec) Comp(cnt) Avg(sec) KeyIn KeyDrop
----------------------------------------------------------------------------------------------------------------------------------------------------------------------------
 Sum      0/0    0.00 KB   0.0      0.0     0.0      0.0       0.0      0.0       0.0   0.0      0.0      0.0      0.00              0.00         0    0.000       0      0
 Int      0/0    0.00 KB   0.0      0.0     0.0      0.0       0.0      0.0       0.0   0.0      0.0      0.0      0.00              0.00         0    0.000       0      0

** Compaction Stats [usertable] **
Priority    Files   Size     Score Read(GB)  Rn(GB) Rnp1(GB) Write(GB) Wnew(GB) Moved(GB) W-Amp Rd(MB/s) Wr(MB/s) Comp(sec) CompMergeCPU(sec) Comp(cnt) Avg(sec) KeyIn KeyDrop
-------------------------------------------------------------------------------------------------------------------------------------------------------------------------------
Uptime(secs): 0.1 total, 0.1 interval
Flush(GB): cumulative 0.000, interval 0.000
AddFile(GB): cumulative 0.000, interval 0.000
AddFile(Total Files): cumulative 0, interval 0
AddFile(L0 Files): cumulative 0, interval 0
AddFile(Keys): cumulative 0, interval 0
Cumulative compaction: 0.00 GB write, 0.00 MB/s write, 0.00 GB read, 0.00 MB/s read, 0.0 seconds
Interval compaction: 0.00 GB write, 0.00 MB/s write, 0.00 GB read, 0.00 MB/s read, 0.0 seconds
Stalls(count): 0 level0_slowdown, 0 level0_slowdown_with_compaction, 0 level0_numfiles, 0 level0_numfiles_with_compaction, 0 stop for pending_compaction_bytes, 0 slowdown for pending_compaction_bytes, 0 memtable_compaction, 0 memtable_slowdown, interval 0 total count

** File Read Latency Histogram By Level [usertable] **

** Compaction Stats [default] **
Level    Files   Size     Score Read(GB)  Rn(GB) Rnp1(GB) Write(GB) Wnew(GB) Moved(GB) W-Amp Rd(MB/s) Wr(MB/s) Comp(sec) CompMergeCPU(sec) Comp(cnt) Avg(sec) KeyIn KeyDrop
----------------------------------------------------------------------------------------------------------------------------------------------------------------------------
 Sum      0/0    0.00 KB   0.0      0.0     0.0      0.0       0.0      0.0       0.0   0.0      0.0      0.0      0.00              0.00         0    0.000       0      0
 Int      0/0    0.00 KB   0.0      0.0     0.0      0.0       0.0      0.0       0.0   0.0      0.0      0.0      0.00              0.00         0    0.000       0      0

** Compaction Stats [default] **
Priority    Files   Size     Score Read(GB)  Rn(GB) Rnp1(GB) Write(GB) Wnew(GB) Moved(GB) W-Amp Rd(MB/s) Wr(MB/s) Comp(sec) CompMergeCPU(sec) Comp(cnt) Avg(sec) KeyIn KeyDrop
-------------------------------------------------------------------------------------------------------------------------------------------------------------------------------
Uptime(secs): 0.2 total, 0.0 interval
Flush(GB): cumulative 0.000, interval 0.000
AddFile(GB): cumulative 0.000, interval 0.000
AddFile(Total Files): cumulative 0, interval 0
AddFile(L0 Files): cumulative 0, interval 0
AddFile(Keys): cumulative 0, interval 0
Cumulative compaction: 0.00 GB write, 0.00 MB/s write, 0.00 GB read, 0.00 MB/s read, 0.0 seconds
Interval compaction: 0.00 GB write, 0.00 MB/s write, 0.00 GB read, 0.00 MB/s read, 0.0 seconds
Stalls(count): 0 level0_slowdown, 0 level0_slowdown_with_compaction, 0 level0_numfiles, 0 level0_numfiles_with_compaction, 0 stop for pending_compaction_bytes, 0 slowdown for pending_compaction_bytes, 0 memtable_compaction, 0 memtable_slowdown, interval 0 total count

** File Read Latency Histogram By Level [default] **

** Compaction Stats [usertable] **
Level    Files   Size     Score Read(GB)  Rn(GB) Rnp1(GB) Write(GB) Wnew(GB) Moved(GB) W-Amp Rd(MB/s) Wr(MB/s) Comp(sec) CompMergeCPU(sec) Comp(cnt) Avg(sec) KeyIn KeyDrop
----------------------------------------------------------------------------------------------------------------------------------------------------------------------------
 Sum      0/0    0.00 KB   0.0      0.0     0.0      0.0       0.0      0.0       0.0   0.0      0.0      0.0      0.00              0.00         0    0.000       0      0
 Int      0/0    0.00 KB   0.0      0.0     0.0      0.0       0.0      0.0       0.0   0.0      0.0      0.0      0.00              0.00         0    0.000       0      0

** Compaction Stats [usertable] **
Priority    Files   Size     Score Read(GB)  Rn(GB) Rnp1(GB) Write(GB) Wnew(GB) Moved(GB) W-Amp Rd(MB/s) Wr(MB/s) Comp(sec) CompMergeCPU(sec) Comp(cnt) Avg(sec) KeyIn KeyDrop
-------------------------------------------------------------------------------------------------------------------------------------------------------------------------------
Uptime(secs): 0.1 total, 0.0 interval
Flush(GB): cumulative 0.000, interval 0.000
AddFile(GB): cumulative 0.000, interval 0.000
AddFile(Total Files): cumulative 0, interval 0
AddFile(L0 Files): cumulative 0, interval 0
AddFile(Keys): cumulative 0, interval 0
Cumulative compaction: 0.00 GB write, 0.00 MB/s write, 0.00 GB read, 0.00 MB/s read, 0.0 seconds
Interval compaction: 0.00 GB write, 0.00 MB/s write, 0.00 GB read, 0.00 MB/s read, 0.0 seconds
Stalls(count): 0 level0_slowdown, 0 level0_slowdown_with_compaction, 0 level0_numfiles, 0 level0_numfiles_with_compaction, 0 stop for pending_compaction_bytes, 0 slowdown for pending_compaction_bytes, 0 memtable_compaction, 0 memtable_slowdown, interval 0 total count

** File Read Latency Histogram By Level [usertable] **
2020/02/29-13:35:26.330950 7edf5ff200 [_impl/db_impl_write.cc:1656] [usertable] New memtable created with log file: #9. Immutable memtables: 0.
2020/02/29-13:36:28.446850 7edc7ff200 [_impl/db_impl_write.cc:1656] [usertable] New memtable created with log file: #10. Immutable memtables: 1.
2020/02/29-13:36:28.447324 7ee7fff200 [_impl/db_impl_compaction_flush.cc:106] [JOB 8] Syncing log #3
2020/02/29-13:36:28.447567 7ee7fff200 [_impl/db_impl_compaction_flush.cc:106] [JOB 8] Syncing log #9
2020/02/29-13:36:28.734322 7ee7fff200 (Original Log Time 2020/02/29-13:36:28.447227) [_impl/db_impl_compaction_flush.cc:2188] Calling FlushMemTableToOutputFile with column family [usertable], flush slots available 6, compaction slots available 1, flush slots scheduled 6, compaction slots scheduled 0
2020/02/29-13:36:28.734375 7ee7fff200 [ush_job.cc:320] [usertable] [JOB 8] Flushing memtable with next log file: 9
2020/02/29-13:36:28.734460 7ee7fff200 [ush_job.cc:320] [usertable] [JOB 8] Flushing memtable with next log file: 10
2020/02/29-13:36:28.734602 7ee7fff200 EVENT_LOG_v1 {"time_micros": 1582983388734544, "job": 8, "event": "flush_started", "num_memtables": 2, "num_entries": 61525, "num_deletes": 0, "total_data_size": 253667575, "memory_usage": 260180064, "flush_reason": "Write Buffer Full"}
2020/02/29-13:36:28.734626 7ee7fff200 [ush_job.cc:349] [usertable] [JOB 8] Level-0 flush table #11: started
2020/02/29-13:36:31.649607 7ee7fff200 EVENT_LOG_v1 {"time_micros": 1582983391649512, "cf_name": "usertable", "job": 8, "event": "table_file_creation", "file_number": 11, "file_size": 256798788, "table_properties": {"data_size": 254528925, "index_size": 2269088, "index_partitions": 0, "top_level_index_size": 0, "index_key_is_user_key": 0, "index_value_is_delta_encoded": 0, "filter_size": 0, "raw_key_size": 1476600, "raw_average_key_size": 24, "raw_value_size": 252006400, "raw_average_value_size": 4096, "num_data_blocks": 61525, "num_entries": 61525, "num_deletions": 0, "num_merge_operands": 0, "num_range_deletions": 0, "format_version": 0, "fixed_key_len": 0, "filter_policy": "", "column_family_name": "usertable", "column_family_id": 1, "comparator": "leveldb.BytewiseComparator", "merge_operator": "nullptr", "prefix_extractor_name": "nullptr", "property_collectors": "[]", "compression": "NoCompression", "compression_options": "window_bits=-14; level=32767; strategy=0; max_dict_bytes=0; zstd_max_train_bytes=0; enabled=0; ", "creation_time": 1582983388, "oldest_key_time": 1582983264, "file_creation_time": 1582983388}}
2020/02/29-13:36:31.649681 7ee7fff200 [ush_job.cc:390] [usertable] [JOB 8] Level-0 flush table #11: 256798788 bytes OK
2020/02/29-13:36:31.678068 7ee7fff200 (Original Log Time 2020/02/29-13:36:31.649722) [mtable_list.cc:432] [usertable] Level-0 commit table #11 started
2020/02/29-13:36:31.678076 7ee7fff200 (Original Log Time 2020/02/29-13:36:31.677828) [mtable_list.cc:480] [usertable] Level-0 commit table #11: memtable #1 done
2020/02/29-13:36:31.678082 7ee7fff200 (Original Log Time 2020/02/29-13:36:31.677850) [mtable_list.cc:480] [usertable] Level-0 commit table #11: memtable #2 done
2020/02/29-13:36:31.678086 7ee7fff200 (Original Log Time 2020/02/29-13:36:31.677914) EVENT_LOG_v1 {"time_micros": 1582983391677889, "job": 8, "event": "flush_finished", "output_compression": "NoCompression", "lsm_state": [1, 0, 0, 0, 0, 0, 0], "immutable_memtables": 0}
2020/02/29-13:36:31.678090 7ee7fff200 (Original Log Time 2020/02/29-13:36:31.677966) [_impl/db_impl_compaction_flush.cc:206] [usertable] Level summary: files[1 0 0 0 0 0 0] max score 0.50
2020/02/29-13:36:31.678112 7ee7fff200 [_impl/db_impl_files.cc:352] [JOB 8] Try to delete WAL files size 253430641, prev total WAL file size 261184019, number of live WAL files 3.
2020/02/29-13:37:30.347562 7edefff200 [_impl/db_impl_write.cc:1656] [usertable] New memtable created with log file: #12. Immutable memtables: 0.
2020/02/29-13:38:33.195426 7ededff200 [_impl/db_impl_write.cc:1656] [usertable] New memtable created with log file: #13. Immutable memtables: 1.
2020/02/29-13:38:33.195897 7ee7fff200 [_impl/db_impl_compaction_flush.cc:106] [JOB 24] Syncing log #10
2020/02/29-13:38:33.196223 7ee7fff200 [_impl/db_impl_compaction_flush.cc:106] [JOB 24] Syncing log #12
2020/02/29-13:38:33.504583 7ee7fff200 (Original Log Time 2020/02/29-13:38:33.195832) [_impl/db_impl_compaction_flush.cc:2188] Calling FlushMemTableToOutputFile with column family [usertable], flush slots available 6, compaction slots available 1, flush slots scheduled 6, compaction slots scheduled 0
2020/02/29-13:38:33.504614 7ee7fff200 [ush_job.cc:320] [usertable] [JOB 24] Flushing memtable with next log file: 12
2020/02/29-13:38:33.504633 7ee7fff200 [ush_job.cc:320] [usertable] [JOB 24] Flushing memtable with next log file: 13
2020/02/29-13:38:33.504712 7ee7fff200 EVENT_LOG_v1 {"time_micros": 1582983513504684, "job": 24, "event": "flush_started", "num_memtables": 2, "num_entries": 61527, "num_deletes": 0, "total_data_size": 253675821, "memory_usage": 260128480, "flush_reason": "Write Buffer Full"}
2020/02/29-13:38:33.504729 7ee7fff200 [ush_job.cc:349] [usertable] [JOB 24] Level-0 flush table #14: started
