2020/01/17-00:42:38.325318 7f3f39b56700 RocksDB version: 6.1.2
2020/01/17-00:42:38.325458 7f3f39b56700 Git sha rocksdb_build_git_sha:4f1920556570c04d306d3ff0aa9a33db259bb8f0
2020/01/17-00:42:38.325466 7f3f39b56700 Compile date Jan  7 2020
2020/01/17-00:42:38.325473 7f3f39b56700 DB SUMMARY
2020/01/17-00:42:38.326185 7f3f39b56700 CURRENT file:  CURRENT
2020/01/17-00:42:38.326191 7f3f39b56700 IDENTITY file:  IDENTITY
2020/01/17-00:42:38.326219 7f3f39b56700 MANIFEST file:  MANIFEST-000004 size: 55938 Bytes
2020/01/17-00:42:38.326225 7f3f39b56700 SST files in /mnt/sda/ycsb-rocksdb-data dir, Total Num: 655, files: 000011.sst 000014.sst 000017.sst 000020.sst 000023.sst 000026.sst 000036.sst 000037.sst 000038.sst 
2020/01/17-00:42:38.326229 7f3f39b56700 Write Ahead Log file in /mnt/sda/ycsb-rocksdb-data: 001162.log size: 127597041 ; 001164.log size: 30476193 ; 
2020/01/17-00:42:38.326238 7f3f39b56700                         Options.error_if_exists: 0
2020/01/17-00:42:38.326242 7f3f39b56700                       Options.create_if_missing: 1
2020/01/17-00:42:38.326244 7f3f39b56700                         Options.paranoid_checks: 1
2020/01/17-00:42:38.326246 7f3f39b56700                                     Options.env: 0x7f3f3983cba0
2020/01/17-00:42:38.326249 7f3f39b56700                                Options.info_log: 0x7f3ed4098800
2020/01/17-00:42:38.326251 7f3f39b56700                Options.max_file_opening_threads: 16
2020/01/17-00:42:38.326253 7f3f39b56700                              Options.statistics: (nil)
2020/01/17-00:42:38.326256 7f3f39b56700                               Options.use_fsync: 0
2020/01/17-00:42:38.326258 7f3f39b56700                       Options.max_log_file_size: 0
2020/01/17-00:42:38.326260 7f3f39b56700                  Options.max_manifest_file_size: 1073741824
2020/01/17-00:42:38.326262 7f3f39b56700                   Options.log_file_time_to_roll: 0
2020/01/17-00:42:38.326264 7f3f39b56700                       Options.keep_log_file_num: 1000
2020/01/17-00:42:38.326266 7f3f39b56700                    Options.recycle_log_file_num: 0
2020/01/17-00:42:38.326268 7f3f39b56700                         Options.allow_fallocate: 1
2020/01/17-00:42:38.326270 7f3f39b56700                        Options.allow_mmap_reads: 0
2020/01/17-00:42:38.326272 7f3f39b56700                       Options.allow_mmap_writes: 0
2020/01/17-00:42:38.326274 7f3f39b56700                        Options.use_direct_reads: 0
2020/01/17-00:42:38.326276 7f3f39b56700                        Options.use_direct_io_for_flush_and_compaction: 0
2020/01/17-00:42:38.326279 7f3f39b56700          Options.create_missing_column_families: 1
2020/01/17-00:42:38.326281 7f3f39b56700                              Options.db_log_dir: 
2020/01/17-00:42:38.326283 7f3f39b56700                                 Options.wal_dir: /mnt/sda/ycsb-rocksdb-data
2020/01/17-00:42:38.326285 7f3f39b56700                Options.table_cache_numshardbits: 6
2020/01/17-00:42:38.326287 7f3f39b56700                      Options.max_subcompactions: 1
2020/01/17-00:42:38.326289 7f3f39b56700                  Options.max_background_flushes: 24
2020/01/17-00:42:38.326291 7f3f39b56700                         Options.WAL_ttl_seconds: 0
2020/01/17-00:42:38.326293 7f3f39b56700                       Options.WAL_size_limit_MB: 0
2020/01/17-00:42:38.326295 7f3f39b56700             Options.manifest_preallocation_size: 4194304
2020/01/17-00:42:38.326298 7f3f39b56700                     Options.is_fd_close_on_exec: 1
2020/01/17-00:42:38.326300 7f3f39b56700                   Options.advise_random_on_open: 1
2020/01/17-00:42:38.326301 7f3f39b56700                    Options.db_write_buffer_size: 0
2020/01/17-00:42:38.326303 7f3f39b56700                    Options.write_buffer_manager: 0x7f3ed4089d60
2020/01/17-00:42:38.326306 7f3f39b56700         Options.access_hint_on_compaction_start: 1
2020/01/17-00:42:38.326308 7f3f39b56700  Options.new_table_reader_for_compaction_inputs: 0
2020/01/17-00:42:38.326310 7f3f39b56700           Options.random_access_max_buffer_size: 1048576
2020/01/17-00:42:38.326312 7f3f39b56700                      Options.use_adaptive_mutex: 0
2020/01/17-00:42:38.326340 7f3f39b56700                            Options.rate_limiter: (nil)
2020/01/17-00:42:38.326346 7f3f39b56700     Options.sst_file_manager.rate_bytes_per_sec: 0
2020/01/17-00:42:38.326348 7f3f39b56700                       Options.wal_recovery_mode: 2
2020/01/17-00:42:38.326350 7f3f39b56700                  Options.enable_thread_tracking: 0
2020/01/17-00:42:38.326352 7f3f39b56700                  Options.enable_pipelined_write: 0
2020/01/17-00:42:38.326354 7f3f39b56700         Options.allow_concurrent_memtable_write: 1
2020/01/17-00:42:38.326357 7f3f39b56700      Options.enable_write_thread_adaptive_yield: 1
2020/01/17-00:42:38.326358 7f3f39b56700             Options.write_thread_max_yield_usec: 100
2020/01/17-00:42:38.326361 7f3f39b56700            Options.write_thread_slow_yield_usec: 3
2020/01/17-00:42:38.326363 7f3f39b56700                               Options.row_cache: None
2020/01/17-00:42:38.326365 7f3f39b56700                              Options.wal_filter: None
2020/01/17-00:42:38.326367 7f3f39b56700             Options.avoid_flush_during_recovery: 0
2020/01/17-00:42:38.326369 7f3f39b56700             Options.allow_ingest_behind: 0
2020/01/17-00:42:38.326371 7f3f39b56700             Options.preserve_deletes: 0
2020/01/17-00:42:38.326373 7f3f39b56700             Options.two_write_queues: 0
2020/01/17-00:42:38.326375 7f3f39b56700             Options.manual_wal_flush: 0
2020/01/17-00:42:38.326377 7f3f39b56700             Options.atomic_flush: 0
2020/01/17-00:42:38.326379 7f3f39b56700             Options.avoid_unnecessary_blocking_io: 0
2020/01/17-00:42:38.326383 7f3f39b56700             Options.max_background_jobs: 24
2020/01/17-00:42:38.326385 7f3f39b56700             Options.max_background_compactions: 24
2020/01/17-00:42:38.326388 7f3f39b56700             Options.avoid_flush_during_shutdown: 0
2020/01/17-00:42:38.326390 7f3f39b56700           Options.writable_file_max_buffer_size: 1048576
2020/01/17-00:42:38.326392 7f3f39b56700             Options.delayed_write_rate : 16777216
2020/01/17-00:42:38.326394 7f3f39b56700             Options.max_total_wal_size: 0
2020/01/17-00:42:38.326396 7f3f39b56700             Options.delete_obsolete_files_period_micros: 21600000000
2020/01/17-00:42:38.326398 7f3f39b56700                   Options.stats_dump_period_sec: 600
2020/01/17-00:42:38.326400 7f3f39b56700                 Options.stats_persist_period_sec: 600
2020/01/17-00:42:38.326403 7f3f39b56700                 Options.stats_history_buffer_size: 1048576
2020/01/17-00:42:38.326405 7f3f39b56700                          Options.max_open_files: -1
2020/01/17-00:42:38.326407 7f3f39b56700                          Options.bytes_per_sync: 1048576
2020/01/17-00:42:38.326409 7f3f39b56700                      Options.wal_bytes_per_sync: 0
2020/01/17-00:42:38.326411 7f3f39b56700       Options.compaction_readahead_size: 0
2020/01/17-00:42:38.326413 7f3f39b56700 Compression algorithms supported:
2020/01/17-00:42:38.326416 7f3f39b56700 	kZSTDNotFinalCompression supported: 1
2020/01/17-00:42:38.326431 7f3f39b56700 	kZSTD supported: 1
2020/01/17-00:42:38.326434 7f3f39b56700 	kXpressCompression supported: 0
2020/01/17-00:42:38.326437 7f3f39b56700 	kLZ4HCCompression supported: 1
2020/01/17-00:42:38.326439 7f3f39b56700 	kLZ4Compression supported: 1
2020/01/17-00:42:38.326441 7f3f39b56700 	kBZip2Compression supported: 1
2020/01/17-00:42:38.326444 7f3f39b56700 	kZlibCompression supported: 1
2020/01/17-00:42:38.326446 7f3f39b56700 	kSnappyCompression supported: 1
2020/01/17-00:42:38.326453 7f3f39b56700 Fast CRC32 supported: Supported on x86
2020/01/17-00:42:38.327319 7f3f39b56700 [/version_set.cc:3742] Recovering from manifest file: /mnt/sda/ycsb-rocksdb-data/MANIFEST-000004
2020/01/17-00:42:38.327612 7f3f39b56700 [/column_family.cc:698] --------------- Options for column family [default]:
2020/01/17-00:42:38.327621 7f3f39b56700               Options.comparator: leveldb.BytewiseComparator
2020/01/17-00:42:38.327625 7f3f39b56700           Options.merge_operator: None
2020/01/17-00:42:38.327627 7f3f39b56700        Options.compaction_filter: None
2020/01/17-00:42:38.327668 7f3f39b56700        Options.compaction_filter_factory: None
2020/01/17-00:42:38.327672 7f3f39b56700         Options.memtable_factory: SkipListFactory
2020/01/17-00:42:38.327674 7f3f39b56700            Options.table_factory: BlockBasedTable
2020/01/17-00:42:38.327720 7f3f39b56700            table_factory options:   flush_block_policy_factory: FlushBlockBySizePolicyFactory (0x7f3ed4089f40)
  cache_index_and_filter_blocks: 0
  cache_index_and_filter_blocks_with_high_priority: 0
  pin_l0_filter_and_index_blocks_in_cache: 0
  pin_top_level_index_and_filter: 1
  index_type: 0
  data_block_index_type: 0
  data_block_hash_table_util_ratio: 0.750000
  hash_index_allow_collision: 1
  checksum: 1
  no_block_cache: 0
  block_cache: 0x7f3ed408adf0
  block_cache_name: LRUCache
  block_cache_options:
    capacity : 8388608
    num_shard_bits : 4
    strict_capacity_limit : 0
    memory_allocator : None
    high_pri_pool_ratio: 0.000
  block_cache_compressed: (nil)
  persistent_cache: (nil)
  block_size: 8192
  block_size_deviation: 10
  block_restart_interval: 16
  index_block_restart_interval: 1
  metadata_block_size: 4096
  partition_filters: 0
  use_delta_encoding: 1
  filter_policy: nullptr
  whole_key_filtering: 1
  verify_compression: 0
  read_amp_bytes_per_bit: 0
  format_version: 2
  enable_index_compression: 1
  block_align: 0
2020/01/17-00:42:38.327724 7f3f39b56700        Options.write_buffer_size: 134217728
2020/01/17-00:42:38.327727 7f3f39b56700  Options.max_write_buffer_number: 8
2020/01/17-00:42:38.327730 7f3f39b56700        Options.compression[0]: NoCompression
2020/01/17-00:42:38.327733 7f3f39b56700        Options.compression[1]: NoCompression
2020/01/17-00:42:38.327735 7f3f39b56700        Options.compression[2]: Snappy
2020/01/17-00:42:38.327738 7f3f39b56700        Options.compression[3]: Snappy
2020/01/17-00:42:38.327740 7f3f39b56700        Options.compression[4]: Snappy
2020/01/17-00:42:38.327742 7f3f39b56700        Options.compression[5]: Snappy
2020/01/17-00:42:38.327744 7f3f39b56700        Options.compression[6]: Snappy
2020/01/17-00:42:38.327747 7f3f39b56700                  Options.bottommost_compression: Disabled
2020/01/17-00:42:38.327749 7f3f39b56700       Options.prefix_extractor: nullptr
2020/01/17-00:42:38.327751 7f3f39b56700   Options.memtable_insert_with_hint_prefix_extractor: nullptr
2020/01/17-00:42:38.327753 7f3f39b56700             Options.num_levels: 6
2020/01/17-00:42:38.327755 7f3f39b56700        Options.min_write_buffer_number_to_merge: 2
2020/01/17-00:42:38.327758 7f3f39b56700     Options.max_write_buffer_number_to_maintain: 0
2020/01/17-00:42:38.327760 7f3f39b56700            Options.bottommost_compression_opts.window_bits: -14
2020/01/17-00:42:38.327762 7f3f39b56700                  Options.bottommost_compression_opts.level: 32767
2020/01/17-00:42:38.327764 7f3f39b56700               Options.bottommost_compression_opts.strategy: 0
2020/01/17-00:42:38.327767 7f3f39b56700         Options.bottommost_compression_opts.max_dict_bytes: 0
2020/01/17-00:42:38.327769 7f3f39b56700         Options.bottommost_compression_opts.zstd_max_train_bytes: 0
2020/01/17-00:42:38.327771 7f3f39b56700                  Options.bottommost_compression_opts.enabled: false
2020/01/17-00:42:38.327773 7f3f39b56700            Options.compression_opts.window_bits: -14
2020/01/17-00:42:38.327775 7f3f39b56700                  Options.compression_opts.level: 32767
2020/01/17-00:42:38.327777 7f3f39b56700               Options.compression_opts.strategy: 0
2020/01/17-00:42:38.327780 7f3f39b56700         Options.compression_opts.max_dict_bytes: 0
2020/01/17-00:42:38.327782 7f3f39b56700         Options.compression_opts.zstd_max_train_bytes: 0
2020/01/17-00:42:38.327784 7f3f39b56700                  Options.compression_opts.enabled: false
2020/01/17-00:42:38.327786 7f3f39b56700      Options.level0_file_num_compaction_trigger: 4
2020/01/17-00:42:38.327788 7f3f39b56700          Options.level0_slowdown_writes_trigger: 20
2020/01/17-00:42:38.327790 7f3f39b56700              Options.level0_stop_writes_trigger: 36
2020/01/17-00:42:38.327809 7f3f39b56700                   Options.target_file_size_base: 67108864
2020/01/17-00:42:38.327812 7f3f39b56700             Options.target_file_size_multiplier: 1
2020/01/17-00:42:38.327814 7f3f39b56700                Options.max_bytes_for_level_base: 536870912
2020/01/17-00:42:38.327816 7f3f39b56700 Options.level_compaction_dynamic_level_bytes: 1
2020/01/17-00:42:38.327818 7f3f39b56700          Options.max_bytes_for_level_multiplier: 8.000000
2020/01/17-00:42:38.327822 7f3f39b56700 Options.max_bytes_for_level_multiplier_addtl[0]: 1
2020/01/17-00:42:38.327825 7f3f39b56700 Options.max_bytes_for_level_multiplier_addtl[1]: 1
2020/01/17-00:42:38.327827 7f3f39b56700 Options.max_bytes_for_level_multiplier_addtl[2]: 1
2020/01/17-00:42:38.327829 7f3f39b56700 Options.max_bytes_for_level_multiplier_addtl[3]: 1
2020/01/17-00:42:38.327831 7f3f39b56700 Options.max_bytes_for_level_multiplier_addtl[4]: 1
2020/01/17-00:42:38.327833 7f3f39b56700 Options.max_bytes_for_level_multiplier_addtl[5]: 1
2020/01/17-00:42:38.327835 7f3f39b56700 Options.max_bytes_for_level_multiplier_addtl[6]: 1
2020/01/17-00:42:38.327838 7f3f39b56700       Options.max_sequential_skip_in_iterations: 8
2020/01/17-00:42:38.327840 7f3f39b56700                    Options.max_compaction_bytes: 1677721600
2020/01/17-00:42:38.327842 7f3f39b56700                        Options.arena_block_size: 16777216
2020/01/17-00:42:38.327844 7f3f39b56700   Options.soft_pending_compaction_bytes_limit: 68719476736
2020/01/17-00:42:38.327846 7f3f39b56700   Options.hard_pending_compaction_bytes_limit: 274877906944
2020/01/17-00:42:38.327849 7f3f39b56700       Options.rate_limit_delay_max_milliseconds: 100
2020/01/17-00:42:38.327851 7f3f39b56700                Options.disable_auto_compactions: 0
2020/01/17-00:42:38.327853 7f3f39b56700                      Options.allow_trivial_move: 0
2020/01/17-00:42:38.327855 7f3f39b56700                      Options.vlog_direct_IO: 0
2020/01/17-00:42:38.327857 7f3f39b56700               Options.compaction_score_limit_L0: 1000.000000
2020/01/17-00:42:38.327861 7f3f39b56700                     Options.min_indirect_val_size[0]: 24
2020/01/17-00:42:38.327864 7f3f39b56700       Options.fraction_remapped_during_compaction[0]: 20
2020/01/17-00:42:38.327866 7f3f39b56700 Options.fraction_remapped_during_active_recycling[0]: 15
2020/01/17-00:42:38.327868 7f3f39b56700    Options.fragmentation_active_recycling_trigger[0]: 25
2020/01/17-00:42:38.327871 7f3f39b56700     Options.fragmentation_active_recycling_klaxon[0]: 50
2020/01/17-00:42:38.327873 7f3f39b56700                Options.active_recycling_sst_minct[0]: 5
2020/01/17-00:42:38.327875 7f3f39b56700                Options.active_recycling_sst_maxct[0]: 15
2020/01/17-00:42:38.327877 7f3f39b56700       Options.active_recycling_vlogfile_freed_min[0]: 7
2020/01/17-00:42:38.327879 7f3f39b56700    Options.active_recycling_size_trigger[0]: 1073741824
2020/01/17-00:42:38.327882 7f3f39b56700                         Options.vlogfile_max_size[0]: 16777216
2020/01/17-00:42:38.327884 7f3f39b56700          Options.compaction_picker_age_importance[0]: 100
2020/01/17-00:42:38.327887 7f3f39b56700                    Options.ring_compression_style[0]: Zlib
2020/01/17-00:42:38.327890 7f3f39b56700                        Options.compaction_style: kCompactionStyleLevel
2020/01/17-00:42:38.327893 7f3f39b56700                          Options.compaction_pri: kMinOverlappingRatio
2020/01/17-00:42:38.327895 7f3f39b56700 Options.compaction_options_universal.size_ratio: 1
2020/01/17-00:42:38.327898 7f3f39b56700 Options.compaction_options_universal.min_merge_width: 2
2020/01/17-00:42:38.327900 7f3f39b56700 Options.compaction_options_universal.max_merge_width: 4294967295
2020/01/17-00:42:38.327902 7f3f39b56700 Options.compaction_options_universal.max_size_amplification_percent: 200
2020/01/17-00:42:38.327904 7f3f39b56700 Options.compaction_options_universal.compression_size_percent: -1
2020/01/17-00:42:38.327907 7f3f39b56700 Options.compaction_options_universal.stop_style: kCompactionStopStyleTotalSize
2020/01/17-00:42:38.327922 7f3f39b56700 Options.compaction_options_fifo.max_table_files_size: 1073741824
2020/01/17-00:42:38.327926 7f3f39b56700 Options.compaction_options_fifo.allow_compaction: 0
2020/01/17-00:42:38.327928 7f3f39b56700                   Options.table_properties_collectors: 
2020/01/17-00:42:38.327930 7f3f39b56700                   Options.inplace_update_support: 0
2020/01/17-00:42:38.327932 7f3f39b56700                 Options.inplace_update_num_locks: 10000
2020/01/17-00:42:38.327934 7f3f39b56700               Options.memtable_prefix_bloom_size_ratio: 0.000000
2020/01/17-00:42:38.327937 7f3f39b56700               Options.memtable_whole_key_filtering: 0
2020/01/17-00:42:38.327940 7f3f39b56700   Options.memtable_huge_page_size: 0
2020/01/17-00:42:38.327942 7f3f39b56700                           Options.bloom_locality: 0
2020/01/17-00:42:38.327944 7f3f39b56700                    Options.max_successive_merges: 0
2020/01/17-00:42:38.327946 7f3f39b56700                Options.optimize_filters_for_hits: 0
2020/01/17-00:42:38.327948 7f3f39b56700                Options.paranoid_file_checks: 0
2020/01/17-00:42:38.327950 7f3f39b56700                Options.force_consistency_checks: 0
2020/01/17-00:42:38.327952 7f3f39b56700                Options.report_bg_io_stats: 0
2020/01/17-00:42:38.327954 7f3f39b56700                               Options.ttl: 0
2020/01/17-00:42:38.328526 7f3f39b56700 [/column_family.cc:698] --------------- Options for column family [usertable]:
2020/01/17-00:42:38.328536 7f3f39b56700               Options.comparator: leveldb.BytewiseComparator
2020/01/17-00:42:38.328538 7f3f39b56700           Options.merge_operator: None
2020/01/17-00:42:38.328540 7f3f39b56700        Options.compaction_filter: None
2020/01/17-00:42:38.328542 7f3f39b56700        Options.compaction_filter_factory: None
2020/01/17-00:42:38.328544 7f3f39b56700         Options.memtable_factory: SkipListFactory
2020/01/17-00:42:38.328547 7f3f39b56700            Options.table_factory: BlockBasedTable
2020/01/17-00:42:38.328585 7f3f39b56700            table_factory options:   flush_block_policy_factory: FlushBlockBySizePolicyFactory (0x7f3ed409a150)
  cache_index_and_filter_blocks: 0
  cache_index_and_filter_blocks_with_high_priority: 0
  pin_l0_filter_and_index_blocks_in_cache: 0
  pin_top_level_index_and_filter: 1
  index_type: 0
  data_block_index_type: 0
  data_block_hash_table_util_ratio: 0.750000
  hash_index_allow_collision: 1
  checksum: 1
  no_block_cache: 0
  block_cache: 0x7f3ed4095580
  block_cache_name: LRUCache
  block_cache_options:
    capacity : 8388608
    num_shard_bits : 4
    strict_capacity_limit : 0
    memory_allocator : None
    high_pri_pool_ratio: 0.000
  block_cache_compressed: (nil)
  persistent_cache: (nil)
  block_size: 8192
  block_size_deviation: 10
  block_restart_interval: 16
  index_block_restart_interval: 1
  metadata_block_size: 4096
  partition_filters: 0
  use_delta_encoding: 1
  filter_policy: nullptr
  whole_key_filtering: 1
  verify_compression: 0
  read_amp_bytes_per_bit: 0
  format_version: 2
  enable_index_compression: 1
  block_align: 0
2020/01/17-00:42:38.328590 7f3f39b56700        Options.write_buffer_size: 134217728
2020/01/17-00:42:38.328593 7f3f39b56700  Options.max_write_buffer_number: 8
2020/01/17-00:42:38.328595 7f3f39b56700        Options.compression[0]: NoCompression
2020/01/17-00:42:38.328598 7f3f39b56700        Options.compression[1]: NoCompression
2020/01/17-00:42:38.328600 7f3f39b56700        Options.compression[2]: Snappy
2020/01/17-00:42:38.328602 7f3f39b56700        Options.compression[3]: Snappy
2020/01/17-00:42:38.328604 7f3f39b56700        Options.compression[4]: Snappy
2020/01/17-00:42:38.328607 7f3f39b56700        Options.compression[5]: Snappy
2020/01/17-00:42:38.328609 7f3f39b56700        Options.compression[6]: Snappy
2020/01/17-00:42:38.328611 7f3f39b56700                  Options.bottommost_compression: Disabled
2020/01/17-00:42:38.328613 7f3f39b56700       Options.prefix_extractor: nullptr
2020/01/17-00:42:38.328615 7f3f39b56700   Options.memtable_insert_with_hint_prefix_extractor: nullptr
2020/01/17-00:42:38.328646 7f3f39b56700             Options.num_levels: 6
2020/01/17-00:42:38.328650 7f3f39b56700        Options.min_write_buffer_number_to_merge: 2
2020/01/17-00:42:38.328652 7f3f39b56700     Options.max_write_buffer_number_to_maintain: 0
2020/01/17-00:42:38.328654 7f3f39b56700            Options.bottommost_compression_opts.window_bits: -14
2020/01/17-00:42:38.328656 7f3f39b56700                  Options.bottommost_compression_opts.level: 32767
2020/01/17-00:42:38.328658 7f3f39b56700               Options.bottommost_compression_opts.strategy: 0
2020/01/17-00:42:38.328660 7f3f39b56700         Options.bottommost_compression_opts.max_dict_bytes: 0
2020/01/17-00:42:38.328662 7f3f39b56700         Options.bottommost_compression_opts.zstd_max_train_bytes: 0
2020/01/17-00:42:38.328665 7f3f39b56700                  Options.bottommost_compression_opts.enabled: false
2020/01/17-00:42:38.328667 7f3f39b56700            Options.compression_opts.window_bits: -14
2020/01/17-00:42:38.328669 7f3f39b56700                  Options.compression_opts.level: 32767
2020/01/17-00:42:38.328671 7f3f39b56700               Options.compression_opts.strategy: 0
2020/01/17-00:42:38.328673 7f3f39b56700         Options.compression_opts.max_dict_bytes: 0
2020/01/17-00:42:38.328675 7f3f39b56700         Options.compression_opts.zstd_max_train_bytes: 0
2020/01/17-00:42:38.328677 7f3f39b56700                  Options.compression_opts.enabled: false
2020/01/17-00:42:38.328679 7f3f39b56700      Options.level0_file_num_compaction_trigger: 4
2020/01/17-00:42:38.328681 7f3f39b56700          Options.level0_slowdown_writes_trigger: 20
2020/01/17-00:42:38.328683 7f3f39b56700              Options.level0_stop_writes_trigger: 36
2020/01/17-00:42:38.328685 7f3f39b56700                   Options.target_file_size_base: 67108864
2020/01/17-00:42:38.328688 7f3f39b56700             Options.target_file_size_multiplier: 1
2020/01/17-00:42:38.328690 7f3f39b56700                Options.max_bytes_for_level_base: 536870912
2020/01/17-00:42:38.328692 7f3f39b56700 Options.level_compaction_dynamic_level_bytes: 1
2020/01/17-00:42:38.328694 7f3f39b56700          Options.max_bytes_for_level_multiplier: 8.000000
2020/01/17-00:42:38.328698 7f3f39b56700 Options.max_bytes_for_level_multiplier_addtl[0]: 1
2020/01/17-00:42:38.328700 7f3f39b56700 Options.max_bytes_for_level_multiplier_addtl[1]: 1
2020/01/17-00:42:38.328702 7f3f39b56700 Options.max_bytes_for_level_multiplier_addtl[2]: 1
2020/01/17-00:42:38.328704 7f3f39b56700 Options.max_bytes_for_level_multiplier_addtl[3]: 1
2020/01/17-00:42:38.328706 7f3f39b56700 Options.max_bytes_for_level_multiplier_addtl[4]: 1
2020/01/17-00:42:38.328709 7f3f39b56700 Options.max_bytes_for_level_multiplier_addtl[5]: 1
2020/01/17-00:42:38.328711 7f3f39b56700 Options.max_bytes_for_level_multiplier_addtl[6]: 1
2020/01/17-00:42:38.328713 7f3f39b56700       Options.max_sequential_skip_in_iterations: 8
2020/01/17-00:42:38.328715 7f3f39b56700                    Options.max_compaction_bytes: 1677721600
2020/01/17-00:42:38.328717 7f3f39b56700                        Options.arena_block_size: 16777216
2020/01/17-00:42:38.328719 7f3f39b56700   Options.soft_pending_compaction_bytes_limit: 68719476736
2020/01/17-00:42:38.328721 7f3f39b56700   Options.hard_pending_compaction_bytes_limit: 274877906944
2020/01/17-00:42:38.328724 7f3f39b56700       Options.rate_limit_delay_max_milliseconds: 100
2020/01/17-00:42:38.328726 7f3f39b56700                Options.disable_auto_compactions: 0
2020/01/17-00:42:38.328728 7f3f39b56700                      Options.allow_trivial_move: 0
2020/01/17-00:42:38.328730 7f3f39b56700                      Options.vlog_direct_IO: 0
2020/01/17-00:42:38.328732 7f3f39b56700               Options.compaction_score_limit_L0: 1000.000000
2020/01/17-00:42:38.328736 7f3f39b56700                     Options.min_indirect_val_size[0]: 24
2020/01/17-00:42:38.328738 7f3f39b56700       Options.fraction_remapped_during_compaction[0]: 20
2020/01/17-00:42:38.328741 7f3f39b56700 Options.fraction_remapped_during_active_recycling[0]: 15
2020/01/17-00:42:38.328756 7f3f39b56700    Options.fragmentation_active_recycling_trigger[0]: 25
2020/01/17-00:42:38.328759 7f3f39b56700     Options.fragmentation_active_recycling_klaxon[0]: 50
2020/01/17-00:42:38.328762 7f3f39b56700                Options.active_recycling_sst_minct[0]: 5
2020/01/17-00:42:38.328764 7f3f39b56700                Options.active_recycling_sst_maxct[0]: 15
2020/01/17-00:42:38.328766 7f3f39b56700       Options.active_recycling_vlogfile_freed_min[0]: 7
2020/01/17-00:42:38.328768 7f3f39b56700    Options.active_recycling_size_trigger[0]: 1073741824
2020/01/17-00:42:38.328770 7f3f39b56700                         Options.vlogfile_max_size[0]: 16777216
2020/01/17-00:42:38.328773 7f3f39b56700          Options.compaction_picker_age_importance[0]: 100
2020/01/17-00:42:38.328775 7f3f39b56700                    Options.ring_compression_style[0]: Zlib
2020/01/17-00:42:38.328779 7f3f39b56700                        Options.compaction_style: kCompactionStyleLevel
2020/01/17-00:42:38.328782 7f3f39b56700                          Options.compaction_pri: kMinOverlappingRatio
2020/01/17-00:42:38.328784 7f3f39b56700 Options.compaction_options_universal.size_ratio: 1
2020/01/17-00:42:38.328786 7f3f39b56700 Options.compaction_options_universal.min_merge_width: 2
2020/01/17-00:42:38.328788 7f3f39b56700 Options.compaction_options_universal.max_merge_width: 4294967295
2020/01/17-00:42:38.328790 7f3f39b56700 Options.compaction_options_universal.max_size_amplification_percent: 200
2020/01/17-00:42:38.328792 7f3f39b56700 Options.compaction_options_universal.compression_size_percent: -1
2020/01/17-00:42:38.328795 7f3f39b56700 Options.compaction_options_universal.stop_style: kCompactionStopStyleTotalSize
2020/01/17-00:42:38.328797 7f3f39b56700 Options.compaction_options_fifo.max_table_files_size: 1073741824
2020/01/17-00:42:38.328799 7f3f39b56700 Options.compaction_options_fifo.allow_compaction: 0
2020/01/17-00:42:38.328801 7f3f39b56700                   Options.table_properties_collectors: 
2020/01/17-00:42:38.328804 7f3f39b56700                   Options.inplace_update_support: 0
2020/01/17-00:42:38.328806 7f3f39b56700                 Options.inplace_update_num_locks: 10000
2020/01/17-00:42:38.328808 7f3f39b56700               Options.memtable_prefix_bloom_size_ratio: 0.000000
2020/01/17-00:42:38.328811 7f3f39b56700               Options.memtable_whole_key_filtering: 0
2020/01/17-00:42:38.328813 7f3f39b56700   Options.memtable_huge_page_size: 0
2020/01/17-00:42:38.328815 7f3f39b56700                           Options.bloom_locality: 0
2020/01/17-00:42:38.328817 7f3f39b56700                    Options.max_successive_merges: 0
2020/01/17-00:42:38.328819 7f3f39b56700                Options.optimize_filters_for_hits: 0
2020/01/17-00:42:38.328821 7f3f39b56700                Options.paranoid_file_checks: 0
2020/01/17-00:42:38.328823 7f3f39b56700                Options.force_consistency_checks: 0
2020/01/17-00:42:38.328825 7f3f39b56700                Options.report_bg_io_stats: 0
2020/01/17-00:42:38.328828 7f3f39b56700                               Options.ttl: 0
2020/01/17-00:42:38.723394 7f3f39b56700 [/version_set.cc:3959] Recovered from manifest file:/mnt/sda/ycsb-rocksdb-data/MANIFEST-000004 succeeded,manifest_file_number is 4, next_file_number is 1165, last_sequence is 10413531, log_number is 1162,prev_log_number is 0,max_column_family is 1,min_log_number_to_keep is 0
2020/01/17-00:42:38.723417 7f3f39b56700 [/version_set.cc:3968] Column family [default] (ID 0), log number is 0
2020/01/17-00:42:38.723421 7f3f39b56700 [/version_set.cc:3968] Column family [usertable] (ID 1), log number is 1162
2020/01/17-00:42:38.728453 7f3f39b56700 EVENT_LOG_v1 {"time_micros": 1579250558728425, "job": 1, "event": "recovery_started", "log_files": [1162, 1164]}
2020/01/17-00:42:38.728471 7f3f39b56700 [/db_impl_open.cc:583] Recovering log #1162 mode 2
2020/01/17-00:42:39.103815 7f3f39b56700 [/db_impl_open.cc:583] Recovering log #1164 mode 2
2020/01/17-00:42:39.585885 7f3f39b56700 EVENT_LOG_v1 {"time_micros": 1579250559585865, "cf_name": "usertable", "job": 1, "event": "table_file_creation", "file_number": 1165, "file_size": 129895176, "table_properties": {"data_size": 129317909, "index_size": 576521, "filter_size": 0, "raw_key_size": 752760, "raw_average_key_size": 24, "raw_value_size": 128471040, "raw_average_value_size": 4096, "num_data_blocks": 15683, "num_entries": 31365, "filter_policy_name": ""}}
2020/01/17-00:42:39.678780 7f3f39b56700 [/version_set.cc:3196] Creating manifest 1166
2020/01/17-00:42:39.870316 7f3f39b56700 EVENT_LOG_v1 {"time_micros": 1579250559870296, "cf_name": "usertable", "job": 1, "event": "table_file_creation", "file_number": 1167, "file_size": 28353949, "table_properties": {"data_size": 28226817, "index_size": 126387, "filter_size": 0, "raw_key_size": 164304, "raw_average_key_size": 24, "raw_value_size": 28041216, "raw_average_value_size": 4096, "num_data_blocks": 3423, "num_entries": 6846, "filter_policy_name": ""}}
2020/01/17-00:42:39.898209 7f3f39b56700 EVENT_LOG_v1 {"time_micros": 1579250559898206, "job": 1, "event": "recovery_finished"}
2020/01/17-00:42:39.964210 7f3f39b56700 DB pointer 0x7f3ed4088bc0
2020/01/17-00:42:39.965198 7f3dc97fa700 [/db_impl.cc:777] ------- DUMPING STATS -------
2020/01/17-00:42:39.965358 7f3dc97fa700 [/db_impl.cc:778] 
** DB Stats **
Uptime(secs): 1.6 total, 1.6 interval
Cumulative writes: 0 writes, 0 keys, 0 commit groups, 0.0 writes per commit group, ingest: 0.00 GB, 0.00 MB/s
Cumulative WAL: 0 writes, 0 syncs, 0.00 writes per sync, written: 0.00 GB, 0.00 MB/s
Cumulative stall: 00:00:0.000 H:M:S, 0.0 percent
Interval writes: 0 writes, 0 keys, 0 commit groups, 0.0 writes per commit group, ingest: 0.00 MB, 0.00 MB/s
Interval WAL: 0 writes, 0 syncs, 0.00 writes per sync, written: 0.00 MB, 0.00 MB/s
Interval stall: 00:00:0.000 H:M:S, 0.0 percent

** Compaction Stats [default] **
Level    Files   Size     Score Read(GB)  Rn(GB) Rnp1(GB) Write(GB) Wnew(GB) Moved(GB) W-Amp Rd(MB/s) Wr(MB/s) Comp(sec) CompMergeCPU(sec) Comp(cnt) Avg(sec) KeyIn KeyDropWVCmp(GB) WVRaw(GB) WVRemap(GB) WVFiles
-------------------------------------------------------------------------------------------------------------------------------------------------------------------------------------------------------------------
 Sum      0/0    0.00 KB   0.0      0.0     0.0      0.0       0.0      0.0       0.0   0.0      0.0      0.0      0.00              0.00         0    0.000       0      0      0.0      0.0        0.0       0
 Int      0/0    0.00 KB   0.0      0.0     0.0      0.0       0.0      0.0       0.0   0.0      0.0      0.0      0.00              0.00         0    0.000       0      0      0.0      0.0        0.0       0

** Compaction Stats [default] **
Priority    Files   Size     Score Read(GB)  Rn(GB) Rnp1(GB) Write(GB) Wnew(GB) Moved(GB) W-Amp Rd(MB/s) Wr(MB/s) Comp(sec) CompMergeCPU(sec) Comp(cnt) Avg(sec) KeyIn KeyDropWVCmp(GB) WVRaw(GB) WVRemap(GB) WVFiles
----------------------------------------------------------------------------------------------------------------------------------------------------------------------------------------------------------------------
Uptime(secs): 1.6 total, 1.6 interval
Flush(GB): cumulative 0.000, interval 0.000
AddFile(GB): cumulative 0.000, interval 0.000
AddFile(Total Files): cumulative 0, interval 0
AddFile(L0 Files): cumulative 0, interval 0
AddFile(Keys): cumulative 0, interval 0
Cumulative compaction: 0.00 GB write, 0.00 MB/s write, 0.00 GB read, 0.00 MB/s read, 0.0 seconds
Interval compaction: 0.00 GB write, 0.00 MB/s write, 0.00 GB read, 0.00 MB/s read, 0.0 seconds
Stalls(count): 0 level0_slowdown, 0 level0_slowdown_with_compaction, 0 level0_numfiles, 0 level0_numfiles_with_compaction, 0 stop for pending_compaction_bytes, 0 slowdown for pending_compaction_bytes, 0 memtable_compaction, 0 memtable_slowdown, interval 0 total count

** Compaction Ring Stats [default] **
Ring  Files   Size  Frag(%)
----------------------------
 Sum        0  0.00 KB  -nan 
VLog Read Latency over 0 reads with average length 0:   0.000 usec
VLog Decompress Latency over 0 reads with average length 0:   0.000 usec

** File Read Latency Histogram By Level [default] **

** Compaction Stats [usertable] **
Level    Files   Size     Score Read(GB)  Rn(GB) Rnp1(GB) Write(GB) Wnew(GB) Moved(GB) W-Amp Rd(MB/s) Wr(MB/s) Comp(sec) CompMergeCPU(sec) Comp(cnt) Avg(sec) KeyIn KeyDropWVCmp(GB) WVRaw(GB) WVRemap(GB) WVFiles
-------------------------------------------------------------------------------------------------------------------------------------------------------------------------------------------------------------------
  L0      3/0   394.24 MB   0.8      0.0     0.0      0.0       0.1      0.1       0.0   1.0      0.0    249.0      0.61              0.00         2    0.303       0      0      0.0      0.0        0.0       0
  L5    654/0   39.79 GB   0.0      0.0     0.0      0.0       0.0      0.0       0.0   0.0      0.0      0.0      0.00              0.00         0    0.000       0      0      0.0      0.0        0.0       0
 Sum    657/0   40.18 GB   0.0      0.0     0.0      0.0       0.1      0.1       0.0   1.0      0.0    249.0      0.61              0.00         2    0.303       0      0      0.0      0.0        0.0       0
 Int      0/0    0.00 KB   0.0      0.0     0.0      0.0       0.1      0.1       0.0   1.0      0.0    249.0      0.61              0.00         2    0.303       0      0      0.0      0.0        0.0       0

** Compaction Stats [usertable] **
Priority    Files   Size     Score Read(GB)  Rn(GB) Rnp1(GB) Write(GB) Wnew(GB) Moved(GB) W-Amp Rd(MB/s) Wr(MB/s) Comp(sec) CompMergeCPU(sec) Comp(cnt) Avg(sec) KeyIn KeyDropWVCmp(GB) WVRaw(GB) WVRemap(GB) WVFiles
----------------------------------------------------------------------------------------------------------------------------------------------------------------------------------------------------------------------
User      0/0    0.00 KB   0.0      0.0     0.0      0.0       0.1      0.1       0.0   0.0      0.0    249.0      0.61              0.00         2    0.303       0      0      0.0      0.0        0.0       0
Uptime(secs): 1.6 total, 1.6 interval
Flush(GB): cumulative 0.147, interval 0.147
AddFile(GB): cumulative 0.000, interval 0.000
AddFile(Total Files): cumulative 0, interval 0
AddFile(L0 Files): cumulative 0, interval 0
AddFile(Keys): cumulative 0, interval 0
Cumulative compaction: 0.15 GB write, 92.23 MB/s write, 0.00 GB read, 0.00 MB/s read, 0.6 seconds
Interval compaction: 0.15 GB write, 92.23 MB/s write, 0.00 GB read, 0.00 MB/s read, 0.6 seconds
Stalls(count): 0 level0_slowdown, 0 level0_slowdown_with_compaction, 0 level0_numfiles, 0 level0_numfiles_with_compaction, 0 stop for pending_compaction_bytes, 0 slowdown for pending_compaction_bytes, 0 memtable_compaction, 0 memtable_slowdown, interval 0 total count

** Compaction Ring Stats [usertable] **
Ring  Files   Size  Frag(%)
----------------------------
 Sum        0  0.00 KB  -nan 
VLog Read Latency over 0 reads with average length 0:   0.000 usec
VLog Decompress Latency over 0 reads with average length 0:   0.000 usec

** File Read Latency Histogram By Level [usertable] **

** Compaction Stats [default] **
Level    Files   Size     Score Read(GB)  Rn(GB) Rnp1(GB) Write(GB) Wnew(GB) Moved(GB) W-Amp Rd(MB/s) Wr(MB/s) Comp(sec) CompMergeCPU(sec) Comp(cnt) Avg(sec) KeyIn KeyDropWVCmp(GB) WVRaw(GB) WVRemap(GB) WVFiles
-------------------------------------------------------------------------------------------------------------------------------------------------------------------------------------------------------------------
 Sum      0/0    0.00 KB   0.0      0.0     0.0      0.0       0.0      0.0       0.0   0.0      0.0      0.0      0.00              0.00         0    0.000       0      0      0.0      0.0        0.0       0
 Int      0/0    0.00 KB   0.0      0.0     0.0      0.0       0.0      0.0       0.0   0.0      0.0      0.0      0.00              0.00         0    0.000       0      0      0.0      0.0        0.0       0

** Compaction Stats [default] **
Priority    Files   Size     Score Read(GB)  Rn(GB) Rnp1(GB) Write(GB) Wnew(GB) Moved(GB) W-Amp Rd(MB/s) Wr(MB/s) Comp(sec) CompMergeCPU(sec) Comp(cnt) Avg(sec) KeyIn KeyDropWVCmp(GB) WVRaw(GB) WVRemap(GB) WVFiles
----------------------------------------------------------------------------------------------------------------------------------------------------------------------------------------------------------------------
Uptime(secs): 1.6 total, 0.0 interval
Flush(GB): cumulative 0.000, interval 0.000
AddFile(GB): cumulative 0.000, interval 0.000
AddFile(Total Files): cumulative 0, interval 0
AddFile(L0 Files): cumulative 0, interval 0
AddFile(Keys): cumulative 0, interval 0
Cumulative compaction: 0.00 GB write, 0.00 MB/s write, 0.00 GB read, 0.00 MB/s read, 0.0 seconds
Interval compaction: 0.00 GB write, 0.00 MB/s write, 0.00 GB read, 0.00 MB/s read, 0.0 seconds
Stalls(count): 0 level0_slowdown, 0 level0_slowdown_with_compaction, 0 level0_numfiles, 0 level0_numfiles_with_compaction, 0 stop for pending_compaction_bytes, 0 slowdown for pending_compaction_bytes, 0 memtable_compaction, 0 memtable_slowdown, interval 0 total count

** Compaction Ring Stats [default] **
Ring  Files   Size  Frag(%)
----------------------------
 Sum        0  0.00 KB  -nan 
VLog Read Latency over 0 reads with average length 0:   0.000 usec
VLog Decompress Latency over 0 reads with average length 0:   0.000 usec

** File Read Latency Histogram By Level [default] **

** Compaction Stats [usertable] **
Level    Files   Size     Score Read(GB)  Rn(GB) Rnp1(GB) Write(GB) Wnew(GB) Moved(GB) W-Amp Rd(MB/s) Wr(MB/s) Comp(sec) CompMergeCPU(sec) Comp(cnt) Avg(sec) KeyIn KeyDropWVCmp(GB) WVRaw(GB) WVRemap(GB) WVFiles
-------------------------------------------------------------------------------------------------------------------------------------------------------------------------------------------------------------------
  L0      3/0   394.24 MB   0.8      0.0     0.0      0.0       0.1      0.1       0.0   1.0      0.0    249.0      0.61              0.00         2    0.303       0      0      0.0      0.0        0.0       0
  L5    654/0   39.79 GB   0.0      0.0     0.0      0.0       0.0      0.0       0.0   0.0      0.0      0.0      0.00              0.00         0    0.000       0      0      0.0      0.0        0.0       0
 Sum    657/0   40.18 GB   0.0      0.0     0.0      0.0       0.1      0.1       0.0   1.0      0.0    249.0      0.61              0.00         2    0.303       0      0      0.0      0.0        0.0       0
 Int      0/0    0.00 KB   0.0      0.0     0.0      0.0       0.0      0.0       0.0   0.0      0.0      0.0      0.00              0.00         0    0.000       0      0      0.0      0.0        0.0       0

** Compaction Stats [usertable] **
Priority    Files   Size     Score Read(GB)  Rn(GB) Rnp1(GB) Write(GB) Wnew(GB) Moved(GB) W-Amp Rd(MB/s) Wr(MB/s) Comp(sec) CompMergeCPU(sec) Comp(cnt) Avg(sec) KeyIn KeyDropWVCmp(GB) WVRaw(GB) WVRemap(GB) WVFiles
