2020/01/22-01:33:43.262183 7f913e35e700 RocksDB version: 6.1.2
2020/01/22-01:33:43.262289 7f913e35e700 Git sha rocksdb_build_git_sha:4f1920556570c04d306d3ff0aa9a33db259bb8f0
2020/01/22-01:33:43.262296 7f913e35e700 Compile date Jan  7 2020
2020/01/22-01:33:43.262314 7f913e35e700 DB SUMMARY
2020/01/22-01:33:43.262365 7f913e35e700 SST files in /mnt/sdd/mbwu-rocksdb-data dir, Total Num: 0, files: 
2020/01/22-01:33:43.262371 7f913e35e700 Write Ahead Log file in /mnt/sdd/mbwu-rocksdb-data: 
2020/01/22-01:33:43.262376 7f913e35e700                         Options.error_if_exists: 0
2020/01/22-01:33:43.262379 7f913e35e700                       Options.create_if_missing: 1
2020/01/22-01:33:43.262381 7f913e35e700                         Options.paranoid_checks: 1
2020/01/22-01:33:43.262384 7f913e35e700                                     Options.env: 0x7f913e044ba0
2020/01/22-01:33:43.262386 7f913e35e700                                Options.info_log: 0x7f90d8098320
2020/01/22-01:33:43.262389 7f913e35e700                Options.max_file_opening_threads: 16
2020/01/22-01:33:43.262391 7f913e35e700                              Options.statistics: (nil)
2020/01/22-01:33:43.262394 7f913e35e700                               Options.use_fsync: 0
2020/01/22-01:33:43.262397 7f913e35e700                       Options.max_log_file_size: 0
2020/01/22-01:33:43.262399 7f913e35e700                  Options.max_manifest_file_size: 1073741824
2020/01/22-01:33:43.262402 7f913e35e700                   Options.log_file_time_to_roll: 0
2020/01/22-01:33:43.262404 7f913e35e700                       Options.keep_log_file_num: 1000
2020/01/22-01:33:43.262407 7f913e35e700                    Options.recycle_log_file_num: 0
2020/01/22-01:33:43.262409 7f913e35e700                         Options.allow_fallocate: 1
2020/01/22-01:33:43.262411 7f913e35e700                        Options.allow_mmap_reads: 0
2020/01/22-01:33:43.262414 7f913e35e700                       Options.allow_mmap_writes: 0
2020/01/22-01:33:43.262416 7f913e35e700                        Options.use_direct_reads: 0
2020/01/22-01:33:43.262419 7f913e35e700                        Options.use_direct_io_for_flush_and_compaction: 0
2020/01/22-01:33:43.262421 7f913e35e700          Options.create_missing_column_families: 1
2020/01/22-01:33:43.262423 7f913e35e700                              Options.db_log_dir: 
2020/01/22-01:33:43.262426 7f913e35e700                                 Options.wal_dir: /mnt/sdd/mbwu-rocksdb-data
2020/01/22-01:33:43.262428 7f913e35e700                Options.table_cache_numshardbits: 6
2020/01/22-01:33:43.262431 7f913e35e700                      Options.max_subcompactions: 1
2020/01/22-01:33:43.262433 7f913e35e700                  Options.max_background_flushes: 24
2020/01/22-01:33:43.262436 7f913e35e700                         Options.WAL_ttl_seconds: 0
2020/01/22-01:33:43.262438 7f913e35e700                       Options.WAL_size_limit_MB: 0
2020/01/22-01:33:43.262440 7f913e35e700             Options.manifest_preallocation_size: 4194304
2020/01/22-01:33:43.262443 7f913e35e700                     Options.is_fd_close_on_exec: 1
2020/01/22-01:33:43.262445 7f913e35e700                   Options.advise_random_on_open: 1
2020/01/22-01:33:43.262447 7f913e35e700                    Options.db_write_buffer_size: 0
2020/01/22-01:33:43.262450 7f913e35e700                    Options.write_buffer_manager: 0x7f90d8098180
2020/01/22-01:33:43.262452 7f913e35e700         Options.access_hint_on_compaction_start: 1
2020/01/22-01:33:43.262454 7f913e35e700  Options.new_table_reader_for_compaction_inputs: 0
2020/01/22-01:33:43.262457 7f913e35e700           Options.random_access_max_buffer_size: 1048576
2020/01/22-01:33:43.262459 7f913e35e700                      Options.use_adaptive_mutex: 0
2020/01/22-01:33:43.262461 7f913e35e700                            Options.rate_limiter: (nil)
2020/01/22-01:33:43.262465 7f913e35e700     Options.sst_file_manager.rate_bytes_per_sec: 0
2020/01/22-01:33:43.262468 7f913e35e700                       Options.wal_recovery_mode: 2
2020/01/22-01:33:43.262470 7f913e35e700                  Options.enable_thread_tracking: 0
2020/01/22-01:33:43.262472 7f913e35e700                  Options.enable_pipelined_write: 0
2020/01/22-01:33:43.262497 7f913e35e700         Options.allow_concurrent_memtable_write: 1
2020/01/22-01:33:43.262501 7f913e35e700      Options.enable_write_thread_adaptive_yield: 1
2020/01/22-01:33:43.262503 7f913e35e700             Options.write_thread_max_yield_usec: 100
2020/01/22-01:33:43.262505 7f913e35e700            Options.write_thread_slow_yield_usec: 3
2020/01/22-01:33:43.262508 7f913e35e700                               Options.row_cache: None
2020/01/22-01:33:43.262510 7f913e35e700                              Options.wal_filter: None
2020/01/22-01:33:43.262513 7f913e35e700             Options.avoid_flush_during_recovery: 0
2020/01/22-01:33:43.262515 7f913e35e700             Options.allow_ingest_behind: 0
2020/01/22-01:33:43.262517 7f913e35e700             Options.preserve_deletes: 0
2020/01/22-01:33:43.262520 7f913e35e700             Options.two_write_queues: 0
2020/01/22-01:33:43.262522 7f913e35e700             Options.manual_wal_flush: 0
2020/01/22-01:33:43.262524 7f913e35e700             Options.atomic_flush: 0
2020/01/22-01:33:43.262527 7f913e35e700             Options.avoid_unnecessary_blocking_io: 0
2020/01/22-01:33:43.262531 7f913e35e700             Options.max_background_jobs: 24
2020/01/22-01:33:43.262534 7f913e35e700             Options.max_background_compactions: 24
2020/01/22-01:33:43.262536 7f913e35e700             Options.avoid_flush_during_shutdown: 0
2020/01/22-01:33:43.262538 7f913e35e700           Options.writable_file_max_buffer_size: 1048576
2020/01/22-01:33:43.262541 7f913e35e700             Options.delayed_write_rate : 16777216
2020/01/22-01:33:43.262543 7f913e35e700             Options.max_total_wal_size: 0
2020/01/22-01:33:43.262546 7f913e35e700             Options.delete_obsolete_files_period_micros: 21600000000
2020/01/22-01:33:43.262548 7f913e35e700                   Options.stats_dump_period_sec: 600
2020/01/22-01:33:43.262551 7f913e35e700                 Options.stats_persist_period_sec: 600
2020/01/22-01:33:43.262553 7f913e35e700                 Options.stats_history_buffer_size: 1048576
2020/01/22-01:33:43.262556 7f913e35e700                          Options.max_open_files: -1
2020/01/22-01:33:43.262558 7f913e35e700                          Options.bytes_per_sync: 1048576
2020/01/22-01:33:43.262561 7f913e35e700                      Options.wal_bytes_per_sync: 0
2020/01/22-01:33:43.262563 7f913e35e700       Options.compaction_readahead_size: 0
2020/01/22-01:33:43.262566 7f913e35e700 Compression algorithms supported:
2020/01/22-01:33:43.262569 7f913e35e700 	kZSTDNotFinalCompression supported: 1
2020/01/22-01:33:43.262583 7f913e35e700 	kZSTD supported: 1
2020/01/22-01:33:43.262586 7f913e35e700 	kXpressCompression supported: 0
2020/01/22-01:33:43.262588 7f913e35e700 	kLZ4HCCompression supported: 1
2020/01/22-01:33:43.262591 7f913e35e700 	kLZ4Compression supported: 1
2020/01/22-01:33:43.262594 7f913e35e700 	kBZip2Compression supported: 1
2020/01/22-01:33:43.262596 7f913e35e700 	kZlibCompression supported: 1
2020/01/22-01:33:43.262599 7f913e35e700 	kSnappyCompression supported: 1
2020/01/22-01:33:43.262606 7f913e35e700 Fast CRC32 supported: Supported on x86
2020/01/22-01:33:43.262772 7f913e35e700 [/db_impl_open.cc:228] Creating manifest 1 
2020/01/22-01:33:43.368280 7f913e35e700 [/version_set.cc:3742] Recovering from manifest file: /mnt/sdd/mbwu-rocksdb-data/MANIFEST-000001
2020/01/22-01:33:43.368553 7f913e35e700 [/column_family.cc:698] --------------- Options for column family [default]:
2020/01/22-01:33:43.368563 7f913e35e700               Options.comparator: leveldb.BytewiseComparator
2020/01/22-01:33:43.368566 7f913e35e700           Options.merge_operator: None
2020/01/22-01:33:43.368569 7f913e35e700        Options.compaction_filter: None
2020/01/22-01:33:43.368571 7f913e35e700        Options.compaction_filter_factory: None
2020/01/22-01:33:43.368573 7f913e35e700         Options.memtable_factory: SkipListFactory
2020/01/22-01:33:43.368577 7f913e35e700            Options.table_factory: BlockBasedTable
2020/01/22-01:33:43.368660 7f913e35e700            table_factory options:   flush_block_policy_factory: FlushBlockBySizePolicyFactory (0x7f90d80a0d80)
  cache_index_and_filter_blocks: 0
  cache_index_and_filter_blocks_with_high_priority: 0
  pin_l0_filter_and_index_blocks_in_cache: 0
  pin_top_level_index_and_filter: 1
  index_type: 0
  data_block_index_type: 0
  data_block_hash_table_util_ratio: 0.750000
  hash_index_allow_collision: 1
  checksum: 1
  no_block_cache: 0
  block_cache: 0x7f90d809f480
  block_cache_name: LRUCache
  block_cache_options:
    capacity : 8388608
    num_shard_bits : 4
    strict_capacity_limit : 0
    memory_allocator : None
    high_pri_pool_ratio: 0.000
  block_cache_compressed: (nil)
  persistent_cache: (nil)
  block_size: 8192
  block_size_deviation: 10
  block_restart_interval: 16
  index_block_restart_interval: 1
  metadata_block_size: 4096
  partition_filters: 0
  use_delta_encoding: 1
  filter_policy: nullptr
  whole_key_filtering: 1
  verify_compression: 0
  read_amp_bytes_per_bit: 0
  format_version: 2
  enable_index_compression: 1
  block_align: 0
2020/01/22-01:33:43.368665 7f913e35e700        Options.write_buffer_size: 134217728
2020/01/22-01:33:43.368668 7f913e35e700  Options.max_write_buffer_number: 8
2020/01/22-01:33:43.368671 7f913e35e700        Options.compression[0]: NoCompression
2020/01/22-01:33:43.368674 7f913e35e700        Options.compression[1]: NoCompression
2020/01/22-01:33:43.368676 7f913e35e700        Options.compression[2]: Snappy
2020/01/22-01:33:43.368679 7f913e35e700        Options.compression[3]: Snappy
2020/01/22-01:33:43.368681 7f913e35e700        Options.compression[4]: Snappy
2020/01/22-01:33:43.368684 7f913e35e700        Options.compression[5]: Snappy
2020/01/22-01:33:43.368686 7f913e35e700        Options.compression[6]: Snappy
2020/01/22-01:33:43.368689 7f913e35e700                  Options.bottommost_compression: Disabled
2020/01/22-01:33:43.368691 7f913e35e700       Options.prefix_extractor: nullptr
2020/01/22-01:33:43.368693 7f913e35e700   Options.memtable_insert_with_hint_prefix_extractor: nullptr
2020/01/22-01:33:43.368696 7f913e35e700             Options.num_levels: 6
2020/01/22-01:33:43.368698 7f913e35e700        Options.min_write_buffer_number_to_merge: 2
2020/01/22-01:33:43.368701 7f913e35e700     Options.max_write_buffer_number_to_maintain: 0
2020/01/22-01:33:43.368703 7f913e35e700            Options.bottommost_compression_opts.window_bits: -14
2020/01/22-01:33:43.368706 7f913e35e700                  Options.bottommost_compression_opts.level: 32767
2020/01/22-01:33:43.368708 7f913e35e700               Options.bottommost_compression_opts.strategy: 0
2020/01/22-01:33:43.368711 7f913e35e700         Options.bottommost_compression_opts.max_dict_bytes: 0
2020/01/22-01:33:43.368713 7f913e35e700         Options.bottommost_compression_opts.zstd_max_train_bytes: 0
2020/01/22-01:33:43.368715 7f913e35e700                  Options.bottommost_compression_opts.enabled: false
2020/01/22-01:33:43.368718 7f913e35e700            Options.compression_opts.window_bits: -14
2020/01/22-01:33:43.368720 7f913e35e700                  Options.compression_opts.level: 32767
2020/01/22-01:33:43.368723 7f913e35e700               Options.compression_opts.strategy: 0
2020/01/22-01:33:43.368725 7f913e35e700         Options.compression_opts.max_dict_bytes: 0
2020/01/22-01:33:43.368727 7f913e35e700         Options.compression_opts.zstd_max_train_bytes: 0
2020/01/22-01:33:43.368730 7f913e35e700                  Options.compression_opts.enabled: false
2020/01/22-01:33:43.368732 7f913e35e700      Options.level0_file_num_compaction_trigger: 4
2020/01/22-01:33:43.368735 7f913e35e700          Options.level0_slowdown_writes_trigger: 20
2020/01/22-01:33:43.368737 7f913e35e700              Options.level0_stop_writes_trigger: 36
2020/01/22-01:33:43.368739 7f913e35e700                   Options.target_file_size_base: 67108864
2020/01/22-01:33:43.368742 7f913e35e700             Options.target_file_size_multiplier: 1
2020/01/22-01:33:43.368744 7f913e35e700                Options.max_bytes_for_level_base: 536870912
2020/01/22-01:33:43.368762 7f913e35e700 Options.level_compaction_dynamic_level_bytes: 1
2020/01/22-01:33:43.368766 7f913e35e700          Options.max_bytes_for_level_multiplier: 8.000000
2020/01/22-01:33:43.368770 7f913e35e700 Options.max_bytes_for_level_multiplier_addtl[0]: 1
2020/01/22-01:33:43.368773 7f913e35e700 Options.max_bytes_for_level_multiplier_addtl[1]: 1
2020/01/22-01:33:43.368775 7f913e35e700 Options.max_bytes_for_level_multiplier_addtl[2]: 1
2020/01/22-01:33:43.368778 7f913e35e700 Options.max_bytes_for_level_multiplier_addtl[3]: 1
2020/01/22-01:33:43.368780 7f913e35e700 Options.max_bytes_for_level_multiplier_addtl[4]: 1
2020/01/22-01:33:43.368782 7f913e35e700 Options.max_bytes_for_level_multiplier_addtl[5]: 1
2020/01/22-01:33:43.368785 7f913e35e700 Options.max_bytes_for_level_multiplier_addtl[6]: 1
2020/01/22-01:33:43.368787 7f913e35e700       Options.max_sequential_skip_in_iterations: 8
2020/01/22-01:33:43.368789 7f913e35e700                    Options.max_compaction_bytes: 1677721600
2020/01/22-01:33:43.368792 7f913e35e700                        Options.arena_block_size: 16777216
2020/01/22-01:33:43.368794 7f913e35e700   Options.soft_pending_compaction_bytes_limit: 68719476736
2020/01/22-01:33:43.368797 7f913e35e700   Options.hard_pending_compaction_bytes_limit: 274877906944
2020/01/22-01:33:43.368799 7f913e35e700       Options.rate_limit_delay_max_milliseconds: 100
2020/01/22-01:33:43.368802 7f913e35e700                Options.disable_auto_compactions: 0
2020/01/22-01:33:43.368804 7f913e35e700                      Options.allow_trivial_move: 0
2020/01/22-01:33:43.368806 7f913e35e700                      Options.vlog_direct_IO: 0
2020/01/22-01:33:43.368809 7f913e35e700               Options.compaction_score_limit_L0: 1000.000000
2020/01/22-01:33:43.368814 7f913e35e700                     Options.min_indirect_val_size[0]: 24
2020/01/22-01:33:43.368817 7f913e35e700       Options.fraction_remapped_during_compaction[0]: 20
2020/01/22-01:33:43.368820 7f913e35e700 Options.fraction_remapped_during_active_recycling[0]: 15
2020/01/22-01:33:43.368822 7f913e35e700    Options.fragmentation_active_recycling_trigger[0]: 25
2020/01/22-01:33:43.368824 7f913e35e700     Options.fragmentation_active_recycling_klaxon[0]: 50
2020/01/22-01:33:43.368827 7f913e35e700                Options.active_recycling_sst_minct[0]: 5
2020/01/22-01:33:43.368829 7f913e35e700                Options.active_recycling_sst_maxct[0]: 15
2020/01/22-01:33:43.368832 7f913e35e700       Options.active_recycling_vlogfile_freed_min[0]: 7
2020/01/22-01:33:43.368834 7f913e35e700    Options.active_recycling_size_trigger[0]: 1073741824
2020/01/22-01:33:43.368837 7f913e35e700                         Options.vlogfile_max_size[0]: 16777216
2020/01/22-01:33:43.368839 7f913e35e700          Options.compaction_picker_age_importance[0]: 100
2020/01/22-01:33:43.368842 7f913e35e700                    Options.ring_compression_style[0]: Zlib
2020/01/22-01:33:43.368846 7f913e35e700                        Options.compaction_style: kCompactionStyleLevel
2020/01/22-01:33:43.368850 7f913e35e700                          Options.compaction_pri: kMinOverlappingRatio
2020/01/22-01:33:43.368853 7f913e35e700 Options.compaction_options_universal.size_ratio: 1
2020/01/22-01:33:43.368855 7f913e35e700 Options.compaction_options_universal.min_merge_width: 2
2020/01/22-01:33:43.368858 7f913e35e700 Options.compaction_options_universal.max_merge_width: 4294967295
2020/01/22-01:33:43.368860 7f913e35e700 Options.compaction_options_universal.max_size_amplification_percent: 200
2020/01/22-01:33:43.368863 7f913e35e700 Options.compaction_options_universal.compression_size_percent: -1
2020/01/22-01:33:43.368866 7f913e35e700 Options.compaction_options_universal.stop_style: kCompactionStopStyleTotalSize
2020/01/22-01:33:43.368868 7f913e35e700 Options.compaction_options_fifo.max_table_files_size: 1073741824
2020/01/22-01:33:43.368871 7f913e35e700 Options.compaction_options_fifo.allow_compaction: 0
2020/01/22-01:33:43.368873 7f913e35e700                   Options.table_properties_collectors: 
2020/01/22-01:33:43.368889 7f913e35e700                   Options.inplace_update_support: 0
2020/01/22-01:33:43.368892 7f913e35e700                 Options.inplace_update_num_locks: 10000
2020/01/22-01:33:43.368895 7f913e35e700               Options.memtable_prefix_bloom_size_ratio: 0.000000
2020/01/22-01:33:43.368898 7f913e35e700               Options.memtable_whole_key_filtering: 0
2020/01/22-01:33:43.368900 7f913e35e700   Options.memtable_huge_page_size: 0
2020/01/22-01:33:43.368903 7f913e35e700                           Options.bloom_locality: 0
2020/01/22-01:33:43.368905 7f913e35e700                    Options.max_successive_merges: 0
2020/01/22-01:33:43.368908 7f913e35e700                Options.optimize_filters_for_hits: 0
2020/01/22-01:33:43.368910 7f913e35e700                Options.paranoid_file_checks: 0
2020/01/22-01:33:43.368912 7f913e35e700                Options.force_consistency_checks: 0
2020/01/22-01:33:43.368915 7f913e35e700                Options.report_bg_io_stats: 0
2020/01/22-01:33:43.368917 7f913e35e700                               Options.ttl: 0
2020/01/22-01:33:43.370650 7f913e35e700 [/version_set.cc:3959] Recovered from manifest file:/mnt/sdd/mbwu-rocksdb-data/MANIFEST-000001 succeeded,manifest_file_number is 1, next_file_number is 3, last_sequence is 0, log_number is 0,prev_log_number is 0,max_column_family is 0,min_log_number_to_keep is 0
2020/01/22-01:33:43.370662 7f913e35e700 [/version_set.cc:3968] Column family [default] (ID 0), log number is 0
2020/01/22-01:33:43.371088 7f913e35e700 [/version_set.cc:3196] Creating manifest 4
2020/01/22-01:33:43.445256 7f913e35e700 [/column_family.cc:698] --------------- Options for column family [usertable]:
2020/01/22-01:33:43.445266 7f913e35e700               Options.comparator: leveldb.BytewiseComparator
2020/01/22-01:33:43.445270 7f913e35e700           Options.merge_operator: None
2020/01/22-01:33:43.445272 7f913e35e700        Options.compaction_filter: None
2020/01/22-01:33:43.445275 7f913e35e700        Options.compaction_filter_factory: None
2020/01/22-01:33:43.445277 7f913e35e700         Options.memtable_factory: SkipListFactory
2020/01/22-01:33:43.445280 7f913e35e700            Options.table_factory: BlockBasedTable
2020/01/22-01:33:43.445325 7f913e35e700            table_factory options:   flush_block_policy_factory: FlushBlockBySizePolicyFactory (0x7f90d80a56e0)
  cache_index_and_filter_blocks: 0
  cache_index_and_filter_blocks_with_high_priority: 0
  pin_l0_filter_and_index_blocks_in_cache: 0
  pin_top_level_index_and_filter: 1
  index_type: 0
  data_block_index_type: 0
  data_block_hash_table_util_ratio: 0.750000
  hash_index_allow_collision: 1
  checksum: 1
  no_block_cache: 0
  block_cache: 0x7f90d80a7320
  block_cache_name: LRUCache
  block_cache_options:
    capacity : 8388608
    num_shard_bits : 4
    strict_capacity_limit : 0
    memory_allocator : None
    high_pri_pool_ratio: 0.000
  block_cache_compressed: (nil)
  persistent_cache: (nil)
  block_size: 8192
  block_size_deviation: 10
  block_restart_interval: 16
  index_block_restart_interval: 1
  metadata_block_size: 4096
  partition_filters: 0
  use_delta_encoding: 1
  filter_policy: nullptr
  whole_key_filtering: 1
  verify_compression: 0
  read_amp_bytes_per_bit: 0
  format_version: 2
  enable_index_compression: 1
  block_align: 0
2020/01/22-01:33:43.445330 7f913e35e700        Options.write_buffer_size: 134217728
2020/01/22-01:33:43.445333 7f913e35e700  Options.max_write_buffer_number: 8
2020/01/22-01:33:43.445336 7f913e35e700        Options.compression[0]: NoCompression
2020/01/22-01:33:43.445339 7f913e35e700        Options.compression[1]: NoCompression
2020/01/22-01:33:43.445342 7f913e35e700        Options.compression[2]: Snappy
2020/01/22-01:33:43.445344 7f913e35e700        Options.compression[3]: Snappy
2020/01/22-01:33:43.445347 7f913e35e700        Options.compression[4]: Snappy
2020/01/22-01:33:43.445349 7f913e35e700        Options.compression[5]: Snappy
2020/01/22-01:33:43.445352 7f913e35e700        Options.compression[6]: Snappy
2020/01/22-01:33:43.445354 7f913e35e700                  Options.bottommost_compression: Disabled
2020/01/22-01:33:43.445357 7f913e35e700       Options.prefix_extractor: nullptr
2020/01/22-01:33:43.445359 7f913e35e700   Options.memtable_insert_with_hint_prefix_extractor: nullptr
2020/01/22-01:33:43.445391 7f913e35e700             Options.num_levels: 6
2020/01/22-01:33:43.445395 7f913e35e700        Options.min_write_buffer_number_to_merge: 2
2020/01/22-01:33:43.445397 7f913e35e700     Options.max_write_buffer_number_to_maintain: 0
2020/01/22-01:33:43.445399 7f913e35e700            Options.bottommost_compression_opts.window_bits: -14
2020/01/22-01:33:43.445402 7f913e35e700                  Options.bottommost_compression_opts.level: 32767
2020/01/22-01:33:43.445404 7f913e35e700               Options.bottommost_compression_opts.strategy: 0
2020/01/22-01:33:43.445407 7f913e35e700         Options.bottommost_compression_opts.max_dict_bytes: 0
2020/01/22-01:33:43.445409 7f913e35e700         Options.bottommost_compression_opts.zstd_max_train_bytes: 0
2020/01/22-01:33:43.445412 7f913e35e700                  Options.bottommost_compression_opts.enabled: false
2020/01/22-01:33:43.445414 7f913e35e700            Options.compression_opts.window_bits: -14
2020/01/22-01:33:43.445417 7f913e35e700                  Options.compression_opts.level: 32767
2020/01/22-01:33:43.445419 7f913e35e700               Options.compression_opts.strategy: 0
2020/01/22-01:33:43.445421 7f913e35e700         Options.compression_opts.max_dict_bytes: 0
2020/01/22-01:33:43.445424 7f913e35e700         Options.compression_opts.zstd_max_train_bytes: 0
2020/01/22-01:33:43.445454 7f913e35e700                  Options.compression_opts.enabled: false
2020/01/22-01:33:43.445459 7f913e35e700      Options.level0_file_num_compaction_trigger: 4
2020/01/22-01:33:43.445461 7f913e35e700          Options.level0_slowdown_writes_trigger: 20
2020/01/22-01:33:43.445463 7f913e35e700              Options.level0_stop_writes_trigger: 36
2020/01/22-01:33:43.445466 7f913e35e700                   Options.target_file_size_base: 67108864
2020/01/22-01:33:43.445468 7f913e35e700             Options.target_file_size_multiplier: 1
2020/01/22-01:33:43.445470 7f913e35e700                Options.max_bytes_for_level_base: 536870912
2020/01/22-01:33:43.445473 7f913e35e700 Options.level_compaction_dynamic_level_bytes: 1
2020/01/22-01:33:43.445475 7f913e35e700          Options.max_bytes_for_level_multiplier: 8.000000
2020/01/22-01:33:43.445480 7f913e35e700 Options.max_bytes_for_level_multiplier_addtl[0]: 1
2020/01/22-01:33:43.445483 7f913e35e700 Options.max_bytes_for_level_multiplier_addtl[1]: 1
2020/01/22-01:33:43.445485 7f913e35e700 Options.max_bytes_for_level_multiplier_addtl[2]: 1
2020/01/22-01:33:43.445488 7f913e35e700 Options.max_bytes_for_level_multiplier_addtl[3]: 1
2020/01/22-01:33:43.445490 7f913e35e700 Options.max_bytes_for_level_multiplier_addtl[4]: 1
2020/01/22-01:33:43.445492 7f913e35e700 Options.max_bytes_for_level_multiplier_addtl[5]: 1
2020/01/22-01:33:43.445495 7f913e35e700 Options.max_bytes_for_level_multiplier_addtl[6]: 1
2020/01/22-01:33:43.445497 7f913e35e700       Options.max_sequential_skip_in_iterations: 8
2020/01/22-01:33:43.445499 7f913e35e700                    Options.max_compaction_bytes: 1677721600
2020/01/22-01:33:43.445502 7f913e35e700                        Options.arena_block_size: 16777216
2020/01/22-01:33:43.445504 7f913e35e700   Options.soft_pending_compaction_bytes_limit: 68719476736
2020/01/22-01:33:43.445507 7f913e35e700   Options.hard_pending_compaction_bytes_limit: 274877906944
2020/01/22-01:33:43.445509 7f913e35e700       Options.rate_limit_delay_max_milliseconds: 100
2020/01/22-01:33:43.445512 7f913e35e700                Options.disable_auto_compactions: 0
2020/01/22-01:33:43.445514 7f913e35e700                      Options.allow_trivial_move: 0
2020/01/22-01:33:43.445516 7f913e35e700                      Options.vlog_direct_IO: 0
2020/01/22-01:33:43.445519 7f913e35e700               Options.compaction_score_limit_L0: 1000.000000
2020/01/22-01:33:43.445523 7f913e35e700                     Options.min_indirect_val_size[0]: 24
2020/01/22-01:33:43.445526 7f913e35e700       Options.fraction_remapped_during_compaction[0]: 20
2020/01/22-01:33:43.445529 7f913e35e700 Options.fraction_remapped_during_active_recycling[0]: 15
2020/01/22-01:33:43.445531 7f913e35e700    Options.fragmentation_active_recycling_trigger[0]: 25
2020/01/22-01:33:43.445534 7f913e35e700     Options.fragmentation_active_recycling_klaxon[0]: 50
2020/01/22-01:33:43.445536 7f913e35e700                Options.active_recycling_sst_minct[0]: 5
2020/01/22-01:33:43.445538 7f913e35e700                Options.active_recycling_sst_maxct[0]: 15
2020/01/22-01:33:43.445541 7f913e35e700       Options.active_recycling_vlogfile_freed_min[0]: 7
2020/01/22-01:33:43.445543 7f913e35e700    Options.active_recycling_size_trigger[0]: 1073741824
2020/01/22-01:33:43.445546 7f913e35e700                         Options.vlogfile_max_size[0]: 16777216
2020/01/22-01:33:43.445548 7f913e35e700          Options.compaction_picker_age_importance[0]: 100
2020/01/22-01:33:43.445551 7f913e35e700                    Options.ring_compression_style[0]: Zlib
2020/01/22-01:33:43.445556 7f913e35e700                        Options.compaction_style: kCompactionStyleLevel
2020/01/22-01:33:43.445559 7f913e35e700                          Options.compaction_pri: kMinOverlappingRatio
2020/01/22-01:33:43.445562 7f913e35e700 Options.compaction_options_universal.size_ratio: 1
2020/01/22-01:33:43.445564 7f913e35e700 Options.compaction_options_universal.min_merge_width: 2
2020/01/22-01:33:43.445566 7f913e35e700 Options.compaction_options_universal.max_merge_width: 4294967295
2020/01/22-01:33:43.445582 7f913e35e700 Options.compaction_options_universal.max_size_amplification_percent: 200
2020/01/22-01:33:43.445586 7f913e35e700 Options.compaction_options_universal.compression_size_percent: -1
2020/01/22-01:33:43.445589 7f913e35e700 Options.compaction_options_universal.stop_style: kCompactionStopStyleTotalSize
2020/01/22-01:33:43.445591 7f913e35e700 Options.compaction_options_fifo.max_table_files_size: 1073741824
2020/01/22-01:33:43.445594 7f913e35e700 Options.compaction_options_fifo.allow_compaction: 0
2020/01/22-01:33:43.445596 7f913e35e700                   Options.table_properties_collectors: 
2020/01/22-01:33:43.445599 7f913e35e700                   Options.inplace_update_support: 0
2020/01/22-01:33:43.445601 7f913e35e700                 Options.inplace_update_num_locks: 10000
2020/01/22-01:33:43.445603 7f913e35e700               Options.memtable_prefix_bloom_size_ratio: 0.000000
2020/01/22-01:33:43.445607 7f913e35e700               Options.memtable_whole_key_filtering: 0
2020/01/22-01:33:43.445609 7f913e35e700   Options.memtable_huge_page_size: 0
2020/01/22-01:33:43.445612 7f913e35e700                           Options.bloom_locality: 0
2020/01/22-01:33:43.445614 7f913e35e700                    Options.max_successive_merges: 0
2020/01/22-01:33:43.445617 7f913e35e700                Options.optimize_filters_for_hits: 0
2020/01/22-01:33:43.445619 7f913e35e700                Options.paranoid_file_checks: 0
2020/01/22-01:33:43.445621 7f913e35e700                Options.force_consistency_checks: 0
2020/01/22-01:33:43.445623 7f913e35e700                Options.report_bg_io_stats: 0
2020/01/22-01:33:43.445626 7f913e35e700                               Options.ttl: 0
2020/01/22-01:33:43.445741 7f913e35e700 [/db_impl.cc:1821] Created column family [usertable] (ID 1)
2020/01/22-01:33:43.533020 7f913e35e700 DB pointer 0x7f90d80a2ec0
2020/01/22-01:33:43.533942 7f8fee7f4700 [/db_impl.cc:777] ------- DUMPING STATS -------
2020/01/22-01:33:43.534089 7f8fee7f4700 [/db_impl.cc:778] 
** DB Stats **
Uptime(secs): 0.2 total, 0.2 interval
Cumulative writes: 0 writes, 0 keys, 0 commit groups, 0.0 writes per commit group, ingest: 0.00 GB, 0.00 MB/s
Cumulative WAL: 0 writes, 0 syncs, 0.00 writes per sync, written: 0.00 GB, 0.00 MB/s
Cumulative stall: 00:00:0.000 H:M:S, 0.0 percent
Interval writes: 0 writes, 0 keys, 0 commit groups, 0.0 writes per commit group, ingest: 0.00 MB, 0.00 MB/s
Interval WAL: 0 writes, 0 syncs, 0.00 writes per sync, written: 0.00 MB, 0.00 MB/s
Interval stall: 00:00:0.000 H:M:S, 0.0 percent

** Compaction Stats [default] **
Level    Files   Size     Score Read(GB)  Rn(GB) Rnp1(GB) Write(GB) Wnew(GB) Moved(GB) W-Amp Rd(MB/s) Wr(MB/s) Comp(sec) CompMergeCPU(sec) Comp(cnt) Avg(sec) KeyIn KeyDropWVCmp(GB) WVRaw(GB) WVRemap(GB) WVFiles
-------------------------------------------------------------------------------------------------------------------------------------------------------------------------------------------------------------------
 Sum      0/0    0.00 KB   0.0      0.0     0.0      0.0       0.0      0.0       0.0   0.0      0.0      0.0      0.00              0.00         0    0.000       0      0      0.0      0.0        0.0       0
 Int      0/0    0.00 KB   0.0      0.0     0.0      0.0       0.0      0.0       0.0   0.0      0.0      0.0      0.00              0.00         0    0.000       0      0      0.0      0.0        0.0       0

** Compaction Stats [default] **
Priority    Files   Size     Score Read(GB)  Rn(GB) Rnp1(GB) Write(GB) Wnew(GB) Moved(GB) W-Amp Rd(MB/s) Wr(MB/s) Comp(sec) CompMergeCPU(sec) Comp(cnt) Avg(sec) KeyIn KeyDropWVCmp(GB) WVRaw(GB) WVRemap(GB) WVFiles
----------------------------------------------------------------------------------------------------------------------------------------------------------------------------------------------------------------------
Uptime(secs): 0.2 total, 0.2 interval
Flush(GB): cumulative 0.000, interval 0.000
AddFile(GB): cumulative 0.000, interval 0.000
AddFile(Total Files): cumulative 0, interval 0
AddFile(L0 Files): cumulative 0, interval 0
AddFile(Keys): cumulative 0, interval 0
Cumulative compaction: 0.00 GB write, 0.00 MB/s write, 0.00 GB read, 0.00 MB/s read, 0.0 seconds
Interval compaction: 0.00 GB write, 0.00 MB/s write, 0.00 GB read, 0.00 MB/s read, 0.0 seconds
Stalls(count): 0 level0_slowdown, 0 level0_slowdown_with_compaction, 0 level0_numfiles, 0 level0_numfiles_with_compaction, 0 stop for pending_compaction_bytes, 0 slowdown for pending_compaction_bytes, 0 memtable_compaction, 0 memtable_slowdown, interval 0 total count

** Compaction Ring Stats [default] **
Ring  Files   Size  Frag(%)
----------------------------
 Sum        0  0.00 KB  -nan 
VLog Read Latency over 0 reads with average length 0:   0.000 usec
VLog Decompress Latency over 0 reads with average length 0:   0.000 usec

** File Read Latency Histogram By Level [default] **

** Compaction Stats [usertable] **
Level    Files   Size     Score Read(GB)  Rn(GB) Rnp1(GB) Write(GB) Wnew(GB) Moved(GB) W-Amp Rd(MB/s) Wr(MB/s) Comp(sec) CompMergeCPU(sec) Comp(cnt) Avg(sec) KeyIn KeyDropWVCmp(GB) WVRaw(GB) WVRemap(GB) WVFiles
-------------------------------------------------------------------------------------------------------------------------------------------------------------------------------------------------------------------
 Sum      0/0    0.00 KB   0.0      0.0     0.0      0.0       0.0      0.0       0.0   0.0      0.0      0.0      0.00              0.00         0    0.000       0      0      0.0      0.0        0.0       0
 Int      0/0    0.00 KB   0.0      0.0     0.0      0.0       0.0      0.0       0.0   0.0      0.0      0.0      0.00              0.00         0    0.000       0      0      0.0      0.0        0.0       0

** Compaction Stats [usertable] **
Priority    Files   Size     Score Read(GB)  Rn(GB) Rnp1(GB) Write(GB) Wnew(GB) Moved(GB) W-Amp Rd(MB/s) Wr(MB/s) Comp(sec) CompMergeCPU(sec) Comp(cnt) Avg(sec) KeyIn KeyDropWVCmp(GB) WVRaw(GB) WVRemap(GB) WVFiles
----------------------------------------------------------------------------------------------------------------------------------------------------------------------------------------------------------------------
Uptime(secs): 0.1 total, 0.1 interval
Flush(GB): cumulative 0.000, interval 0.000
AddFile(GB): cumulative 0.000, interval 0.000
AddFile(Total Files): cumulative 0, interval 0
AddFile(L0 Files): cumulative 0, interval 0
AddFile(Keys): cumulative 0, interval 0
Cumulative compaction: 0.00 GB write, 0.00 MB/s write, 0.00 GB read, 0.00 MB/s read, 0.0 seconds
Interval compaction: 0.00 GB write, 0.00 MB/s write, 0.00 GB read, 0.00 MB/s read, 0.0 seconds
Stalls(count): 0 level0_slowdown, 0 level0_slowdown_with_compaction, 0 level0_numfiles, 0 level0_numfiles_with_compaction, 0 stop for pending_compaction_bytes, 0 slowdown for pending_compaction_bytes, 0 memtable_compaction, 0 memtable_slowdown, interval 0 total count

** Compaction Ring Stats [usertable] **
Ring  Files   Size  Frag(%)
----------------------------
 Sum        0  0.00 KB  -nan 
VLog Read Latency over 0 reads with average length 0:   0.000 usec
VLog Decompress Latency over 0 reads with average length 0:   0.000 usec

** File Read Latency Histogram By Level [usertable] **

** Compaction Stats [default] **
Level    Files   Size     Score Read(GB)  Rn(GB) Rnp1(GB) Write(GB) Wnew(GB) Moved(GB) W-Amp Rd(MB/s) Wr(MB/s) Comp(sec) CompMergeCPU(sec) Comp(cnt) Avg(sec) KeyIn KeyDropWVCmp(GB) WVRaw(GB) WVRemap(GB) WVFiles
-------------------------------------------------------------------------------------------------------------------------------------------------------------------------------------------------------------------
 Sum      0/0    0.00 KB   0.0      0.0     0.0      0.0       0.0      0.0       0.0   0.0      0.0      0.0      0.00              0.00         0    0.000       0      0      0.0      0.0        0.0       0
 Int      0/0    0.00 KB   0.0      0.0     0.0      0.0       0.0      0.0       0.0   0.0      0.0      0.0      0.00              0.00         0    0.000       0      0      0.0      0.0        0.0       0

** Compaction Stats [default] **
Priority    Files   Size     Score Read(GB)  Rn(GB) Rnp1(GB) Write(GB) Wnew(GB) Moved(GB) W-Amp Rd(MB/s) Wr(MB/s) Comp(sec) CompMergeCPU(sec) Comp(cnt) Avg(sec) KeyIn KeyDropWVCmp(GB) WVRaw(GB) WVRemap(GB) WVFiles
----------------------------------------------------------------------------------------------------------------------------------------------------------------------------------------------------------------------
Uptime(secs): 0.2 total, 0.0 interval
Flush(GB): cumulative 0.000, interval 0.000
AddFile(GB): cumulative 0.000, interval 0.000
AddFile(Total Files): cumulative 0, interval 0
AddFile(L0 Files): cumulative 0, interval 0
AddFile(Keys): cumulative 0, interval 0
Cumulative compaction: 0.00 GB write, 0.00 MB/s write, 0.00 GB read, 0.00 MB/s read, 0.0 seconds
Interval compaction: 0.00 GB write, 0.00 MB/s write, 0.00 GB read, 0.00 MB/s read, 0.0 seconds
Stalls(count): 0 level0_slowdown, 0 level0_slowdown_with_compaction, 0 level0_numfiles, 0 level0_numfiles_with_compaction, 0 stop for pending_compaction_bytes, 0 slowdown for pending_compaction_bytes, 0 memtable_compaction, 0 memtable_slowdown, interval 0 total count

** Compaction Ring Stats [default] **
Ring  Files   Size  Frag(%)
----------------------------
 Sum        0  0.00 KB  -nan 
VLog Read Latency over 0 reads with average length 0:   0.000 usec
VLog Decompress Latency over 0 reads with average length 0:   0.000 usec

** File Read Latency Histogram By Level [default] **

** Compaction Stats [usertable] **
Level    Files   Size     Score Read(GB)  Rn(GB) Rnp1(GB) Write(GB) Wnew(GB) Moved(GB) W-Amp Rd(MB/s) Wr(MB/s) Comp(sec) CompMergeCPU(sec) Comp(cnt) Avg(sec) KeyIn KeyDropWVCmp(GB) WVRaw(GB) WVRemap(GB) WVFiles
-------------------------------------------------------------------------------------------------------------------------------------------------------------------------------------------------------------------
 Sum      0/0    0.00 KB   0.0      0.0     0.0      0.0       0.0      0.0       0.0   0.0      0.0      0.0      0.00              0.00         0    0.000       0      0      0.0      0.0        0.0       0
 Int      0/0    0.00 KB   0.0      0.0     0.0      0.0       0.0      0.0       0.0   0.0      0.0      0.0      0.00              0.00         0    0.000       0      0      0.0      0.0        0.0       0

** Compaction Stats [usertable] **
Priority    Files   Size     Score Read(GB)  Rn(GB) Rnp1(GB) Write(GB) Wnew(GB) Moved(GB) W-Amp Rd(MB/s) Wr(MB/s) Comp(sec) CompMergeCPU(sec) Comp(cnt) Avg(sec) KeyIn KeyDropWVCmp(GB) WVRaw(GB) WVRemap(GB) WVFiles
----------------------------------------------------------------------------------------------------------------------------------------------------------------------------------------------------------------------
Uptime(secs): 0.1 total, 0.0 interval
Flush(GB): cumulative 0.000, interval 0.000
AddFile(GB): cumulative 0.000, interval 0.000
AddFile(Total Files): cumulative 0, interval 0
AddFile(L0 Files): cumulative 0, interval 0
AddFile(Keys): cumulative 0, interval 0
Cumulative compaction: 0.00 GB write, 0.00 MB/s write, 0.00 GB read, 0.00 MB/s read, 0.0 seconds
Interval compaction: 0.00 GB write, 0.00 MB/s write, 0.00 GB read, 0.00 MB/s read, 0.0 seconds
Stalls(count): 0 level0_slowdown, 0 level0_slowdown_with_compaction, 0 level0_numfiles, 0 level0_numfiles_with_compaction, 0 stop for pending_compaction_bytes, 0 slowdown for pending_compaction_bytes, 0 memtable_compaction, 0 memtable_slowdown, interval 0 total count

** Compaction Ring Stats [usertable] **
Ring  Files   Size  Frag(%)
----------------------------
 Sum        0  0.00 KB  -nan 
VLog Read Latency over 0 reads with average length 0:   0.000 usec
VLog Decompress Latency over 0 reads with average length 0:   0.000 usec

** File Read Latency Histogram By Level [usertable] **
2020/01/22-01:33:52.328241 7f90886f7700 [/db_impl_write.cc:1470] [usertable] New memtable created with log file: #9. Immutable memtables: 0.
2020/01/22-01:34:01.116078 7f90a83f4700 [/db_impl_write.cc:1470] [usertable] New memtable created with log file: #10. Immutable memtables: 1.
2020/01/22-01:34:01.117030 7f90267fc700 [/db_impl_compaction_flush.cc:108] [JOB 46] Syncing log #3
2020/01/22-01:34:01.356407 7f90267fc700 [/db_impl_compaction_flush.cc:108] [JOB 46] Syncing log #9
2020/01/22-01:34:01.867769 7f90267fc700 (Original Log Time 2020/01/22-01:34:01.116877) [/db_impl_compaction_flush.cc:2087] Calling FlushMemTableToOutputFile with column family [usertable], flush slots available 24, compaction slots available 1, flush slots scheduled 24, compaction slots scheduled 0
2020/01/22-01:34:01.867794 7f90267fc700 [/flush_job.cc:325] [usertable] [JOB 46] Flushing memtable with next log file: 9
2020/01/22-01:34:01.867835 7f90267fc700 [/flush_job.cc:325] [usertable] [JOB 46] Flushing memtable with next log file: 10
2020/01/22-01:34:01.868014 7f90267fc700 EVENT_LOG_v1 {"time_micros": 1579685641867974, "job": 46, "event": "flush_started", "num_memtables": 2, "num_entries": 61515, "num_deletes": 0, "total_data_size": 253626345, "memory_usage": 260120384, "flush_reason": "Write Buffer Full"}
2020/01/22-01:34:01.868030 7f90267fc700 [/flush_job.cc:354] [usertable] [JOB 46] Level-0 flush table #11: started
