2020/02/24-21:39:12.377261 7f769ff200 RocksDB version: 6.5.3
2020/02/24-21:39:12.377415 7f769ff200 Git sha rocksdb_build_git_sha:
2020/02/24-21:39:12.377422 7f769ff200 Compile date Jan 21 2020
2020/02/24-21:39:12.377455 7f769ff200 DB SUMMARY
2020/02/24-21:39:12.377506 7f769ff200 SST files in /mnt/sda/mbwu-rocksdb-data dir, Total Num: 0, files: 
2020/02/24-21:39:12.377516 7f769ff200 Write Ahead Log file in /mnt/sda/mbwu-rocksdb-data: 
2020/02/24-21:39:12.377523 7f769ff200                         Options.error_if_exists: 0
2020/02/24-21:39:12.377527 7f769ff200                       Options.create_if_missing: 1
2020/02/24-21:39:12.377529 7f769ff200                         Options.paranoid_checks: 1
2020/02/24-21:39:12.377532 7f769ff200                                     Options.env: 0x7f767d2c50
2020/02/24-21:39:12.377535 7f769ff200                                Options.info_log: 0x7f2c0a41f0
2020/02/24-21:39:12.377537 7f769ff200                Options.max_file_opening_threads: 16
2020/02/24-21:39:12.377540 7f769ff200                              Options.statistics: (nil)
2020/02/24-21:39:12.377543 7f769ff200                               Options.use_fsync: 0
2020/02/24-21:39:12.377545 7f769ff200                       Options.max_log_file_size: 0
2020/02/24-21:39:12.377548 7f769ff200                  Options.max_manifest_file_size: 1073741824
2020/02/24-21:39:12.377550 7f769ff200                   Options.log_file_time_to_roll: 0
2020/02/24-21:39:12.377553 7f769ff200                       Options.keep_log_file_num: 1000
2020/02/24-21:39:12.377555 7f769ff200                    Options.recycle_log_file_num: 0
2020/02/24-21:39:12.377558 7f769ff200                         Options.allow_fallocate: 1
2020/02/24-21:39:12.377560 7f769ff200                        Options.allow_mmap_reads: 0
2020/02/24-21:39:12.377563 7f769ff200                       Options.allow_mmap_writes: 0
2020/02/24-21:39:12.377565 7f769ff200                        Options.use_direct_reads: 0
2020/02/24-21:39:12.377568 7f769ff200                        Options.use_direct_io_for_flush_and_compaction: 0
2020/02/24-21:39:12.377570 7f769ff200          Options.create_missing_column_families: 1
2020/02/24-21:39:12.377573 7f769ff200                              Options.db_log_dir: 
2020/02/24-21:39:12.377575 7f769ff200                                 Options.wal_dir: /mnt/sda/mbwu-rocksdb-data
2020/02/24-21:39:12.377578 7f769ff200                Options.table_cache_numshardbits: 6
2020/02/24-21:39:12.377580 7f769ff200                      Options.max_subcompactions: 1
2020/02/24-21:39:12.377583 7f769ff200                  Options.max_background_flushes: 6
2020/02/24-21:39:12.377586 7f769ff200                         Options.WAL_ttl_seconds: 0
2020/02/24-21:39:12.377589 7f769ff200                       Options.WAL_size_limit_MB: 0
2020/02/24-21:39:12.377591 7f769ff200                        Options.max_write_batch_group_size_bytes: 1048576
2020/02/24-21:39:12.377594 7f769ff200             Options.manifest_preallocation_size: 4194304
2020/02/24-21:39:12.377597 7f769ff200                     Options.is_fd_close_on_exec: 1
2020/02/24-21:39:12.377599 7f769ff200                   Options.advise_random_on_open: 1
2020/02/24-21:39:12.377602 7f769ff200                    Options.db_write_buffer_size: 0
2020/02/24-21:39:12.377604 7f769ff200                    Options.write_buffer_manager: 0x7f2c09f970
2020/02/24-21:39:12.377607 7f769ff200         Options.access_hint_on_compaction_start: 1
2020/02/24-21:39:12.377610 7f769ff200  Options.new_table_reader_for_compaction_inputs: 0
2020/02/24-21:39:12.377612 7f769ff200           Options.random_access_max_buffer_size: 1048576
2020/02/24-21:39:12.377615 7f769ff200                      Options.use_adaptive_mutex: 0
2020/02/24-21:39:12.377617 7f769ff200                            Options.rate_limiter: (nil)
2020/02/24-21:39:12.377622 7f769ff200     Options.sst_file_manager.rate_bytes_per_sec: 0
2020/02/24-21:39:12.377625 7f769ff200                       Options.wal_recovery_mode: 2
2020/02/24-21:39:12.377628 7f769ff200                  Options.enable_thread_tracking: 0
2020/02/24-21:39:12.377631 7f769ff200                  Options.enable_pipelined_write: 0
2020/02/24-21:39:12.377648 7f769ff200                  Options.unordered_write: 0
2020/02/24-21:39:12.377653 7f769ff200         Options.allow_concurrent_memtable_write: 1
2020/02/24-21:39:12.377656 7f769ff200      Options.enable_write_thread_adaptive_yield: 1
2020/02/24-21:39:12.377658 7f769ff200             Options.write_thread_max_yield_usec: 100
2020/02/24-21:39:12.377661 7f769ff200            Options.write_thread_slow_yield_usec: 3
2020/02/24-21:39:12.377663 7f769ff200                               Options.row_cache: None
2020/02/24-21:39:12.377666 7f769ff200                              Options.wal_filter: None
2020/02/24-21:39:12.377669 7f769ff200             Options.avoid_flush_during_recovery: 0
2020/02/24-21:39:12.377671 7f769ff200             Options.allow_ingest_behind: 0
2020/02/24-21:39:12.377674 7f769ff200             Options.preserve_deletes: 0
2020/02/24-21:39:12.377676 7f769ff200             Options.two_write_queues: 0
2020/02/24-21:39:12.377678 7f769ff200             Options.manual_wal_flush: 0
2020/02/24-21:39:12.377681 7f769ff200             Options.atomic_flush: 0
2020/02/24-21:39:12.377683 7f769ff200             Options.avoid_unnecessary_blocking_io: 0
2020/02/24-21:39:12.377686 7f769ff200                 Options.persist_stats_to_disk: 0
2020/02/24-21:39:12.377688 7f769ff200                 Options.write_dbid_to_manifest: 0
2020/02/24-21:39:12.377691 7f769ff200                 Options.log_readahead_size: 0
2020/02/24-21:39:12.377696 7f769ff200             Options.max_background_jobs: 6
2020/02/24-21:39:12.377699 7f769ff200             Options.max_background_compactions: 6
2020/02/24-21:39:12.377702 7f769ff200             Options.avoid_flush_during_shutdown: 0
2020/02/24-21:39:12.377704 7f769ff200           Options.writable_file_max_buffer_size: 1048576
2020/02/24-21:39:12.377707 7f769ff200             Options.delayed_write_rate : 16777216
2020/02/24-21:39:12.377709 7f769ff200             Options.max_total_wal_size: 0
2020/02/24-21:39:12.377712 7f769ff200             Options.delete_obsolete_files_period_micros: 21600000000
2020/02/24-21:39:12.377714 7f769ff200                   Options.stats_dump_period_sec: 600
2020/02/24-21:39:12.377717 7f769ff200                 Options.stats_persist_period_sec: 600
2020/02/24-21:39:12.377720 7f769ff200                 Options.stats_history_buffer_size: 1048576
2020/02/24-21:39:12.377722 7f769ff200                          Options.max_open_files: -1
2020/02/24-21:39:12.377725 7f769ff200                          Options.bytes_per_sync: 1048576
2020/02/24-21:39:12.377727 7f769ff200                      Options.wal_bytes_per_sync: 0
2020/02/24-21:39:12.377730 7f769ff200                   Options.strict_bytes_per_sync: 0
2020/02/24-21:39:12.377732 7f769ff200       Options.compaction_readahead_size: 0
2020/02/24-21:39:12.377735 7f769ff200 Compression algorithms supported:
2020/02/24-21:39:12.377738 7f769ff200 	kZSTDNotFinalCompression supported: 1
2020/02/24-21:39:12.377771 7f769ff200 	kZSTD supported: 1
2020/02/24-21:39:12.377776 7f769ff200 	kXpressCompression supported: 0
2020/02/24-21:39:12.377778 7f769ff200 	kLZ4HCCompression supported: 1
2020/02/24-21:39:12.377781 7f769ff200 	kLZ4Compression supported: 1
2020/02/24-21:39:12.377784 7f769ff200 	kBZip2Compression supported: 1
2020/02/24-21:39:12.377787 7f769ff200 	kZlibCompression supported: 1
2020/02/24-21:39:12.377789 7f769ff200 	kSnappyCompression supported: 1
2020/02/24-21:39:12.377798 7f769ff200 Fast CRC32 supported: Not supported on x86
2020/02/24-21:39:12.406882 7f769ff200 [_impl/db_impl_open.cc:247] Creating manifest 1 
2020/02/24-21:39:12.480954 7f769ff200 [rsion_set.cc:4319] Recovering from manifest file: /mnt/sda/mbwu-rocksdb-data/MANIFEST-000001
2020/02/24-21:39:12.481327 7f769ff200 [lumn_family.cc:489] --------------- Options for column family [default]:
2020/02/24-21:39:12.481341 7f769ff200               Options.comparator: leveldb.BytewiseComparator
2020/02/24-21:39:12.481350 7f769ff200           Options.merge_operator: None
2020/02/24-21:39:12.481356 7f769ff200        Options.compaction_filter: None
2020/02/24-21:39:12.481432 7f769ff200        Options.compaction_filter_factory: None
2020/02/24-21:39:12.481440 7f769ff200         Options.memtable_factory: SkipListFactory
2020/02/24-21:39:12.481447 7f769ff200            Options.table_factory: BlockBasedTable
2020/02/24-21:39:12.481562 7f769ff200            table_factory options:   flush_block_policy_factory: FlushBlockBySizePolicyFactory (0x7f2c09cd40)
  cache_index_and_filter_blocks: 0
  cache_index_and_filter_blocks_with_high_priority: 1
  pin_l0_filter_and_index_blocks_in_cache: 0
  pin_top_level_index_and_filter: 1
  index_type: 0
  data_block_index_type: 0
  index_shortening: 1
  data_block_hash_table_util_ratio: 0.750000
  hash_index_allow_collision: 1
  checksum: 1
  no_block_cache: 0
  block_cache: 0x7f2c0a1800
  block_cache_name: LRUCache
  block_cache_options:
    capacity : 8388608
    num_shard_bits : 4
    strict_capacity_limit : 0
    memory_allocator : None
    high_pri_pool_ratio: 0.000
  block_cache_compressed: (nil)
  persistent_cache: (nil)
  block_size: 4096
  block_size_deviation: 10
  block_restart_interval: 16
  index_block_restart_interval: 1
  metadata_block_size: 4096
  partition_filters: 0
  use_delta_encoding: 1
  filter_policy: nullptr
  whole_key_filtering: 1
  verify_compression: 0
  read_amp_bytes_per_bit: 0
  format_version: 2
  enable_index_compression: 1
  block_align: 0
2020/02/24-21:39:12.481574 7f769ff200        Options.write_buffer_size: 134217728
2020/02/24-21:39:12.481581 7f769ff200  Options.max_write_buffer_number: 6
2020/02/24-21:39:12.481588 7f769ff200        Options.compression[0]: NoCompression
2020/02/24-21:39:12.481595 7f769ff200        Options.compression[1]: NoCompression
2020/02/24-21:39:12.481601 7f769ff200        Options.compression[2]: LZ4
2020/02/24-21:39:12.481607 7f769ff200        Options.compression[3]: LZ4
2020/02/24-21:39:12.481613 7f769ff200        Options.compression[4]: LZ4
2020/02/24-21:39:12.481619 7f769ff200        Options.compression[5]: LZ4
2020/02/24-21:39:12.481625 7f769ff200        Options.compression[6]: LZ4
2020/02/24-21:39:12.481631 7f769ff200                  Options.bottommost_compression: Disabled
2020/02/24-21:39:12.481637 7f769ff200       Options.prefix_extractor: nullptr
2020/02/24-21:39:12.481643 7f769ff200   Options.memtable_insert_with_hint_prefix_extractor: nullptr
2020/02/24-21:39:12.481649 7f769ff200             Options.num_levels: 7
2020/02/24-21:39:12.481654 7f769ff200        Options.min_write_buffer_number_to_merge: 2
2020/02/24-21:39:12.481660 7f769ff200     Options.max_write_buffer_number_to_maintain: 0
2020/02/24-21:39:12.481665 7f769ff200     Options.max_write_buffer_size_to_maintain: 0
2020/02/24-21:39:12.481671 7f769ff200            Options.bottommost_compression_opts.window_bits: -14
2020/02/24-21:39:12.481677 7f769ff200                  Options.bottommost_compression_opts.level: 32767
2020/02/24-21:39:12.481682 7f769ff200               Options.bottommost_compression_opts.strategy: 0
2020/02/24-21:39:12.481688 7f769ff200         Options.bottommost_compression_opts.max_dict_bytes: 0
2020/02/24-21:39:12.481694 7f769ff200         Options.bottommost_compression_opts.zstd_max_train_bytes: 0
2020/02/24-21:39:12.481700 7f769ff200                  Options.bottommost_compression_opts.enabled: false
2020/02/24-21:39:12.481705 7f769ff200            Options.compression_opts.window_bits: -14
2020/02/24-21:39:12.481711 7f769ff200                  Options.compression_opts.level: 32767
2020/02/24-21:39:12.481717 7f769ff200               Options.compression_opts.strategy: 0
2020/02/24-21:39:12.481722 7f769ff200         Options.compression_opts.max_dict_bytes: 0
2020/02/24-21:39:12.481728 7f769ff200         Options.compression_opts.zstd_max_train_bytes: 0
2020/02/24-21:39:12.481734 7f769ff200                  Options.compression_opts.enabled: false
2020/02/24-21:39:12.481739 7f769ff200      Options.level0_file_num_compaction_trigger: 2
2020/02/24-21:39:12.481745 7f769ff200          Options.level0_slowdown_writes_trigger: 20
2020/02/24-21:39:12.481750 7f769ff200              Options.level0_stop_writes_trigger: 36
2020/02/24-21:39:12.481778 7f769ff200                   Options.target_file_size_base: 67108864
2020/02/24-21:39:12.481785 7f769ff200             Options.target_file_size_multiplier: 1
2020/02/24-21:39:12.481791 7f769ff200                Options.max_bytes_for_level_base: 536870912
2020/02/24-21:39:12.481797 7f769ff200                      Options.snap_refresh_nanos: 0
2020/02/24-21:39:12.481803 7f769ff200 Options.level_compaction_dynamic_level_bytes: 0
2020/02/24-21:39:12.481808 7f769ff200          Options.max_bytes_for_level_multiplier: 10.000000
2020/02/24-21:39:12.481819 7f769ff200 Options.max_bytes_for_level_multiplier_addtl[0]: 1
2020/02/24-21:39:12.481825 7f769ff200 Options.max_bytes_for_level_multiplier_addtl[1]: 1
2020/02/24-21:39:12.481831 7f769ff200 Options.max_bytes_for_level_multiplier_addtl[2]: 1
2020/02/24-21:39:12.481837 7f769ff200 Options.max_bytes_for_level_multiplier_addtl[3]: 1
2020/02/24-21:39:12.481843 7f769ff200 Options.max_bytes_for_level_multiplier_addtl[4]: 1
2020/02/24-21:39:12.481848 7f769ff200 Options.max_bytes_for_level_multiplier_addtl[5]: 1
2020/02/24-21:39:12.481854 7f769ff200 Options.max_bytes_for_level_multiplier_addtl[6]: 1
2020/02/24-21:39:12.481859 7f769ff200       Options.max_sequential_skip_in_iterations: 8
2020/02/24-21:39:12.481865 7f769ff200                    Options.max_compaction_bytes: 1677721600
2020/02/24-21:39:12.481871 7f769ff200                        Options.arena_block_size: 16777216
2020/02/24-21:39:12.481877 7f769ff200   Options.soft_pending_compaction_bytes_limit: 68719476736
2020/02/24-21:39:12.481883 7f769ff200   Options.hard_pending_compaction_bytes_limit: 274877906944
2020/02/24-21:39:12.481888 7f769ff200       Options.rate_limit_delay_max_milliseconds: 100
2020/02/24-21:39:12.481894 7f769ff200                Options.disable_auto_compactions: 0
2020/02/24-21:39:12.481901 7f769ff200                        Options.compaction_style: kCompactionStyleLevel
2020/02/24-21:39:12.481908 7f769ff200                          Options.compaction_pri: kMinOverlappingRatio
2020/02/24-21:39:12.481913 7f769ff200 Options.compaction_options_universal.size_ratio: 1
2020/02/24-21:39:12.481919 7f769ff200 Options.compaction_options_universal.min_merge_width: 2
2020/02/24-21:39:12.481925 7f769ff200 Options.compaction_options_universal.max_merge_width: 4294967295
2020/02/24-21:39:12.481930 7f769ff200 Options.compaction_options_universal.max_size_amplification_percent: 200
2020/02/24-21:39:12.481936 7f769ff200 Options.compaction_options_universal.compression_size_percent: -1
2020/02/24-21:39:12.481943 7f769ff200 Options.compaction_options_universal.stop_style: kCompactionStopStyleTotalSize
2020/02/24-21:39:12.481948 7f769ff200 Options.compaction_options_fifo.max_table_files_size: 1073741824
2020/02/24-21:39:12.481954 7f769ff200 Options.compaction_options_fifo.allow_compaction: 0
2020/02/24-21:39:12.481960 7f769ff200                   Options.table_properties_collectors: 
2020/02/24-21:39:12.481966 7f769ff200                   Options.inplace_update_support: 0
2020/02/24-21:39:12.481971 7f769ff200                 Options.inplace_update_num_locks: 10000
2020/02/24-21:39:12.481977 7f769ff200               Options.memtable_prefix_bloom_size_ratio: 0.000000
2020/02/24-21:39:12.481984 7f769ff200               Options.memtable_whole_key_filtering: 0
2020/02/24-21:39:12.481990 7f769ff200   Options.memtable_huge_page_size: 0
2020/02/24-21:39:12.481995 7f769ff200                           Options.bloom_locality: 0
2020/02/24-21:39:12.482001 7f769ff200                    Options.max_successive_merges: 0
2020/02/24-21:39:12.482006 7f769ff200                Options.optimize_filters_for_hits: 0
2020/02/24-21:39:12.482012 7f769ff200                Options.paranoid_file_checks: 0
2020/02/24-21:39:12.482018 7f769ff200                Options.force_consistency_checks: 0
2020/02/24-21:39:12.482023 7f769ff200                Options.report_bg_io_stats: 0
2020/02/24-21:39:12.482029 7f769ff200                               Options.ttl: 0
2020/02/24-21:39:12.482054 7f769ff200          Options.periodic_compaction_seconds: 0
2020/02/24-21:39:12.485131 7f769ff200 [rsion_set.cc:4469] Recovered from manifest file:/mnt/sda/mbwu-rocksdb-data/MANIFEST-000001 succeeded,manifest_file_number is 1, next_file_number is 3, last_sequence is 0, log_number is 0,prev_log_number is 0,max_column_family is 0,min_log_number_to_keep is 0
2020/02/24-21:39:12.485173 7f769ff200 [rsion_set.cc:4478] Column family [default] (ID 0), log number is 0
2020/02/24-21:39:12.486344 7f769ff200 [rsion_set.cc:3734] Creating manifest 4
2020/02/24-21:39:12.561087 7f769ff200 [lumn_family.cc:489] --------------- Options for column family [usertable]:
2020/02/24-21:39:12.561127 7f769ff200               Options.comparator: leveldb.BytewiseComparator
2020/02/24-21:39:12.561135 7f769ff200           Options.merge_operator: None
2020/02/24-21:39:12.561141 7f769ff200        Options.compaction_filter: None
2020/02/24-21:39:12.561147 7f769ff200        Options.compaction_filter_factory: None
2020/02/24-21:39:12.561153 7f769ff200         Options.memtable_factory: SkipListFactory
2020/02/24-21:39:12.561159 7f769ff200            Options.table_factory: BlockBasedTable
2020/02/24-21:39:12.561256 7f769ff200            table_factory options:   flush_block_policy_factory: FlushBlockBySizePolicyFactory (0x7f2c08bce0)
  cache_index_and_filter_blocks: 0
  cache_index_and_filter_blocks_with_high_priority: 1
  pin_l0_filter_and_index_blocks_in_cache: 0
  pin_top_level_index_and_filter: 1
  index_type: 0
  data_block_index_type: 0
  index_shortening: 1
  data_block_hash_table_util_ratio: 0.750000
  hash_index_allow_collision: 1
  checksum: 1
  no_block_cache: 0
  block_cache: 0x7f2c0a29d0
  block_cache_name: LRUCache
  block_cache_options:
    capacity : 8388608
    num_shard_bits : 4
    strict_capacity_limit : 0
    memory_allocator : None
    high_pri_pool_ratio: 0.000
  block_cache_compressed: (nil)
  persistent_cache: (nil)
  block_size: 4096
  block_size_deviation: 10
  block_restart_interval: 16
  index_block_restart_interval: 1
  metadata_block_size: 4096
  partition_filters: 0
  use_delta_encoding: 1
  filter_policy: nullptr
  whole_key_filtering: 1
  verify_compression: 0
  read_amp_bytes_per_bit: 0
  format_version: 2
  enable_index_compression: 1
  block_align: 0
2020/02/24-21:39:12.561266 7f769ff200        Options.write_buffer_size: 134217728
2020/02/24-21:39:12.561272 7f769ff200  Options.max_write_buffer_number: 6
2020/02/24-21:39:12.561280 7f769ff200        Options.compression[0]: NoCompression
2020/02/24-21:39:12.561287 7f769ff200        Options.compression[1]: NoCompression
2020/02/24-21:39:12.561294 7f769ff200        Options.compression[2]: LZ4
2020/02/24-21:39:12.561300 7f769ff200        Options.compression[3]: LZ4
2020/02/24-21:39:12.561307 7f769ff200        Options.compression[4]: LZ4
2020/02/24-21:39:12.561313 7f769ff200        Options.compression[5]: LZ4
2020/02/24-21:39:12.561320 7f769ff200        Options.compression[6]: LZ4
2020/02/24-21:39:12.561325 7f769ff200                  Options.bottommost_compression: Disabled
2020/02/24-21:39:12.561332 7f769ff200       Options.prefix_extractor: nullptr
2020/02/24-21:39:12.561338 7f769ff200   Options.memtable_insert_with_hint_prefix_extractor: nullptr
2020/02/24-21:39:12.561344 7f769ff200             Options.num_levels: 7
2020/02/24-21:39:12.561349 7f769ff200        Options.min_write_buffer_number_to_merge: 2
2020/02/24-21:39:12.561355 7f769ff200     Options.max_write_buffer_number_to_maintain: 0
2020/02/24-21:39:12.561361 7f769ff200     Options.max_write_buffer_size_to_maintain: 0
2020/02/24-21:39:12.561367 7f769ff200            Options.bottommost_compression_opts.window_bits: -14
2020/02/24-21:39:12.561372 7f769ff200                  Options.bottommost_compression_opts.level: 32767
2020/02/24-21:39:12.561378 7f769ff200               Options.bottommost_compression_opts.strategy: 0
2020/02/24-21:39:12.561384 7f769ff200         Options.bottommost_compression_opts.max_dict_bytes: 0
2020/02/24-21:39:12.561390 7f769ff200         Options.bottommost_compression_opts.zstd_max_train_bytes: 0
2020/02/24-21:39:12.561396 7f769ff200                  Options.bottommost_compression_opts.enabled: false
2020/02/24-21:39:12.561402 7f769ff200            Options.compression_opts.window_bits: -14
2020/02/24-21:39:12.561408 7f769ff200                  Options.compression_opts.level: 32767
2020/02/24-21:39:12.561414 7f769ff200               Options.compression_opts.strategy: 0
2020/02/24-21:39:12.561420 7f769ff200         Options.compression_opts.max_dict_bytes: 0
2020/02/24-21:39:12.561425 7f769ff200         Options.compression_opts.zstd_max_train_bytes: 0
2020/02/24-21:39:12.561479 7f769ff200                  Options.compression_opts.enabled: false
2020/02/24-21:39:12.561486 7f769ff200      Options.level0_file_num_compaction_trigger: 2
2020/02/24-21:39:12.561493 7f769ff200          Options.level0_slowdown_writes_trigger: 20
2020/02/24-21:39:12.561498 7f769ff200              Options.level0_stop_writes_trigger: 36
2020/02/24-21:39:12.561504 7f769ff200                   Options.target_file_size_base: 67108864
2020/02/24-21:39:12.561510 7f769ff200             Options.target_file_size_multiplier: 1
2020/02/24-21:39:12.561516 7f769ff200                Options.max_bytes_for_level_base: 536870912
2020/02/24-21:39:12.561521 7f769ff200                      Options.snap_refresh_nanos: 0
2020/02/24-21:39:12.561527 7f769ff200 Options.level_compaction_dynamic_level_bytes: 0
2020/02/24-21:39:12.561533 7f769ff200          Options.max_bytes_for_level_multiplier: 10.000000
2020/02/24-21:39:12.561543 7f769ff200 Options.max_bytes_for_level_multiplier_addtl[0]: 1
2020/02/24-21:39:12.561550 7f769ff200 Options.max_bytes_for_level_multiplier_addtl[1]: 1
2020/02/24-21:39:12.561556 7f769ff200 Options.max_bytes_for_level_multiplier_addtl[2]: 1
2020/02/24-21:39:12.561561 7f769ff200 Options.max_bytes_for_level_multiplier_addtl[3]: 1
2020/02/24-21:39:12.561567 7f769ff200 Options.max_bytes_for_level_multiplier_addtl[4]: 1
2020/02/24-21:39:12.561572 7f769ff200 Options.max_bytes_for_level_multiplier_addtl[5]: 1
2020/02/24-21:39:12.561578 7f769ff200 Options.max_bytes_for_level_multiplier_addtl[6]: 1
2020/02/24-21:39:12.561584 7f769ff200       Options.max_sequential_skip_in_iterations: 8
2020/02/24-21:39:12.561590 7f769ff200                    Options.max_compaction_bytes: 1677721600
2020/02/24-21:39:12.561596 7f769ff200                        Options.arena_block_size: 16777216
2020/02/24-21:39:12.561601 7f769ff200   Options.soft_pending_compaction_bytes_limit: 68719476736
2020/02/24-21:39:12.561607 7f769ff200   Options.hard_pending_compaction_bytes_limit: 274877906944
2020/02/24-21:39:12.561613 7f769ff200       Options.rate_limit_delay_max_milliseconds: 100
2020/02/24-21:39:12.561619 7f769ff200                Options.disable_auto_compactions: 0
2020/02/24-21:39:12.561626 7f769ff200                        Options.compaction_style: kCompactionStyleLevel
2020/02/24-21:39:12.561633 7f769ff200                          Options.compaction_pri: kMinOverlappingRatio
2020/02/24-21:39:12.561639 7f769ff200 Options.compaction_options_universal.size_ratio: 1
2020/02/24-21:39:12.561644 7f769ff200 Options.compaction_options_universal.min_merge_width: 2
2020/02/24-21:39:12.561650 7f769ff200 Options.compaction_options_universal.max_merge_width: 4294967295
2020/02/24-21:39:12.561656 7f769ff200 Options.compaction_options_universal.max_size_amplification_percent: 200
2020/02/24-21:39:12.561662 7f769ff200 Options.compaction_options_universal.compression_size_percent: -1
2020/02/24-21:39:12.561668 7f769ff200 Options.compaction_options_universal.stop_style: kCompactionStopStyleTotalSize
2020/02/24-21:39:12.561674 7f769ff200 Options.compaction_options_fifo.max_table_files_size: 1073741824
2020/02/24-21:39:12.561680 7f769ff200 Options.compaction_options_fifo.allow_compaction: 0
2020/02/24-21:39:12.561686 7f769ff200                   Options.table_properties_collectors: 
2020/02/24-21:39:12.561691 7f769ff200                   Options.inplace_update_support: 0
2020/02/24-21:39:12.561697 7f769ff200                 Options.inplace_update_num_locks: 10000
2020/02/24-21:39:12.561703 7f769ff200               Options.memtable_prefix_bloom_size_ratio: 0.000000
2020/02/24-21:39:12.561709 7f769ff200               Options.memtable_whole_key_filtering: 0
2020/02/24-21:39:12.561715 7f769ff200   Options.memtable_huge_page_size: 0
2020/02/24-21:39:12.561721 7f769ff200                           Options.bloom_locality: 0
2020/02/24-21:39:12.561726 7f769ff200                    Options.max_successive_merges: 0
2020/02/24-21:39:12.561732 7f769ff200                Options.optimize_filters_for_hits: 0
2020/02/24-21:39:12.561738 7f769ff200                Options.paranoid_file_checks: 0
2020/02/24-21:39:12.561763 7f769ff200                Options.force_consistency_checks: 0
2020/02/24-21:39:12.561771 7f769ff200                Options.report_bg_io_stats: 0
2020/02/24-21:39:12.561777 7f769ff200                               Options.ttl: 0
2020/02/24-21:39:12.561782 7f769ff200          Options.periodic_compaction_seconds: 0
2020/02/24-21:39:12.562002 7f769ff200 [_impl/db_impl.cc:2167] Created column family [usertable] (ID 1)
2020/02/24-21:39:12.644566 7f769ff200 DB pointer 0x7f2c091b50
2020/02/24-21:39:12.648659 7ee47ff200 [_impl/db_impl.cc:853] ------- DUMPING STATS -------
2020/02/24-21:39:12.648856 7ee47ff200 [_impl/db_impl.cc:854] 
** DB Stats **
Uptime(secs): 0.2 total, 0.2 interval
Cumulative writes: 0 writes, 0 keys, 0 commit groups, 0.0 writes per commit group, ingest: 0.00 GB, 0.00 MB/s
Cumulative WAL: 0 writes, 0 syncs, 0.00 writes per sync, written: 0.00 GB, 0.00 MB/s
Cumulative stall: 00:00:0.000 H:M:S, 0.0 percent
Interval writes: 0 writes, 0 keys, 0 commit groups, 0.0 writes per commit group, ingest: 0.00 MB, 0.00 MB/s
Interval WAL: 0 writes, 0 syncs, 0.00 writes per sync, written: 0.00 MB, 0.00 MB/s
Interval stall: 00:00:0.000 H:M:S, 0.0 percent

** Compaction Stats [default] **
Level    Files   Size     Score Read(GB)  Rn(GB) Rnp1(GB) Write(GB) Wnew(GB) Moved(GB) W-Amp Rd(MB/s) Wr(MB/s) Comp(sec) CompMergeCPU(sec) Comp(cnt) Avg(sec) KeyIn KeyDrop
----------------------------------------------------------------------------------------------------------------------------------------------------------------------------
 Sum      0/0    0.00 KB   0.0      0.0     0.0      0.0       0.0      0.0       0.0   0.0      0.0      0.0      0.00              0.00         0    0.000       0      0
 Int      0/0    0.00 KB   0.0      0.0     0.0      0.0       0.0      0.0       0.0   0.0      0.0      0.0      0.00              0.00         0    0.000       0      0

** Compaction Stats [default] **
Priority    Files   Size     Score Read(GB)  Rn(GB) Rnp1(GB) Write(GB) Wnew(GB) Moved(GB) W-Amp Rd(MB/s) Wr(MB/s) Comp(sec) CompMergeCPU(sec) Comp(cnt) Avg(sec) KeyIn KeyDrop
-------------------------------------------------------------------------------------------------------------------------------------------------------------------------------
Uptime(secs): 0.2 total, 0.2 interval
Flush(GB): cumulative 0.000, interval 0.000
AddFile(GB): cumulative 0.000, interval 0.000
AddFile(Total Files): cumulative 0, interval 0
AddFile(L0 Files): cumulative 0, interval 0
AddFile(Keys): cumulative 0, interval 0
Cumulative compaction: 0.00 GB write, 0.00 MB/s write, 0.00 GB read, 0.00 MB/s read, 0.0 seconds
Interval compaction: 0.00 GB write, 0.00 MB/s write, 0.00 GB read, 0.00 MB/s read, 0.0 seconds
Stalls(count): 0 level0_slowdown, 0 level0_slowdown_with_compaction, 0 level0_numfiles, 0 level0_numfiles_with_compaction, 0 stop for pending_compaction_bytes, 0 slowdown for pending_compaction_bytes, 0 memtable_compaction, 0 memtable_slowdown, interval 0 total count

** File Read Latency Histogram By Level [default] **

** Compaction Stats [usertable] **
Level    Files   Size     Score Read(GB)  Rn(GB) Rnp1(GB) Write(GB) Wnew(GB) Moved(GB) W-Amp Rd(MB/s) Wr(MB/s) Comp(sec) CompMergeCPU(sec) Comp(cnt) Avg(sec) KeyIn KeyDrop
----------------------------------------------------------------------------------------------------------------------------------------------------------------------------
 Sum      0/0    0.00 KB   0.0      0.0     0.0      0.0       0.0      0.0       0.0   0.0      0.0      0.0      0.00              0.00         0    0.000       0      0
 Int      0/0    0.00 KB   0.0      0.0     0.0      0.0       0.0      0.0       0.0   0.0      0.0      0.0      0.00              0.00         0    0.000       0      0

** Compaction Stats [usertable] **
Priority    Files   Size     Score Read(GB)  Rn(GB) Rnp1(GB) Write(GB) Wnew(GB) Moved(GB) W-Amp Rd(MB/s) Wr(MB/s) Comp(sec) CompMergeCPU(sec) Comp(cnt) Avg(sec) KeyIn KeyDrop
-------------------------------------------------------------------------------------------------------------------------------------------------------------------------------
Uptime(secs): 0.1 total, 0.1 interval
Flush(GB): cumulative 0.000, interval 0.000
AddFile(GB): cumulative 0.000, interval 0.000
AddFile(Total Files): cumulative 0, interval 0
AddFile(L0 Files): cumulative 0, interval 0
AddFile(Keys): cumulative 0, interval 0
Cumulative compaction: 0.00 GB write, 0.00 MB/s write, 0.00 GB read, 0.00 MB/s read, 0.0 seconds
Interval compaction: 0.00 GB write, 0.00 MB/s write, 0.00 GB read, 0.00 MB/s read, 0.0 seconds
Stalls(count): 0 level0_slowdown, 0 level0_slowdown_with_compaction, 0 level0_numfiles, 0 level0_numfiles_with_compaction, 0 stop for pending_compaction_bytes, 0 slowdown for pending_compaction_bytes, 0 memtable_compaction, 0 memtable_slowdown, interval 0 total count

** File Read Latency Histogram By Level [usertable] **

** Compaction Stats [default] **
Level    Files   Size     Score Read(GB)  Rn(GB) Rnp1(GB) Write(GB) Wnew(GB) Moved(GB) W-Amp Rd(MB/s) Wr(MB/s) Comp(sec) CompMergeCPU(sec) Comp(cnt) Avg(sec) KeyIn KeyDrop
----------------------------------------------------------------------------------------------------------------------------------------------------------------------------
 Sum      0/0    0.00 KB   0.0      0.0     0.0      0.0       0.0      0.0       0.0   0.0      0.0      0.0      0.00              0.00         0    0.000       0      0
 Int      0/0    0.00 KB   0.0      0.0     0.0      0.0       0.0      0.0       0.0   0.0      0.0      0.0      0.00              0.00         0    0.000       0      0

** Compaction Stats [default] **
Priority    Files   Size     Score Read(GB)  Rn(GB) Rnp1(GB) Write(GB) Wnew(GB) Moved(GB) W-Amp Rd(MB/s) Wr(MB/s) Comp(sec) CompMergeCPU(sec) Comp(cnt) Avg(sec) KeyIn KeyDrop
-------------------------------------------------------------------------------------------------------------------------------------------------------------------------------
Uptime(secs): 0.2 total, 0.0 interval
Flush(GB): cumulative 0.000, interval 0.000
AddFile(GB): cumulative 0.000, interval 0.000
AddFile(Total Files): cumulative 0, interval 0
AddFile(L0 Files): cumulative 0, interval 0
AddFile(Keys): cumulative 0, interval 0
Cumulative compaction: 0.00 GB write, 0.00 MB/s write, 0.00 GB read, 0.00 MB/s read, 0.0 seconds
Interval compaction: 0.00 GB write, 0.00 MB/s write, 0.00 GB read, 0.00 MB/s read, 0.0 seconds
Stalls(count): 0 level0_slowdown, 0 level0_slowdown_with_compaction, 0 level0_numfiles, 0 level0_numfiles_with_compaction, 0 stop for pending_compaction_bytes, 0 slowdown for pending_compaction_bytes, 0 memtable_compaction, 0 memtable_slowdown, interval 0 total count

** File Read Latency Histogram By Level [default] **

** Compaction Stats [usertable] **
Level    Files   Size     Score Read(GB)  Rn(GB) Rnp1(GB) Write(GB) Wnew(GB) Moved(GB) W-Amp Rd(MB/s) Wr(MB/s) Comp(sec) CompMergeCPU(sec) Comp(cnt) Avg(sec) KeyIn KeyDrop
----------------------------------------------------------------------------------------------------------------------------------------------------------------------------
 Sum      0/0    0.00 KB   0.0      0.0     0.0      0.0       0.0      0.0       0.0   0.0      0.0      0.0      0.00              0.00         0    0.000       0      0
 Int      0/0    0.00 KB   0.0      0.0     0.0      0.0       0.0      0.0       0.0   0.0      0.0      0.0      0.00              0.00         0    0.000       0      0

** Compaction Stats [usertable] **
Priority    Files   Size     Score Read(GB)  Rn(GB) Rnp1(GB) Write(GB) Wnew(GB) Moved(GB) W-Amp Rd(MB/s) Wr(MB/s) Comp(sec) CompMergeCPU(sec) Comp(cnt) Avg(sec) KeyIn KeyDrop
-------------------------------------------------------------------------------------------------------------------------------------------------------------------------------
Uptime(secs): 0.1 total, 0.0 interval
Flush(GB): cumulative 0.000, interval 0.000
AddFile(GB): cumulative 0.000, interval 0.000
AddFile(Total Files): cumulative 0, interval 0
AddFile(L0 Files): cumulative 0, interval 0
AddFile(Keys): cumulative 0, interval 0
Cumulative compaction: 0.00 GB write, 0.00 MB/s write, 0.00 GB read, 0.00 MB/s read, 0.0 seconds
Interval compaction: 0.00 GB write, 0.00 MB/s write, 0.00 GB read, 0.00 MB/s read, 0.0 seconds
Stalls(count): 0 level0_slowdown, 0 level0_slowdown_with_compaction, 0 level0_numfiles, 0 level0_numfiles_with_compaction, 0 stop for pending_compaction_bytes, 0 slowdown for pending_compaction_bytes, 0 memtable_compaction, 0 memtable_slowdown, interval 0 total count

** File Read Latency Histogram By Level [usertable] **
2020/02/24-21:40:06.736699 7f0dbfe200 [_impl/db_impl_write.cc:1656] [usertable] New memtable created with log file: #9. Immutable memtables: 0.
2020/02/24-21:41:03.142916 7ee5fff200 [_impl/db_impl_write.cc:1656] [usertable] New memtable created with log file: #10. Immutable memtables: 1.
2020/02/24-21:41:03.143344 7f167ff200 [_impl/db_impl_compaction_flush.cc:106] [JOB 8] Syncing log #3
2020/02/24-21:41:03.143660 7f167ff200 [_impl/db_impl_compaction_flush.cc:106] [JOB 8] Syncing log #9
2020/02/24-21:41:03.403365 7f167ff200 (Original Log Time 2020/02/24-21:41:03.143150) [_impl/db_impl_compaction_flush.cc:2188] Calling FlushMemTableToOutputFile with column family [usertable], flush slots available 6, compaction slots available 1, flush slots scheduled 6, compaction slots scheduled 0
2020/02/24-21:41:03.403409 7f167ff200 [ush_job.cc:320] [usertable] [JOB 8] Flushing memtable with next log file: 9
2020/02/24-21:41:03.403445 7f167ff200 [ush_job.cc:320] [usertable] [JOB 8] Flushing memtable with next log file: 10
2020/02/24-21:41:03.403574 7f167ff200 EVENT_LOG_v1 {"time_micros": 1582580463403521, "job": 8, "event": "flush_started", "num_memtables": 2, "num_entries": 61522, "num_deletes": 0, "total_data_size": 253655206, "memory_usage": 260167416, "flush_reason": "Write Buffer Full"}
2020/02/24-21:41:03.403596 7f167ff200 [ush_job.cc:349] [usertable] [JOB 8] Level-0 flush table #11: started
2020/02/24-21:41:05.463399 7f167ff200 EVENT_LOG_v1 {"time_micros": 1582580465463302, "cf_name": "usertable", "job": 8, "event": "table_file_creation", "file_number": 11, "file_size": 256786266, "table_properties": {"data_size": 254516514, "index_size": 2268977, "index_partitions": 0, "top_level_index_size": 0, "index_key_is_user_key": 0, "index_value_is_delta_encoded": 0, "filter_size": 0, "raw_key_size": 1476528, "raw_average_key_size": 24, "raw_value_size": 251994112, "raw_average_value_size": 4096, "num_data_blocks": 61522, "num_entries": 61522, "num_deletions": 0, "num_merge_operands": 0, "num_range_deletions": 0, "format_version": 0, "fixed_key_len": 0, "filter_policy": "", "column_family_name": "usertable", "column_family_id": 1, "comparator": "leveldb.BytewiseComparator", "merge_operator": "nullptr", "prefix_extractor_name": "nullptr", "property_collectors": "[]", "compression": "NoCompression", "compression_options": "window_bits=-14; level=32767; strategy=0; max_dict_bytes=0; zstd_max_train_bytes=0; enabled=0; ", "creation_time": 1582580463, "oldest_key_time": 1582580352, "file_creation_time": 1582580463}}
2020/02/24-21:41:05.463471 7f167ff200 [ush_job.cc:390] [usertable] [JOB 8] Level-0 flush table #11: 256786266 bytes OK
2020/02/24-21:41:05.491841 7f167ff200 (Original Log Time 2020/02/24-21:41:05.463513) [mtable_list.cc:432] [usertable] Level-0 commit table #11 started
2020/02/24-21:41:05.491856 7f167ff200 (Original Log Time 2020/02/24-21:41:05.491472) [mtable_list.cc:480] [usertable] Level-0 commit table #11: memtable #1 done
2020/02/24-21:41:05.491866 7f167ff200 (Original Log Time 2020/02/24-21:41:05.491517) [mtable_list.cc:480] [usertable] Level-0 commit table #11: memtable #2 done
2020/02/24-21:41:05.491876 7f167ff200 (Original Log Time 2020/02/24-21:41:05.491602) EVENT_LOG_v1 {"time_micros": 1582580465491566, "job": 8, "event": "flush_finished", "output_compression": "NoCompression", "lsm_state": [1, 0, 0, 0, 0, 0, 0], "immutable_memtables": 0}
2020/02/24-21:41:05.491886 7f167ff200 (Original Log Time 2020/02/24-21:41:05.491672) [_impl/db_impl_compaction_flush.cc:206] [usertable] Level summary: files[1 0 0 0 0 0 0] max score 0.50
2020/02/24-21:41:05.491922 7f167ff200 [_impl/db_impl_files.cc:352] [JOB 8] Try to delete WAL files size 253453846, prev total WAL file size 257915341, number of live WAL files 3.
2020/02/24-21:42:00.836160 7ee5fff200 [_impl/db_impl_write.cc:1656] [usertable] New memtable created with log file: #12. Immutable memtables: 0.
2020/02/24-21:42:57.203814 7ee57ff200 [_impl/db_impl_write.cc:1656] [usertable] New memtable created with log file: #13. Immutable memtables: 1.
2020/02/24-21:42:57.214795 7f157ff200 [_impl/db_impl_compaction_flush.cc:106] [JOB 20] Syncing log #10
2020/02/24-21:42:57.215151 7f157ff200 [_impl/db_impl_compaction_flush.cc:106] [JOB 20] Syncing log #12
2020/02/24-21:42:57.465826 7f157ff200 (Original Log Time 2020/02/24-21:42:57.214707) [_impl/db_impl_compaction_flush.cc:2188] Calling FlushMemTableToOutputFile with column family [usertable], flush slots available 6, compaction slots available 1, flush slots scheduled 6, compaction slots scheduled 0
2020/02/24-21:42:57.465869 7f157ff200 [ush_job.cc:320] [usertable] [JOB 20] Flushing memtable with next log file: 12
2020/02/24-21:42:57.465888 7f157ff200 [ush_job.cc:320] [usertable] [JOB 20] Flushing memtable with next log file: 13
2020/02/24-21:42:57.465974 7f157ff200 EVENT_LOG_v1 {"time_micros": 1582580577465945, "job": 20, "event": "flush_started", "num_memtables": 2, "num_entries": 61518, "num_deletes": 0, "total_data_size": 253638714, "memory_usage": 260091224, "flush_reason": "Write Buffer Full"}
2020/02/24-21:42:57.465991 7f157ff200 [ush_job.cc:349] [usertable] [JOB 20] Level-0 flush table #14: started
