2020/02/27-11:54:08.351026 7f683fe200 RocksDB version: 6.5.3
2020/02/27-11:54:08.351177 7f683fe200 Git sha rocksdb_build_git_sha:
2020/02/27-11:54:08.351184 7f683fe200 Compile date Jan 21 2020
2020/02/27-11:54:08.351191 7f683fe200 DB SUMMARY
2020/02/27-11:54:08.351241 7f683fe200 SST files in /mnt/sda/mbwu-rocksdb-data dir, Total Num: 0, files: 
2020/02/27-11:54:08.351251 7f683fe200 Write Ahead Log file in /mnt/sda/mbwu-rocksdb-data: 
2020/02/27-11:54:08.351257 7f683fe200                         Options.error_if_exists: 0
2020/02/27-11:54:08.351260 7f683fe200                       Options.create_if_missing: 1
2020/02/27-11:54:08.351263 7f683fe200                         Options.paranoid_checks: 1
2020/02/27-11:54:08.351266 7f683fe200                                     Options.env: 0x7f63ffbc50
2020/02/27-11:54:08.351269 7f683fe200                                Options.info_log: 0x7f14095210
2020/02/27-11:54:08.351272 7f683fe200                Options.max_file_opening_threads: 16
2020/02/27-11:54:08.351275 7f683fe200                              Options.statistics: (nil)
2020/02/27-11:54:08.351278 7f683fe200                               Options.use_fsync: 0
2020/02/27-11:54:08.351281 7f683fe200                       Options.max_log_file_size: 0
2020/02/27-11:54:08.351284 7f683fe200                  Options.max_manifest_file_size: 1073741824
2020/02/27-11:54:08.351287 7f683fe200                   Options.log_file_time_to_roll: 0
2020/02/27-11:54:08.351290 7f683fe200                       Options.keep_log_file_num: 1000
2020/02/27-11:54:08.351293 7f683fe200                    Options.recycle_log_file_num: 0
2020/02/27-11:54:08.351295 7f683fe200                         Options.allow_fallocate: 1
2020/02/27-11:54:08.351298 7f683fe200                        Options.allow_mmap_reads: 0
2020/02/27-11:54:08.351301 7f683fe200                       Options.allow_mmap_writes: 0
2020/02/27-11:54:08.351304 7f683fe200                        Options.use_direct_reads: 0
2020/02/27-11:54:08.351306 7f683fe200                        Options.use_direct_io_for_flush_and_compaction: 0
2020/02/27-11:54:08.351309 7f683fe200          Options.create_missing_column_families: 1
2020/02/27-11:54:08.351311 7f683fe200                              Options.db_log_dir: 
2020/02/27-11:54:08.351314 7f683fe200                                 Options.wal_dir: /mnt/sda/mbwu-rocksdb-data
2020/02/27-11:54:08.351317 7f683fe200                Options.table_cache_numshardbits: 6
2020/02/27-11:54:08.351320 7f683fe200                      Options.max_subcompactions: 1
2020/02/27-11:54:08.351323 7f683fe200                  Options.max_background_flushes: 6
2020/02/27-11:54:08.351325 7f683fe200                         Options.WAL_ttl_seconds: 0
2020/02/27-11:54:08.351328 7f683fe200                       Options.WAL_size_limit_MB: 0
2020/02/27-11:54:08.351331 7f683fe200                        Options.max_write_batch_group_size_bytes: 1048576
2020/02/27-11:54:08.351334 7f683fe200             Options.manifest_preallocation_size: 4194304
2020/02/27-11:54:08.351336 7f683fe200                     Options.is_fd_close_on_exec: 1
2020/02/27-11:54:08.351339 7f683fe200                   Options.advise_random_on_open: 1
2020/02/27-11:54:08.351341 7f683fe200                    Options.db_write_buffer_size: 0
2020/02/27-11:54:08.351344 7f683fe200                    Options.write_buffer_manager: 0x7f14095450
2020/02/27-11:54:08.351346 7f683fe200         Options.access_hint_on_compaction_start: 1
2020/02/27-11:54:08.351349 7f683fe200  Options.new_table_reader_for_compaction_inputs: 0
2020/02/27-11:54:08.351351 7f683fe200           Options.random_access_max_buffer_size: 1048576
2020/02/27-11:54:08.351354 7f683fe200                      Options.use_adaptive_mutex: 0
2020/02/27-11:54:08.351356 7f683fe200                            Options.rate_limiter: (nil)
2020/02/27-11:54:08.351361 7f683fe200     Options.sst_file_manager.rate_bytes_per_sec: 0
2020/02/27-11:54:08.351364 7f683fe200                       Options.wal_recovery_mode: 2
2020/02/27-11:54:08.351367 7f683fe200                  Options.enable_thread_tracking: 0
2020/02/27-11:54:08.351369 7f683fe200                  Options.enable_pipelined_write: 0
2020/02/27-11:54:08.351387 7f683fe200                  Options.unordered_write: 0
2020/02/27-11:54:08.351391 7f683fe200         Options.allow_concurrent_memtable_write: 1
2020/02/27-11:54:08.351394 7f683fe200      Options.enable_write_thread_adaptive_yield: 1
2020/02/27-11:54:08.351396 7f683fe200             Options.write_thread_max_yield_usec: 100
2020/02/27-11:54:08.351399 7f683fe200            Options.write_thread_slow_yield_usec: 3
2020/02/27-11:54:08.351402 7f683fe200                               Options.row_cache: None
2020/02/27-11:54:08.351404 7f683fe200                              Options.wal_filter: None
2020/02/27-11:54:08.351407 7f683fe200             Options.avoid_flush_during_recovery: 0
2020/02/27-11:54:08.351410 7f683fe200             Options.allow_ingest_behind: 0
2020/02/27-11:54:08.351412 7f683fe200             Options.preserve_deletes: 0
2020/02/27-11:54:08.351415 7f683fe200             Options.two_write_queues: 0
2020/02/27-11:54:08.351417 7f683fe200             Options.manual_wal_flush: 0
2020/02/27-11:54:08.351420 7f683fe200             Options.atomic_flush: 0
2020/02/27-11:54:08.351422 7f683fe200             Options.avoid_unnecessary_blocking_io: 0
2020/02/27-11:54:08.351425 7f683fe200                 Options.persist_stats_to_disk: 0
2020/02/27-11:54:08.351427 7f683fe200                 Options.write_dbid_to_manifest: 0
2020/02/27-11:54:08.351430 7f683fe200                 Options.log_readahead_size: 0
2020/02/27-11:54:08.351435 7f683fe200             Options.max_background_jobs: 6
2020/02/27-11:54:08.351438 7f683fe200             Options.max_background_compactions: 6
2020/02/27-11:54:08.351441 7f683fe200             Options.avoid_flush_during_shutdown: 0
2020/02/27-11:54:08.351443 7f683fe200           Options.writable_file_max_buffer_size: 1048576
2020/02/27-11:54:08.351446 7f683fe200             Options.delayed_write_rate : 16777216
2020/02/27-11:54:08.351449 7f683fe200             Options.max_total_wal_size: 0
2020/02/27-11:54:08.351451 7f683fe200             Options.delete_obsolete_files_period_micros: 21600000000
2020/02/27-11:54:08.351454 7f683fe200                   Options.stats_dump_period_sec: 600
2020/02/27-11:54:08.351456 7f683fe200                 Options.stats_persist_period_sec: 600
2020/02/27-11:54:08.351459 7f683fe200                 Options.stats_history_buffer_size: 1048576
2020/02/27-11:54:08.351461 7f683fe200                          Options.max_open_files: -1
2020/02/27-11:54:08.351464 7f683fe200                          Options.bytes_per_sync: 1048576
2020/02/27-11:54:08.351467 7f683fe200                      Options.wal_bytes_per_sync: 0
2020/02/27-11:54:08.351469 7f683fe200                   Options.strict_bytes_per_sync: 0
2020/02/27-11:54:08.351472 7f683fe200       Options.compaction_readahead_size: 0
2020/02/27-11:54:08.351474 7f683fe200 Compression algorithms supported:
2020/02/27-11:54:08.351478 7f683fe200 	kZSTDNotFinalCompression supported: 1
2020/02/27-11:54:08.351510 7f683fe200 	kZSTD supported: 1
2020/02/27-11:54:08.351514 7f683fe200 	kXpressCompression supported: 0
2020/02/27-11:54:08.351517 7f683fe200 	kLZ4HCCompression supported: 1
2020/02/27-11:54:08.351521 7f683fe200 	kLZ4Compression supported: 1
2020/02/27-11:54:08.351523 7f683fe200 	kBZip2Compression supported: 1
2020/02/27-11:54:08.351526 7f683fe200 	kZlibCompression supported: 1
2020/02/27-11:54:08.351529 7f683fe200 	kSnappyCompression supported: 1
2020/02/27-11:54:08.351538 7f683fe200 Fast CRC32 supported: Not supported on x86
2020/02/27-11:54:08.380827 7f683fe200 [_impl/db_impl_open.cc:247] Creating manifest 1 
2020/02/27-11:54:08.454816 7f683fe200 [rsion_set.cc:4319] Recovering from manifest file: /mnt/sda/mbwu-rocksdb-data/MANIFEST-000001
2020/02/27-11:54:08.455234 7f683fe200 [lumn_family.cc:489] --------------- Options for column family [default]:
2020/02/27-11:54:08.455250 7f683fe200               Options.comparator: leveldb.BytewiseComparator
2020/02/27-11:54:08.455257 7f683fe200           Options.merge_operator: None
2020/02/27-11:54:08.455264 7f683fe200        Options.compaction_filter: None
2020/02/27-11:54:08.455338 7f683fe200        Options.compaction_filter_factory: None
2020/02/27-11:54:08.455346 7f683fe200         Options.memtable_factory: SkipListFactory
2020/02/27-11:54:08.455353 7f683fe200            Options.table_factory: BlockBasedTable
2020/02/27-11:54:08.455459 7f683fe200            table_factory options:   flush_block_policy_factory: FlushBlockBySizePolicyFactory (0x7f14091fa0)
  cache_index_and_filter_blocks: 0
  cache_index_and_filter_blocks_with_high_priority: 1
  pin_l0_filter_and_index_blocks_in_cache: 0
  pin_top_level_index_and_filter: 1
  index_type: 0
  data_block_index_type: 0
  index_shortening: 1
  data_block_hash_table_util_ratio: 0.750000
  hash_index_allow_collision: 1
  checksum: 1
  no_block_cache: 0
  block_cache: 0x7f14091520
  block_cache_name: LRUCache
  block_cache_options:
    capacity : 8388608
    num_shard_bits : 4
    strict_capacity_limit : 0
    memory_allocator : None
    high_pri_pool_ratio: 0.000
  block_cache_compressed: (nil)
  persistent_cache: (nil)
  block_size: 4096
  block_size_deviation: 10
  block_restart_interval: 16
  index_block_restart_interval: 1
  metadata_block_size: 4096
  partition_filters: 0
  use_delta_encoding: 1
  filter_policy: nullptr
  whole_key_filtering: 1
  verify_compression: 0
  read_amp_bytes_per_bit: 0
  format_version: 2
  enable_index_compression: 1
  block_align: 0
2020/02/27-11:54:08.455468 7f683fe200        Options.write_buffer_size: 134217728
2020/02/27-11:54:08.455474 7f683fe200  Options.max_write_buffer_number: 6
2020/02/27-11:54:08.455482 7f683fe200        Options.compression[0]: NoCompression
2020/02/27-11:54:08.455489 7f683fe200        Options.compression[1]: NoCompression
2020/02/27-11:54:08.455496 7f683fe200        Options.compression[2]: LZ4
2020/02/27-11:54:08.455502 7f683fe200        Options.compression[3]: LZ4
2020/02/27-11:54:08.455509 7f683fe200        Options.compression[4]: LZ4
2020/02/27-11:54:08.455515 7f683fe200        Options.compression[5]: LZ4
2020/02/27-11:54:08.455521 7f683fe200        Options.compression[6]: LZ4
2020/02/27-11:54:08.455527 7f683fe200                  Options.bottommost_compression: Disabled
2020/02/27-11:54:08.455534 7f683fe200       Options.prefix_extractor: nullptr
2020/02/27-11:54:08.455540 7f683fe200   Options.memtable_insert_with_hint_prefix_extractor: nullptr
2020/02/27-11:54:08.455545 7f683fe200             Options.num_levels: 7
2020/02/27-11:54:08.455551 7f683fe200        Options.min_write_buffer_number_to_merge: 2
2020/02/27-11:54:08.455557 7f683fe200     Options.max_write_buffer_number_to_maintain: 0
2020/02/27-11:54:08.455562 7f683fe200     Options.max_write_buffer_size_to_maintain: 0
2020/02/27-11:54:08.455568 7f683fe200            Options.bottommost_compression_opts.window_bits: -14
2020/02/27-11:54:08.455574 7f683fe200                  Options.bottommost_compression_opts.level: 32767
2020/02/27-11:54:08.455580 7f683fe200               Options.bottommost_compression_opts.strategy: 0
2020/02/27-11:54:08.455586 7f683fe200         Options.bottommost_compression_opts.max_dict_bytes: 0
2020/02/27-11:54:08.455591 7f683fe200         Options.bottommost_compression_opts.zstd_max_train_bytes: 0
2020/02/27-11:54:08.455597 7f683fe200                  Options.bottommost_compression_opts.enabled: false
2020/02/27-11:54:08.455603 7f683fe200            Options.compression_opts.window_bits: -14
2020/02/27-11:54:08.455609 7f683fe200                  Options.compression_opts.level: 32767
2020/02/27-11:54:08.455615 7f683fe200               Options.compression_opts.strategy: 0
2020/02/27-11:54:08.455621 7f683fe200         Options.compression_opts.max_dict_bytes: 0
2020/02/27-11:54:08.455626 7f683fe200         Options.compression_opts.zstd_max_train_bytes: 0
2020/02/27-11:54:08.455632 7f683fe200                  Options.compression_opts.enabled: false
2020/02/27-11:54:08.455638 7f683fe200      Options.level0_file_num_compaction_trigger: 2
2020/02/27-11:54:08.455643 7f683fe200          Options.level0_slowdown_writes_trigger: 20
2020/02/27-11:54:08.455649 7f683fe200              Options.level0_stop_writes_trigger: 36
2020/02/27-11:54:08.455677 7f683fe200                   Options.target_file_size_base: 67108864
2020/02/27-11:54:08.455684 7f683fe200             Options.target_file_size_multiplier: 1
2020/02/27-11:54:08.455690 7f683fe200                Options.max_bytes_for_level_base: 536870912
2020/02/27-11:54:08.455696 7f683fe200                      Options.snap_refresh_nanos: 0
2020/02/27-11:54:08.455702 7f683fe200 Options.level_compaction_dynamic_level_bytes: 0
2020/02/27-11:54:08.455708 7f683fe200          Options.max_bytes_for_level_multiplier: 10.000000
2020/02/27-11:54:08.455718 7f683fe200 Options.max_bytes_for_level_multiplier_addtl[0]: 1
2020/02/27-11:54:08.455725 7f683fe200 Options.max_bytes_for_level_multiplier_addtl[1]: 1
2020/02/27-11:54:08.455730 7f683fe200 Options.max_bytes_for_level_multiplier_addtl[2]: 1
2020/02/27-11:54:08.455736 7f683fe200 Options.max_bytes_for_level_multiplier_addtl[3]: 1
2020/02/27-11:54:08.455742 7f683fe200 Options.max_bytes_for_level_multiplier_addtl[4]: 1
2020/02/27-11:54:08.455748 7f683fe200 Options.max_bytes_for_level_multiplier_addtl[5]: 1
2020/02/27-11:54:08.455754 7f683fe200 Options.max_bytes_for_level_multiplier_addtl[6]: 1
2020/02/27-11:54:08.455759 7f683fe200       Options.max_sequential_skip_in_iterations: 8
2020/02/27-11:54:08.455765 7f683fe200                    Options.max_compaction_bytes: 1677721600
2020/02/27-11:54:08.455771 7f683fe200                        Options.arena_block_size: 16777216
2020/02/27-11:54:08.455777 7f683fe200   Options.soft_pending_compaction_bytes_limit: 68719476736
2020/02/27-11:54:08.455783 7f683fe200   Options.hard_pending_compaction_bytes_limit: 274877906944
2020/02/27-11:54:08.455789 7f683fe200       Options.rate_limit_delay_max_milliseconds: 100
2020/02/27-11:54:08.455795 7f683fe200                Options.disable_auto_compactions: 0
2020/02/27-11:54:08.455801 7f683fe200                        Options.compaction_style: kCompactionStyleLevel
2020/02/27-11:54:08.455809 7f683fe200                          Options.compaction_pri: kMinOverlappingRatio
2020/02/27-11:54:08.455814 7f683fe200 Options.compaction_options_universal.size_ratio: 1
2020/02/27-11:54:08.455820 7f683fe200 Options.compaction_options_universal.min_merge_width: 2
2020/02/27-11:54:08.455826 7f683fe200 Options.compaction_options_universal.max_merge_width: 4294967295
2020/02/27-11:54:08.455832 7f683fe200 Options.compaction_options_universal.max_size_amplification_percent: 200
2020/02/27-11:54:08.455838 7f683fe200 Options.compaction_options_universal.compression_size_percent: -1
2020/02/27-11:54:08.455844 7f683fe200 Options.compaction_options_universal.stop_style: kCompactionStopStyleTotalSize
2020/02/27-11:54:08.455850 7f683fe200 Options.compaction_options_fifo.max_table_files_size: 1073741824
2020/02/27-11:54:08.455856 7f683fe200 Options.compaction_options_fifo.allow_compaction: 0
2020/02/27-11:54:08.455861 7f683fe200                   Options.table_properties_collectors: 
2020/02/27-11:54:08.455868 7f683fe200                   Options.inplace_update_support: 0
2020/02/27-11:54:08.455873 7f683fe200                 Options.inplace_update_num_locks: 10000
2020/02/27-11:54:08.455879 7f683fe200               Options.memtable_prefix_bloom_size_ratio: 0.000000
2020/02/27-11:54:08.455886 7f683fe200               Options.memtable_whole_key_filtering: 0
2020/02/27-11:54:08.455892 7f683fe200   Options.memtable_huge_page_size: 0
2020/02/27-11:54:08.455897 7f683fe200                           Options.bloom_locality: 0
2020/02/27-11:54:08.455903 7f683fe200                    Options.max_successive_merges: 0
2020/02/27-11:54:08.455909 7f683fe200                Options.optimize_filters_for_hits: 0
2020/02/27-11:54:08.455915 7f683fe200                Options.paranoid_file_checks: 0
2020/02/27-11:54:08.455920 7f683fe200                Options.force_consistency_checks: 0
2020/02/27-11:54:08.455926 7f683fe200                Options.report_bg_io_stats: 0
2020/02/27-11:54:08.455931 7f683fe200                               Options.ttl: 0
2020/02/27-11:54:08.455957 7f683fe200          Options.periodic_compaction_seconds: 0
2020/02/27-11:54:08.458191 7f683fe200 [rsion_set.cc:4469] Recovered from manifest file:/mnt/sda/mbwu-rocksdb-data/MANIFEST-000001 succeeded,manifest_file_number is 1, next_file_number is 3, last_sequence is 0, log_number is 0,prev_log_number is 0,max_column_family is 0,min_log_number_to_keep is 0
2020/02/27-11:54:08.458215 7f683fe200 [rsion_set.cc:4478] Column family [default] (ID 0), log number is 0
2020/02/27-11:54:08.458896 7f683fe200 [rsion_set.cc:3734] Creating manifest 4
2020/02/27-11:54:08.533790 7f683fe200 [lumn_family.cc:489] --------------- Options for column family [usertable]:
2020/02/27-11:54:08.533830 7f683fe200               Options.comparator: leveldb.BytewiseComparator
2020/02/27-11:54:08.533838 7f683fe200           Options.merge_operator: None
2020/02/27-11:54:08.533844 7f683fe200        Options.compaction_filter: None
2020/02/27-11:54:08.533850 7f683fe200        Options.compaction_filter_factory: None
2020/02/27-11:54:08.533856 7f683fe200         Options.memtable_factory: SkipListFactory
2020/02/27-11:54:08.533862 7f683fe200            Options.table_factory: BlockBasedTable
2020/02/27-11:54:08.533963 7f683fe200            table_factory options:   flush_block_policy_factory: FlushBlockBySizePolicyFactory (0x7f14091eb0)
  cache_index_and_filter_blocks: 0
  cache_index_and_filter_blocks_with_high_priority: 1
  pin_l0_filter_and_index_blocks_in_cache: 0
  pin_top_level_index_and_filter: 1
  index_type: 0
  data_block_index_type: 0
  index_shortening: 1
  data_block_hash_table_util_ratio: 0.750000
  hash_index_allow_collision: 1
  checksum: 1
  no_block_cache: 0
  block_cache: 0x7f14094540
  block_cache_name: LRUCache
  block_cache_options:
    capacity : 8388608
    num_shard_bits : 4
    strict_capacity_limit : 0
    memory_allocator : None
    high_pri_pool_ratio: 0.000
  block_cache_compressed: (nil)
  persistent_cache: (nil)
  block_size: 4096
  block_size_deviation: 10
  block_restart_interval: 16
  index_block_restart_interval: 1
  metadata_block_size: 4096
  partition_filters: 0
  use_delta_encoding: 1
  filter_policy: nullptr
  whole_key_filtering: 1
  verify_compression: 0
  read_amp_bytes_per_bit: 0
  format_version: 2
  enable_index_compression: 1
  block_align: 0
2020/02/27-11:54:08.533976 7f683fe200        Options.write_buffer_size: 134217728
2020/02/27-11:54:08.533983 7f683fe200  Options.max_write_buffer_number: 6
2020/02/27-11:54:08.533991 7f683fe200        Options.compression[0]: NoCompression
2020/02/27-11:54:08.533998 7f683fe200        Options.compression[1]: NoCompression
2020/02/27-11:54:08.534005 7f683fe200        Options.compression[2]: LZ4
2020/02/27-11:54:08.534012 7f683fe200        Options.compression[3]: LZ4
2020/02/27-11:54:08.534018 7f683fe200        Options.compression[4]: LZ4
2020/02/27-11:54:08.534024 7f683fe200        Options.compression[5]: LZ4
2020/02/27-11:54:08.534031 7f683fe200        Options.compression[6]: LZ4
2020/02/27-11:54:08.534037 7f683fe200                  Options.bottommost_compression: Disabled
2020/02/27-11:54:08.534044 7f683fe200       Options.prefix_extractor: nullptr
2020/02/27-11:54:08.534050 7f683fe200   Options.memtable_insert_with_hint_prefix_extractor: nullptr
2020/02/27-11:54:08.534056 7f683fe200             Options.num_levels: 7
2020/02/27-11:54:08.534061 7f683fe200        Options.min_write_buffer_number_to_merge: 2
2020/02/27-11:54:08.534067 7f683fe200     Options.max_write_buffer_number_to_maintain: 0
2020/02/27-11:54:08.534073 7f683fe200     Options.max_write_buffer_size_to_maintain: 0
2020/02/27-11:54:08.534079 7f683fe200            Options.bottommost_compression_opts.window_bits: -14
2020/02/27-11:54:08.534085 7f683fe200                  Options.bottommost_compression_opts.level: 32767
2020/02/27-11:54:08.534091 7f683fe200               Options.bottommost_compression_opts.strategy: 0
2020/02/27-11:54:08.534097 7f683fe200         Options.bottommost_compression_opts.max_dict_bytes: 0
2020/02/27-11:54:08.534103 7f683fe200         Options.bottommost_compression_opts.zstd_max_train_bytes: 0
2020/02/27-11:54:08.534109 7f683fe200                  Options.bottommost_compression_opts.enabled: false
2020/02/27-11:54:08.534115 7f683fe200            Options.compression_opts.window_bits: -14
2020/02/27-11:54:08.534121 7f683fe200                  Options.compression_opts.level: 32767
2020/02/27-11:54:08.534127 7f683fe200               Options.compression_opts.strategy: 0
2020/02/27-11:54:08.534133 7f683fe200         Options.compression_opts.max_dict_bytes: 0
2020/02/27-11:54:08.534139 7f683fe200         Options.compression_opts.zstd_max_train_bytes: 0
2020/02/27-11:54:08.534192 7f683fe200                  Options.compression_opts.enabled: false
2020/02/27-11:54:08.534200 7f683fe200      Options.level0_file_num_compaction_trigger: 2
2020/02/27-11:54:08.534206 7f683fe200          Options.level0_slowdown_writes_trigger: 20
2020/02/27-11:54:08.534212 7f683fe200              Options.level0_stop_writes_trigger: 36
2020/02/27-11:54:08.534218 7f683fe200                   Options.target_file_size_base: 67108864
2020/02/27-11:54:08.534224 7f683fe200             Options.target_file_size_multiplier: 1
2020/02/27-11:54:08.534229 7f683fe200                Options.max_bytes_for_level_base: 536870912
2020/02/27-11:54:08.534235 7f683fe200                      Options.snap_refresh_nanos: 0
2020/02/27-11:54:08.534241 7f683fe200 Options.level_compaction_dynamic_level_bytes: 0
2020/02/27-11:54:08.534246 7f683fe200          Options.max_bytes_for_level_multiplier: 10.000000
2020/02/27-11:54:08.534257 7f683fe200 Options.max_bytes_for_level_multiplier_addtl[0]: 1
2020/02/27-11:54:08.534264 7f683fe200 Options.max_bytes_for_level_multiplier_addtl[1]: 1
2020/02/27-11:54:08.534269 7f683fe200 Options.max_bytes_for_level_multiplier_addtl[2]: 1
2020/02/27-11:54:08.534275 7f683fe200 Options.max_bytes_for_level_multiplier_addtl[3]: 1
2020/02/27-11:54:08.534281 7f683fe200 Options.max_bytes_for_level_multiplier_addtl[4]: 1
2020/02/27-11:54:08.534287 7f683fe200 Options.max_bytes_for_level_multiplier_addtl[5]: 1
2020/02/27-11:54:08.534292 7f683fe200 Options.max_bytes_for_level_multiplier_addtl[6]: 1
2020/02/27-11:54:08.534298 7f683fe200       Options.max_sequential_skip_in_iterations: 8
2020/02/27-11:54:08.534304 7f683fe200                    Options.max_compaction_bytes: 1677721600
2020/02/27-11:54:08.534310 7f683fe200                        Options.arena_block_size: 16777216
2020/02/27-11:54:08.534315 7f683fe200   Options.soft_pending_compaction_bytes_limit: 68719476736
2020/02/27-11:54:08.534321 7f683fe200   Options.hard_pending_compaction_bytes_limit: 274877906944
2020/02/27-11:54:08.534327 7f683fe200       Options.rate_limit_delay_max_milliseconds: 100
2020/02/27-11:54:08.534333 7f683fe200                Options.disable_auto_compactions: 0
2020/02/27-11:54:08.534341 7f683fe200                        Options.compaction_style: kCompactionStyleLevel
2020/02/27-11:54:08.534348 7f683fe200                          Options.compaction_pri: kMinOverlappingRatio
2020/02/27-11:54:08.534354 7f683fe200 Options.compaction_options_universal.size_ratio: 1
2020/02/27-11:54:08.534359 7f683fe200 Options.compaction_options_universal.min_merge_width: 2
2020/02/27-11:54:08.534365 7f683fe200 Options.compaction_options_universal.max_merge_width: 4294967295
2020/02/27-11:54:08.534371 7f683fe200 Options.compaction_options_universal.max_size_amplification_percent: 200
2020/02/27-11:54:08.534377 7f683fe200 Options.compaction_options_universal.compression_size_percent: -1
2020/02/27-11:54:08.534383 7f683fe200 Options.compaction_options_universal.stop_style: kCompactionStopStyleTotalSize
2020/02/27-11:54:08.534389 7f683fe200 Options.compaction_options_fifo.max_table_files_size: 1073741824
2020/02/27-11:54:08.534395 7f683fe200 Options.compaction_options_fifo.allow_compaction: 0
2020/02/27-11:54:08.534401 7f683fe200                   Options.table_properties_collectors: 
2020/02/27-11:54:08.534407 7f683fe200                   Options.inplace_update_support: 0
2020/02/27-11:54:08.534472 7f683fe200                 Options.inplace_update_num_locks: 10000
2020/02/27-11:54:08.534478 7f683fe200               Options.memtable_prefix_bloom_size_ratio: 0.000000
2020/02/27-11:54:08.534485 7f683fe200               Options.memtable_whole_key_filtering: 0
2020/02/27-11:54:08.534492 7f683fe200   Options.memtable_huge_page_size: 0
2020/02/27-11:54:08.534497 7f683fe200                           Options.bloom_locality: 0
2020/02/27-11:54:08.534503 7f683fe200                    Options.max_successive_merges: 0
2020/02/27-11:54:08.534509 7f683fe200                Options.optimize_filters_for_hits: 0
2020/02/27-11:54:08.534515 7f683fe200                Options.paranoid_file_checks: 0
2020/02/27-11:54:08.534541 7f683fe200                Options.force_consistency_checks: 0
2020/02/27-11:54:08.534549 7f683fe200                Options.report_bg_io_stats: 0
2020/02/27-11:54:08.534555 7f683fe200                               Options.ttl: 0
2020/02/27-11:54:08.534561 7f683fe200          Options.periodic_compaction_seconds: 0
2020/02/27-11:54:08.534785 7f683fe200 [_impl/db_impl.cc:2167] Created column family [usertable] (ID 1)
2020/02/27-11:54:08.618093 7f683fe200 DB pointer 0x7f1408efb0
2020/02/27-11:54:08.622113 7ed5fff200 [_impl/db_impl.cc:853] ------- DUMPING STATS -------
2020/02/27-11:54:08.622311 7ed5fff200 [_impl/db_impl.cc:854] 
** DB Stats **
Uptime(secs): 0.2 total, 0.2 interval
Cumulative writes: 0 writes, 0 keys, 0 commit groups, 0.0 writes per commit group, ingest: 0.00 GB, 0.00 MB/s
Cumulative WAL: 0 writes, 0 syncs, 0.00 writes per sync, written: 0.00 GB, 0.00 MB/s
Cumulative stall: 00:00:0.000 H:M:S, 0.0 percent
Interval writes: 0 writes, 0 keys, 0 commit groups, 0.0 writes per commit group, ingest: 0.00 MB, 0.00 MB/s
Interval WAL: 0 writes, 0 syncs, 0.00 writes per sync, written: 0.00 MB, 0.00 MB/s
Interval stall: 00:00:0.000 H:M:S, 0.0 percent

** Compaction Stats [default] **
Level    Files   Size     Score Read(GB)  Rn(GB) Rnp1(GB) Write(GB) Wnew(GB) Moved(GB) W-Amp Rd(MB/s) Wr(MB/s) Comp(sec) CompMergeCPU(sec) Comp(cnt) Avg(sec) KeyIn KeyDrop
----------------------------------------------------------------------------------------------------------------------------------------------------------------------------
 Sum      0/0    0.00 KB   0.0      0.0     0.0      0.0       0.0      0.0       0.0   0.0      0.0      0.0      0.00              0.00         0    0.000       0      0
 Int      0/0    0.00 KB   0.0      0.0     0.0      0.0       0.0      0.0       0.0   0.0      0.0      0.0      0.00              0.00         0    0.000       0      0

** Compaction Stats [default] **
Priority    Files   Size     Score Read(GB)  Rn(GB) Rnp1(GB) Write(GB) Wnew(GB) Moved(GB) W-Amp Rd(MB/s) Wr(MB/s) Comp(sec) CompMergeCPU(sec) Comp(cnt) Avg(sec) KeyIn KeyDrop
-------------------------------------------------------------------------------------------------------------------------------------------------------------------------------
Uptime(secs): 0.2 total, 0.2 interval
Flush(GB): cumulative 0.000, interval 0.000
AddFile(GB): cumulative 0.000, interval 0.000
AddFile(Total Files): cumulative 0, interval 0
AddFile(L0 Files): cumulative 0, interval 0
AddFile(Keys): cumulative 0, interval 0
Cumulative compaction: 0.00 GB write, 0.00 MB/s write, 0.00 GB read, 0.00 MB/s read, 0.0 seconds
Interval compaction: 0.00 GB write, 0.00 MB/s write, 0.00 GB read, 0.00 MB/s read, 0.0 seconds
Stalls(count): 0 level0_slowdown, 0 level0_slowdown_with_compaction, 0 level0_numfiles, 0 level0_numfiles_with_compaction, 0 stop for pending_compaction_bytes, 0 slowdown for pending_compaction_bytes, 0 memtable_compaction, 0 memtable_slowdown, interval 0 total count

** File Read Latency Histogram By Level [default] **

** Compaction Stats [usertable] **
Level    Files   Size     Score Read(GB)  Rn(GB) Rnp1(GB) Write(GB) Wnew(GB) Moved(GB) W-Amp Rd(MB/s) Wr(MB/s) Comp(sec) CompMergeCPU(sec) Comp(cnt) Avg(sec) KeyIn KeyDrop
----------------------------------------------------------------------------------------------------------------------------------------------------------------------------
 Sum      0/0    0.00 KB   0.0      0.0     0.0      0.0       0.0      0.0       0.0   0.0      0.0      0.0      0.00              0.00         0    0.000       0      0
 Int      0/0    0.00 KB   0.0      0.0     0.0      0.0       0.0      0.0       0.0   0.0      0.0      0.0      0.00              0.00         0    0.000       0      0

** Compaction Stats [usertable] **
Priority    Files   Size     Score Read(GB)  Rn(GB) Rnp1(GB) Write(GB) Wnew(GB) Moved(GB) W-Amp Rd(MB/s) Wr(MB/s) Comp(sec) CompMergeCPU(sec) Comp(cnt) Avg(sec) KeyIn KeyDrop
-------------------------------------------------------------------------------------------------------------------------------------------------------------------------------
Uptime(secs): 0.1 total, 0.1 interval
Flush(GB): cumulative 0.000, interval 0.000
AddFile(GB): cumulative 0.000, interval 0.000
AddFile(Total Files): cumulative 0, interval 0
AddFile(L0 Files): cumulative 0, interval 0
AddFile(Keys): cumulative 0, interval 0
Cumulative compaction: 0.00 GB write, 0.00 MB/s write, 0.00 GB read, 0.00 MB/s read, 0.0 seconds
Interval compaction: 0.00 GB write, 0.00 MB/s write, 0.00 GB read, 0.00 MB/s read, 0.0 seconds
Stalls(count): 0 level0_slowdown, 0 level0_slowdown_with_compaction, 0 level0_numfiles, 0 level0_numfiles_with_compaction, 0 stop for pending_compaction_bytes, 0 slowdown for pending_compaction_bytes, 0 memtable_compaction, 0 memtable_slowdown, interval 0 total count

** File Read Latency Histogram By Level [usertable] **

** Compaction Stats [default] **
Level    Files   Size     Score Read(GB)  Rn(GB) Rnp1(GB) Write(GB) Wnew(GB) Moved(GB) W-Amp Rd(MB/s) Wr(MB/s) Comp(sec) CompMergeCPU(sec) Comp(cnt) Avg(sec) KeyIn KeyDrop
----------------------------------------------------------------------------------------------------------------------------------------------------------------------------
 Sum      0/0    0.00 KB   0.0      0.0     0.0      0.0       0.0      0.0       0.0   0.0      0.0      0.0      0.00              0.00         0    0.000       0      0
 Int      0/0    0.00 KB   0.0      0.0     0.0      0.0       0.0      0.0       0.0   0.0      0.0      0.0      0.00              0.00         0    0.000       0      0

** Compaction Stats [default] **
Priority    Files   Size     Score Read(GB)  Rn(GB) Rnp1(GB) Write(GB) Wnew(GB) Moved(GB) W-Amp Rd(MB/s) Wr(MB/s) Comp(sec) CompMergeCPU(sec) Comp(cnt) Avg(sec) KeyIn KeyDrop
-------------------------------------------------------------------------------------------------------------------------------------------------------------------------------
Uptime(secs): 0.2 total, 0.0 interval
Flush(GB): cumulative 0.000, interval 0.000
AddFile(GB): cumulative 0.000, interval 0.000
AddFile(Total Files): cumulative 0, interval 0
AddFile(L0 Files): cumulative 0, interval 0
AddFile(Keys): cumulative 0, interval 0
Cumulative compaction: 0.00 GB write, 0.00 MB/s write, 0.00 GB read, 0.00 MB/s read, 0.0 seconds
Interval compaction: 0.00 GB write, 0.00 MB/s write, 0.00 GB read, 0.00 MB/s read, 0.0 seconds
Stalls(count): 0 level0_slowdown, 0 level0_slowdown_with_compaction, 0 level0_numfiles, 0 level0_numfiles_with_compaction, 0 stop for pending_compaction_bytes, 0 slowdown for pending_compaction_bytes, 0 memtable_compaction, 0 memtable_slowdown, interval 0 total count

** File Read Latency Histogram By Level [default] **

** Compaction Stats [usertable] **
Level    Files   Size     Score Read(GB)  Rn(GB) Rnp1(GB) Write(GB) Wnew(GB) Moved(GB) W-Amp Rd(MB/s) Wr(MB/s) Comp(sec) CompMergeCPU(sec) Comp(cnt) Avg(sec) KeyIn KeyDrop
----------------------------------------------------------------------------------------------------------------------------------------------------------------------------
 Sum      0/0    0.00 KB   0.0      0.0     0.0      0.0       0.0      0.0       0.0   0.0      0.0      0.0      0.00              0.00         0    0.000       0      0
 Int      0/0    0.00 KB   0.0      0.0     0.0      0.0       0.0      0.0       0.0   0.0      0.0      0.0      0.00              0.00         0    0.000       0      0

** Compaction Stats [usertable] **
Priority    Files   Size     Score Read(GB)  Rn(GB) Rnp1(GB) Write(GB) Wnew(GB) Moved(GB) W-Amp Rd(MB/s) Wr(MB/s) Comp(sec) CompMergeCPU(sec) Comp(cnt) Avg(sec) KeyIn KeyDrop
-------------------------------------------------------------------------------------------------------------------------------------------------------------------------------
Uptime(secs): 0.1 total, 0.0 interval
Flush(GB): cumulative 0.000, interval 0.000
AddFile(GB): cumulative 0.000, interval 0.000
AddFile(Total Files): cumulative 0, interval 0
AddFile(L0 Files): cumulative 0, interval 0
AddFile(Keys): cumulative 0, interval 0
Cumulative compaction: 0.00 GB write, 0.00 MB/s write, 0.00 GB read, 0.00 MB/s read, 0.0 seconds
Interval compaction: 0.00 GB write, 0.00 MB/s write, 0.00 GB read, 0.00 MB/s read, 0.0 seconds
Stalls(count): 0 level0_slowdown, 0 level0_slowdown_with_compaction, 0 level0_numfiles, 0 level0_numfiles_with_compaction, 0 stop for pending_compaction_bytes, 0 slowdown for pending_compaction_bytes, 0 memtable_compaction, 0 memtable_slowdown, interval 0 total count

** File Read Latency Histogram By Level [usertable] **
2020/02/27-11:55:09.233700 7f001ff200 [_impl/db_impl_write.cc:1656] [usertable] New memtable created with log file: #9. Immutable memtables: 0.
2020/02/27-11:56:11.315333 7f007ff200 [_impl/db_impl_write.cc:1656] [usertable] New memtable created with log file: #10. Immutable memtables: 1.
2020/02/27-11:56:11.315976 7f02fff200 [_impl/db_impl_compaction_flush.cc:106] [JOB 8] Syncing log #3
2020/02/27-11:56:11.316291 7f02fff200 [_impl/db_impl_compaction_flush.cc:106] [JOB 8] Syncing log #9
2020/02/27-11:56:11.595706 7f02fff200 (Original Log Time 2020/02/27-11:56:11.315817) [_impl/db_impl_compaction_flush.cc:2188] Calling FlushMemTableToOutputFile with column family [usertable], flush slots available 6, compaction slots available 1, flush slots scheduled 6, compaction slots scheduled 0
2020/02/27-11:56:11.595767 7f02fff200 [ush_job.cc:320] [usertable] [JOB 8] Flushing memtable with next log file: 9
2020/02/27-11:56:11.595802 7f02fff200 [ush_job.cc:320] [usertable] [JOB 8] Flushing memtable with next log file: 10
2020/02/27-11:56:11.595932 7f02fff200 EVENT_LOG_v1 {"time_micros": 1582804571595878, "job": 8, "event": "flush_started", "num_memtables": 2, "num_entries": 61525, "num_deletes": 0, "total_data_size": 253667575, "memory_usage": 260174512, "flush_reason": "Write Buffer Full"}
2020/02/27-11:56:11.595953 7f02fff200 [ush_job.cc:349] [usertable] [JOB 8] Level-0 flush table #11: started
2020/02/27-11:56:14.095053 7f02fff200 EVENT_LOG_v1 {"time_micros": 1582804574094971, "cf_name": "usertable", "job": 8, "event": "table_file_creation", "file_number": 11, "file_size": 256798788, "table_properties": {"data_size": 254528925, "index_size": 2269088, "index_partitions": 0, "top_level_index_size": 0, "index_key_is_user_key": 0, "index_value_is_delta_encoded": 0, "filter_size": 0, "raw_key_size": 1476600, "raw_average_key_size": 24, "raw_value_size": 252006400, "raw_average_value_size": 4096, "num_data_blocks": 61525, "num_entries": 61525, "num_deletions": 0, "num_merge_operands": 0, "num_range_deletions": 0, "format_version": 0, "fixed_key_len": 0, "filter_policy": "", "column_family_name": "usertable", "column_family_id": 1, "comparator": "leveldb.BytewiseComparator", "merge_operator": "nullptr", "prefix_extractor_name": "nullptr", "property_collectors": "[]", "compression": "NoCompression", "compression_options": "window_bits=-14; level=32767; strategy=0; max_dict_bytes=0; zstd_max_train_bytes=0; enabled=0; ", "creation_time": 1582804571, "oldest_key_time": 1582804448, "file_creation_time": 1582804571}}
2020/02/27-11:56:14.095125 7f02fff200 [ush_job.cc:390] [usertable] [JOB 8] Level-0 flush table #11: 256798788 bytes OK
2020/02/27-11:56:14.123523 7f02fff200 (Original Log Time 2020/02/27-11:56:14.095168) [mtable_list.cc:432] [usertable] Level-0 commit table #11 started
2020/02/27-11:56:14.123531 7f02fff200 (Original Log Time 2020/02/27-11:56:14.123296) [mtable_list.cc:480] [usertable] Level-0 commit table #11: memtable #1 done
2020/02/27-11:56:14.123535 7f02fff200 (Original Log Time 2020/02/27-11:56:14.123320) [mtable_list.cc:480] [usertable] Level-0 commit table #11: memtable #2 done
2020/02/27-11:56:14.123540 7f02fff200 (Original Log Time 2020/02/27-11:56:14.123379) EVENT_LOG_v1 {"time_micros": 1582804574123357, "job": 8, "event": "flush_finished", "output_compression": "NoCompression", "lsm_state": [1, 0, 0, 0, 0, 0, 0], "immutable_memtables": 0}
2020/02/27-11:56:14.123544 7f02fff200 (Original Log Time 2020/02/27-11:56:14.123421) [_impl/db_impl_compaction_flush.cc:206] [usertable] Level summary: files[1 0 0 0 0 0 0] max score 0.50
2020/02/27-11:56:14.123565 7f02fff200 [_impl/db_impl_files.cc:352] [JOB 8] Try to delete WAL files size 253444153, prev total WAL file size 258502433, number of live WAL files 3.
2020/02/27-11:57:13.184895 7efa7fe200 [_impl/db_impl_write.cc:1656] [usertable] New memtable created with log file: #12. Immutable memtables: 0.
2020/02/27-11:58:14.595626 7f003ff200 [_impl/db_impl_write.cc:1656] [usertable] New memtable created with log file: #13. Immutable memtables: 1.
2020/02/27-11:58:14.610552 7f03fff200 [_impl/db_impl_compaction_flush.cc:106] [JOB 20] Syncing log #10
2020/02/27-11:58:14.623252 7f03fff200 [_impl/db_impl_compaction_flush.cc:106] [JOB 20] Syncing log #12
2020/02/27-11:58:14.653035 7f03fff200 (Original Log Time 2020/02/27-11:58:14.610499) [_impl/db_impl_compaction_flush.cc:2188] Calling FlushMemTableToOutputFile with column family [usertable], flush slots available 6, compaction slots available 1, flush slots scheduled 6, compaction slots scheduled 0
2020/02/27-11:58:14.653057 7f03fff200 [ush_job.cc:320] [usertable] [JOB 20] Flushing memtable with next log file: 12
2020/02/27-11:58:14.653068 7f03fff200 [ush_job.cc:320] [usertable] [JOB 20] Flushing memtable with next log file: 13
2020/02/27-11:58:14.653119 7f03fff200 EVENT_LOG_v1 {"time_micros": 1582804694653105, "job": 20, "event": "flush_started", "num_memtables": 2, "num_entries": 61514, "num_deletes": 0, "total_data_size": 253622222, "memory_usage": 260077544, "flush_reason": "Write Buffer Full"}
2020/02/27-11:58:14.653130 7f03fff200 [ush_job.cc:349] [usertable] [JOB 20] Level-0 flush table #14: started
