2020/02/20-23:41:12.814460 7f7f7ff200 RocksDB version: 6.5.3
2020/02/20-23:41:12.814626 7f7f7ff200 Git sha rocksdb_build_git_sha:
2020/02/20-23:41:12.814633 7f7f7ff200 Compile date Jan 21 2020
2020/02/20-23:41:12.814641 7f7f7ff200 DB SUMMARY
2020/02/20-23:41:12.814694 7f7f7ff200 SST files in /mnt/sda/mbwu-rocksdb-data dir, Total Num: 0, files: 
2020/02/20-23:41:12.814705 7f7f7ff200 Write Ahead Log file in /mnt/sda/mbwu-rocksdb-data: 
2020/02/20-23:41:12.814711 7f7f7ff200                         Options.error_if_exists: 0
2020/02/20-23:41:12.814714 7f7f7ff200                       Options.create_if_missing: 1
2020/02/20-23:41:12.814718 7f7f7ff200                         Options.paranoid_checks: 1
2020/02/20-23:41:12.814720 7f7f7ff200                                     Options.env: 0x7f7f5fbc50
2020/02/20-23:41:12.814724 7f7f7ff200                                Options.info_log: 0x7f2808d1d0
2020/02/20-23:41:12.814727 7f7f7ff200                Options.max_file_opening_threads: 16
2020/02/20-23:41:12.814729 7f7f7ff200                              Options.statistics: (nil)
2020/02/20-23:41:12.814732 7f7f7ff200                               Options.use_fsync: 0
2020/02/20-23:41:12.814735 7f7f7ff200                       Options.max_log_file_size: 0
2020/02/20-23:41:12.814738 7f7f7ff200                  Options.max_manifest_file_size: 1073741824
2020/02/20-23:41:12.814741 7f7f7ff200                   Options.log_file_time_to_roll: 0
2020/02/20-23:41:12.814743 7f7f7ff200                       Options.keep_log_file_num: 1000
2020/02/20-23:41:12.814747 7f7f7ff200                    Options.recycle_log_file_num: 0
2020/02/20-23:41:12.814749 7f7f7ff200                         Options.allow_fallocate: 1
2020/02/20-23:41:12.814752 7f7f7ff200                        Options.allow_mmap_reads: 0
2020/02/20-23:41:12.814755 7f7f7ff200                       Options.allow_mmap_writes: 0
2020/02/20-23:41:12.814757 7f7f7ff200                        Options.use_direct_reads: 0
2020/02/20-23:41:12.814760 7f7f7ff200                        Options.use_direct_io_for_flush_and_compaction: 0
2020/02/20-23:41:12.814762 7f7f7ff200          Options.create_missing_column_families: 1
2020/02/20-23:41:12.814765 7f7f7ff200                              Options.db_log_dir: 
2020/02/20-23:41:12.814767 7f7f7ff200                                 Options.wal_dir: /mnt/sda/mbwu-rocksdb-data
2020/02/20-23:41:12.814770 7f7f7ff200                Options.table_cache_numshardbits: 6
2020/02/20-23:41:12.814773 7f7f7ff200                      Options.max_subcompactions: 1
2020/02/20-23:41:12.814776 7f7f7ff200                  Options.max_background_flushes: 6
2020/02/20-23:41:12.814778 7f7f7ff200                         Options.WAL_ttl_seconds: 0
2020/02/20-23:41:12.814781 7f7f7ff200                       Options.WAL_size_limit_MB: 0
2020/02/20-23:41:12.814784 7f7f7ff200                        Options.max_write_batch_group_size_bytes: 1048576
2020/02/20-23:41:12.814786 7f7f7ff200             Options.manifest_preallocation_size: 4194304
2020/02/20-23:41:12.814790 7f7f7ff200                     Options.is_fd_close_on_exec: 1
2020/02/20-23:41:12.814792 7f7f7ff200                   Options.advise_random_on_open: 1
2020/02/20-23:41:12.814794 7f7f7ff200                    Options.db_write_buffer_size: 0
2020/02/20-23:41:12.814797 7f7f7ff200                    Options.write_buffer_manager: 0x7f2808d2a0
2020/02/20-23:41:12.814799 7f7f7ff200         Options.access_hint_on_compaction_start: 1
2020/02/20-23:41:12.814802 7f7f7ff200  Options.new_table_reader_for_compaction_inputs: 0
2020/02/20-23:41:12.814805 7f7f7ff200           Options.random_access_max_buffer_size: 1048576
2020/02/20-23:41:12.814807 7f7f7ff200                      Options.use_adaptive_mutex: 0
2020/02/20-23:41:12.814810 7f7f7ff200                            Options.rate_limiter: (nil)
2020/02/20-23:41:12.814815 7f7f7ff200     Options.sst_file_manager.rate_bytes_per_sec: 0
2020/02/20-23:41:12.814818 7f7f7ff200                       Options.wal_recovery_mode: 2
2020/02/20-23:41:12.814820 7f7f7ff200                  Options.enable_thread_tracking: 0
2020/02/20-23:41:12.814823 7f7f7ff200                  Options.enable_pipelined_write: 0
2020/02/20-23:41:12.814844 7f7f7ff200                  Options.unordered_write: 0
2020/02/20-23:41:12.814848 7f7f7ff200         Options.allow_concurrent_memtable_write: 1
2020/02/20-23:41:12.814851 7f7f7ff200      Options.enable_write_thread_adaptive_yield: 1
2020/02/20-23:41:12.814853 7f7f7ff200             Options.write_thread_max_yield_usec: 100
2020/02/20-23:41:12.814856 7f7f7ff200            Options.write_thread_slow_yield_usec: 3
2020/02/20-23:41:12.814859 7f7f7ff200                               Options.row_cache: None
2020/02/20-23:41:12.814861 7f7f7ff200                              Options.wal_filter: None
2020/02/20-23:41:12.814864 7f7f7ff200             Options.avoid_flush_during_recovery: 0
2020/02/20-23:41:12.814867 7f7f7ff200             Options.allow_ingest_behind: 0
2020/02/20-23:41:12.814869 7f7f7ff200             Options.preserve_deletes: 0
2020/02/20-23:41:12.814872 7f7f7ff200             Options.two_write_queues: 0
2020/02/20-23:41:12.814874 7f7f7ff200             Options.manual_wal_flush: 0
2020/02/20-23:41:12.814876 7f7f7ff200             Options.atomic_flush: 0
2020/02/20-23:41:12.814879 7f7f7ff200             Options.avoid_unnecessary_blocking_io: 0
2020/02/20-23:41:12.814881 7f7f7ff200                 Options.persist_stats_to_disk: 0
2020/02/20-23:41:12.814884 7f7f7ff200                 Options.write_dbid_to_manifest: 0
2020/02/20-23:41:12.814887 7f7f7ff200                 Options.log_readahead_size: 0
2020/02/20-23:41:12.814892 7f7f7ff200             Options.max_background_jobs: 6
2020/02/20-23:41:12.814895 7f7f7ff200             Options.max_background_compactions: 6
2020/02/20-23:41:12.814897 7f7f7ff200             Options.avoid_flush_during_shutdown: 0
2020/02/20-23:41:12.814900 7f7f7ff200           Options.writable_file_max_buffer_size: 1048576
2020/02/20-23:41:12.814902 7f7f7ff200             Options.delayed_write_rate : 16777216
2020/02/20-23:41:12.814905 7f7f7ff200             Options.max_total_wal_size: 0
2020/02/20-23:41:12.814908 7f7f7ff200             Options.delete_obsolete_files_period_micros: 21600000000
2020/02/20-23:41:12.814910 7f7f7ff200                   Options.stats_dump_period_sec: 600
2020/02/20-23:41:12.814913 7f7f7ff200                 Options.stats_persist_period_sec: 600
2020/02/20-23:41:12.814915 7f7f7ff200                 Options.stats_history_buffer_size: 1048576
2020/02/20-23:41:12.814918 7f7f7ff200                          Options.max_open_files: -1
2020/02/20-23:41:12.814920 7f7f7ff200                          Options.bytes_per_sync: 1048576
2020/02/20-23:41:12.814923 7f7f7ff200                      Options.wal_bytes_per_sync: 0
2020/02/20-23:41:12.814925 7f7f7ff200                   Options.strict_bytes_per_sync: 0
2020/02/20-23:41:12.814928 7f7f7ff200       Options.compaction_readahead_size: 0
2020/02/20-23:41:12.814930 7f7f7ff200 Compression algorithms supported:
2020/02/20-23:41:12.814934 7f7f7ff200 	kZSTDNotFinalCompression supported: 1
2020/02/20-23:41:12.814965 7f7f7ff200 	kZSTD supported: 1
2020/02/20-23:41:12.814971 7f7f7ff200 	kXpressCompression supported: 0
2020/02/20-23:41:12.814974 7f7f7ff200 	kLZ4HCCompression supported: 1
2020/02/20-23:41:12.814977 7f7f7ff200 	kLZ4Compression supported: 1
2020/02/20-23:41:12.814980 7f7f7ff200 	kBZip2Compression supported: 1
2020/02/20-23:41:12.814982 7f7f7ff200 	kZlibCompression supported: 1
2020/02/20-23:41:12.814985 7f7f7ff200 	kSnappyCompression supported: 1
2020/02/20-23:41:12.814993 7f7f7ff200 Fast CRC32 supported: Not supported on x86
2020/02/20-23:41:12.840911 7f7f7ff200 [_impl/db_impl_open.cc:247] Creating manifest 1 
2020/02/20-23:41:12.915394 7f7f7ff200 [rsion_set.cc:4319] Recovering from manifest file: /mnt/sda/mbwu-rocksdb-data/MANIFEST-000001
2020/02/20-23:41:12.915807 7f7f7ff200 [lumn_family.cc:489] --------------- Options for column family [default]:
2020/02/20-23:41:12.915823 7f7f7ff200               Options.comparator: leveldb.BytewiseComparator
2020/02/20-23:41:12.915831 7f7f7ff200           Options.merge_operator: None
2020/02/20-23:41:12.915837 7f7f7ff200        Options.compaction_filter: None
2020/02/20-23:41:12.915914 7f7f7ff200        Options.compaction_filter_factory: None
2020/02/20-23:41:12.915922 7f7f7ff200         Options.memtable_factory: SkipListFactory
2020/02/20-23:41:12.915929 7f7f7ff200            Options.table_factory: BlockBasedTable
2020/02/20-23:41:12.916035 7f7f7ff200            table_factory options:   flush_block_policy_factory: FlushBlockBySizePolicyFactory (0x7f28089f20)
  cache_index_and_filter_blocks: 0
  cache_index_and_filter_blocks_with_high_priority: 1
  pin_l0_filter_and_index_blocks_in_cache: 0
  pin_top_level_index_and_filter: 1
  index_type: 0
  data_block_index_type: 0
  index_shortening: 1
  data_block_hash_table_util_ratio: 0.750000
  hash_index_allow_collision: 1
  checksum: 1
  no_block_cache: 0
  block_cache: 0x7f280894a0
  block_cache_name: LRUCache
  block_cache_options:
    capacity : 8388608
    num_shard_bits : 4
    strict_capacity_limit : 0
    memory_allocator : None
    high_pri_pool_ratio: 0.000
  block_cache_compressed: (nil)
  persistent_cache: (nil)
  block_size: 4096
  block_size_deviation: 10
  block_restart_interval: 16
  index_block_restart_interval: 1
  metadata_block_size: 4096
  partition_filters: 0
  use_delta_encoding: 1
  filter_policy: nullptr
  whole_key_filtering: 1
  verify_compression: 0
  read_amp_bytes_per_bit: 0
  format_version: 2
  enable_index_compression: 1
  block_align: 0
2020/02/20-23:41:12.916044 7f7f7ff200        Options.write_buffer_size: 134217728
2020/02/20-23:41:12.916050 7f7f7ff200  Options.max_write_buffer_number: 6
2020/02/20-23:41:12.916057 7f7f7ff200        Options.compression[0]: NoCompression
2020/02/20-23:41:12.916064 7f7f7ff200        Options.compression[1]: NoCompression
2020/02/20-23:41:12.916071 7f7f7ff200        Options.compression[2]: LZ4
2020/02/20-23:41:12.916077 7f7f7ff200        Options.compression[3]: LZ4
2020/02/20-23:41:12.916083 7f7f7ff200        Options.compression[4]: LZ4
2020/02/20-23:41:12.916089 7f7f7ff200        Options.compression[5]: LZ4
2020/02/20-23:41:12.916095 7f7f7ff200        Options.compression[6]: LZ4
2020/02/20-23:41:12.916101 7f7f7ff200                  Options.bottommost_compression: Disabled
2020/02/20-23:41:12.916107 7f7f7ff200       Options.prefix_extractor: nullptr
2020/02/20-23:41:12.916113 7f7f7ff200   Options.memtable_insert_with_hint_prefix_extractor: nullptr
2020/02/20-23:41:12.916118 7f7f7ff200             Options.num_levels: 7
2020/02/20-23:41:12.916124 7f7f7ff200        Options.min_write_buffer_number_to_merge: 2
2020/02/20-23:41:12.916129 7f7f7ff200     Options.max_write_buffer_number_to_maintain: 0
2020/02/20-23:41:12.916135 7f7f7ff200     Options.max_write_buffer_size_to_maintain: 0
2020/02/20-23:41:12.916141 7f7f7ff200            Options.bottommost_compression_opts.window_bits: -14
2020/02/20-23:41:12.916146 7f7f7ff200                  Options.bottommost_compression_opts.level: 32767
2020/02/20-23:41:12.916152 7f7f7ff200               Options.bottommost_compression_opts.strategy: 0
2020/02/20-23:41:12.916157 7f7f7ff200         Options.bottommost_compression_opts.max_dict_bytes: 0
2020/02/20-23:41:12.916163 7f7f7ff200         Options.bottommost_compression_opts.zstd_max_train_bytes: 0
2020/02/20-23:41:12.916169 7f7f7ff200                  Options.bottommost_compression_opts.enabled: false
2020/02/20-23:41:12.916175 7f7f7ff200            Options.compression_opts.window_bits: -14
2020/02/20-23:41:12.916180 7f7f7ff200                  Options.compression_opts.level: 32767
2020/02/20-23:41:12.916186 7f7f7ff200               Options.compression_opts.strategy: 0
2020/02/20-23:41:12.916192 7f7f7ff200         Options.compression_opts.max_dict_bytes: 0
2020/02/20-23:41:12.916197 7f7f7ff200         Options.compression_opts.zstd_max_train_bytes: 0
2020/02/20-23:41:12.916203 7f7f7ff200                  Options.compression_opts.enabled: false
2020/02/20-23:41:12.916208 7f7f7ff200      Options.level0_file_num_compaction_trigger: 2
2020/02/20-23:41:12.916214 7f7f7ff200          Options.level0_slowdown_writes_trigger: 20
2020/02/20-23:41:12.916220 7f7f7ff200              Options.level0_stop_writes_trigger: 36
2020/02/20-23:41:12.916248 7f7f7ff200                   Options.target_file_size_base: 67108864
2020/02/20-23:41:12.916255 7f7f7ff200             Options.target_file_size_multiplier: 1
2020/02/20-23:41:12.916261 7f7f7ff200                Options.max_bytes_for_level_base: 536870912
2020/02/20-23:41:12.916267 7f7f7ff200                      Options.snap_refresh_nanos: 0
2020/02/20-23:41:12.916273 7f7f7ff200 Options.level_compaction_dynamic_level_bytes: 0
2020/02/20-23:41:12.916278 7f7f7ff200          Options.max_bytes_for_level_multiplier: 10.000000
2020/02/20-23:41:12.916289 7f7f7ff200 Options.max_bytes_for_level_multiplier_addtl[0]: 1
2020/02/20-23:41:12.916295 7f7f7ff200 Options.max_bytes_for_level_multiplier_addtl[1]: 1
2020/02/20-23:41:12.916301 7f7f7ff200 Options.max_bytes_for_level_multiplier_addtl[2]: 1
2020/02/20-23:41:12.916307 7f7f7ff200 Options.max_bytes_for_level_multiplier_addtl[3]: 1
2020/02/20-23:41:12.916312 7f7f7ff200 Options.max_bytes_for_level_multiplier_addtl[4]: 1
2020/02/20-23:41:12.916318 7f7f7ff200 Options.max_bytes_for_level_multiplier_addtl[5]: 1
2020/02/20-23:41:12.916323 7f7f7ff200 Options.max_bytes_for_level_multiplier_addtl[6]: 1
2020/02/20-23:41:12.916329 7f7f7ff200       Options.max_sequential_skip_in_iterations: 8
2020/02/20-23:41:12.916335 7f7f7ff200                    Options.max_compaction_bytes: 1677721600
2020/02/20-23:41:12.916341 7f7f7ff200                        Options.arena_block_size: 16777216
2020/02/20-23:41:12.916346 7f7f7ff200   Options.soft_pending_compaction_bytes_limit: 68719476736
2020/02/20-23:41:12.916352 7f7f7ff200   Options.hard_pending_compaction_bytes_limit: 274877906944
2020/02/20-23:41:12.916358 7f7f7ff200       Options.rate_limit_delay_max_milliseconds: 100
2020/02/20-23:41:12.916364 7f7f7ff200                Options.disable_auto_compactions: 0
2020/02/20-23:41:12.916370 7f7f7ff200                        Options.compaction_style: kCompactionStyleLevel
2020/02/20-23:41:12.916377 7f7f7ff200                          Options.compaction_pri: kMinOverlappingRatio
2020/02/20-23:41:12.916383 7f7f7ff200 Options.compaction_options_universal.size_ratio: 1
2020/02/20-23:41:12.916389 7f7f7ff200 Options.compaction_options_universal.min_merge_width: 2
2020/02/20-23:41:12.916395 7f7f7ff200 Options.compaction_options_universal.max_merge_width: 4294967295
2020/02/20-23:41:12.916400 7f7f7ff200 Options.compaction_options_universal.max_size_amplification_percent: 200
2020/02/20-23:41:12.916406 7f7f7ff200 Options.compaction_options_universal.compression_size_percent: -1
2020/02/20-23:41:12.916412 7f7f7ff200 Options.compaction_options_universal.stop_style: kCompactionStopStyleTotalSize
2020/02/20-23:41:12.916418 7f7f7ff200 Options.compaction_options_fifo.max_table_files_size: 1073741824
2020/02/20-23:41:12.916424 7f7f7ff200 Options.compaction_options_fifo.allow_compaction: 0
2020/02/20-23:41:12.916430 7f7f7ff200                   Options.table_properties_collectors: 
2020/02/20-23:41:12.916435 7f7f7ff200                   Options.inplace_update_support: 0
2020/02/20-23:41:12.916441 7f7f7ff200                 Options.inplace_update_num_locks: 10000
2020/02/20-23:41:12.916446 7f7f7ff200               Options.memtable_prefix_bloom_size_ratio: 0.000000
2020/02/20-23:41:12.916453 7f7f7ff200               Options.memtable_whole_key_filtering: 0
2020/02/20-23:41:12.916459 7f7f7ff200   Options.memtable_huge_page_size: 0
2020/02/20-23:41:12.916465 7f7f7ff200                           Options.bloom_locality: 0
2020/02/20-23:41:12.916470 7f7f7ff200                    Options.max_successive_merges: 0
2020/02/20-23:41:12.916476 7f7f7ff200                Options.optimize_filters_for_hits: 0
2020/02/20-23:41:12.916481 7f7f7ff200                Options.paranoid_file_checks: 0
2020/02/20-23:41:12.916487 7f7f7ff200                Options.force_consistency_checks: 0
2020/02/20-23:41:12.916492 7f7f7ff200                Options.report_bg_io_stats: 0
2020/02/20-23:41:12.916498 7f7f7ff200                               Options.ttl: 0
2020/02/20-23:41:12.916523 7f7f7ff200          Options.periodic_compaction_seconds: 0
2020/02/20-23:41:12.918881 7f7f7ff200 [rsion_set.cc:4469] Recovered from manifest file:/mnt/sda/mbwu-rocksdb-data/MANIFEST-000001 succeeded,manifest_file_number is 1, next_file_number is 3, last_sequence is 0, log_number is 0,prev_log_number is 0,max_column_family is 0,min_log_number_to_keep is 0
2020/02/20-23:41:12.918922 7f7f7ff200 [rsion_set.cc:4478] Column family [default] (ID 0), log number is 0
2020/02/20-23:41:12.920084 7f7f7ff200 [rsion_set.cc:3734] Creating manifest 4
2020/02/20-23:41:12.995138 7f7f7ff200 [lumn_family.cc:489] --------------- Options for column family [usertable]:
2020/02/20-23:41:12.995179 7f7f7ff200               Options.comparator: leveldb.BytewiseComparator
2020/02/20-23:41:12.995186 7f7f7ff200           Options.merge_operator: None
2020/02/20-23:41:12.995192 7f7f7ff200        Options.compaction_filter: None
2020/02/20-23:41:12.995197 7f7f7ff200        Options.compaction_filter_factory: None
2020/02/20-23:41:12.995203 7f7f7ff200         Options.memtable_factory: SkipListFactory
2020/02/20-23:41:12.995209 7f7f7ff200            Options.table_factory: BlockBasedTable
2020/02/20-23:41:12.995310 7f7f7ff200            table_factory options:   flush_block_policy_factory: FlushBlockBySizePolicyFactory (0x7f28089e30)
  cache_index_and_filter_blocks: 0
  cache_index_and_filter_blocks_with_high_priority: 1
  pin_l0_filter_and_index_blocks_in_cache: 0
  pin_top_level_index_and_filter: 1
  index_type: 0
  data_block_index_type: 0
  index_shortening: 1
  data_block_hash_table_util_ratio: 0.750000
  hash_index_allow_collision: 1
  checksum: 1
  no_block_cache: 0
  block_cache: 0x7f2808c4c0
  block_cache_name: LRUCache
  block_cache_options:
    capacity : 8388608
    num_shard_bits : 4
    strict_capacity_limit : 0
    memory_allocator : None
    high_pri_pool_ratio: 0.000
  block_cache_compressed: (nil)
  persistent_cache: (nil)
  block_size: 4096
  block_size_deviation: 10
  block_restart_interval: 16
  index_block_restart_interval: 1
  metadata_block_size: 4096
  partition_filters: 0
  use_delta_encoding: 1
  filter_policy: nullptr
  whole_key_filtering: 1
  verify_compression: 0
  read_amp_bytes_per_bit: 0
  format_version: 2
  enable_index_compression: 1
  block_align: 0
2020/02/20-23:41:12.995322 7f7f7ff200        Options.write_buffer_size: 134217728
2020/02/20-23:41:12.995329 7f7f7ff200  Options.max_write_buffer_number: 6
2020/02/20-23:41:12.995336 7f7f7ff200        Options.compression[0]: NoCompression
2020/02/20-23:41:12.995343 7f7f7ff200        Options.compression[1]: NoCompression
2020/02/20-23:41:12.995350 7f7f7ff200        Options.compression[2]: LZ4
2020/02/20-23:41:12.995356 7f7f7ff200        Options.compression[3]: LZ4
2020/02/20-23:41:12.995363 7f7f7ff200        Options.compression[4]: LZ4
2020/02/20-23:41:12.995369 7f7f7ff200        Options.compression[5]: LZ4
2020/02/20-23:41:12.995375 7f7f7ff200        Options.compression[6]: LZ4
2020/02/20-23:41:12.995382 7f7f7ff200                  Options.bottommost_compression: Disabled
2020/02/20-23:41:12.995388 7f7f7ff200       Options.prefix_extractor: nullptr
2020/02/20-23:41:12.995393 7f7f7ff200   Options.memtable_insert_with_hint_prefix_extractor: nullptr
2020/02/20-23:41:12.995399 7f7f7ff200             Options.num_levels: 7
2020/02/20-23:41:12.995405 7f7f7ff200        Options.min_write_buffer_number_to_merge: 2
2020/02/20-23:41:12.995410 7f7f7ff200     Options.max_write_buffer_number_to_maintain: 0
2020/02/20-23:41:12.995416 7f7f7ff200     Options.max_write_buffer_size_to_maintain: 0
2020/02/20-23:41:12.995422 7f7f7ff200            Options.bottommost_compression_opts.window_bits: -14
2020/02/20-23:41:12.995428 7f7f7ff200                  Options.bottommost_compression_opts.level: 32767
2020/02/20-23:41:12.995434 7f7f7ff200               Options.bottommost_compression_opts.strategy: 0
2020/02/20-23:41:12.995439 7f7f7ff200         Options.bottommost_compression_opts.max_dict_bytes: 0
2020/02/20-23:41:12.995445 7f7f7ff200         Options.bottommost_compression_opts.zstd_max_train_bytes: 0
2020/02/20-23:41:12.995452 7f7f7ff200                  Options.bottommost_compression_opts.enabled: false
2020/02/20-23:41:12.995457 7f7f7ff200            Options.compression_opts.window_bits: -14
2020/02/20-23:41:12.995464 7f7f7ff200                  Options.compression_opts.level: 32767
2020/02/20-23:41:12.995469 7f7f7ff200               Options.compression_opts.strategy: 0
2020/02/20-23:41:12.995475 7f7f7ff200         Options.compression_opts.max_dict_bytes: 0
2020/02/20-23:41:12.995480 7f7f7ff200         Options.compression_opts.zstd_max_train_bytes: 0
2020/02/20-23:41:12.995535 7f7f7ff200                  Options.compression_opts.enabled: false
2020/02/20-23:41:12.995542 7f7f7ff200      Options.level0_file_num_compaction_trigger: 2
2020/02/20-23:41:12.995548 7f7f7ff200          Options.level0_slowdown_writes_trigger: 20
2020/02/20-23:41:12.995554 7f7f7ff200              Options.level0_stop_writes_trigger: 36
2020/02/20-23:41:12.995559 7f7f7ff200                   Options.target_file_size_base: 67108864
2020/02/20-23:41:12.995565 7f7f7ff200             Options.target_file_size_multiplier: 1
2020/02/20-23:41:12.995571 7f7f7ff200                Options.max_bytes_for_level_base: 536870912
2020/02/20-23:41:12.995576 7f7f7ff200                      Options.snap_refresh_nanos: 0
2020/02/20-23:41:12.995582 7f7f7ff200 Options.level_compaction_dynamic_level_bytes: 0
2020/02/20-23:41:12.995587 7f7f7ff200          Options.max_bytes_for_level_multiplier: 10.000000
2020/02/20-23:41:12.995598 7f7f7ff200 Options.max_bytes_for_level_multiplier_addtl[0]: 1
2020/02/20-23:41:12.995604 7f7f7ff200 Options.max_bytes_for_level_multiplier_addtl[1]: 1
2020/02/20-23:41:12.995610 7f7f7ff200 Options.max_bytes_for_level_multiplier_addtl[2]: 1
2020/02/20-23:41:12.995616 7f7f7ff200 Options.max_bytes_for_level_multiplier_addtl[3]: 1
2020/02/20-23:41:12.995621 7f7f7ff200 Options.max_bytes_for_level_multiplier_addtl[4]: 1
2020/02/20-23:41:12.995627 7f7f7ff200 Options.max_bytes_for_level_multiplier_addtl[5]: 1
2020/02/20-23:41:12.995632 7f7f7ff200 Options.max_bytes_for_level_multiplier_addtl[6]: 1
2020/02/20-23:41:12.995638 7f7f7ff200       Options.max_sequential_skip_in_iterations: 8
2020/02/20-23:41:12.995644 7f7f7ff200                    Options.max_compaction_bytes: 1677721600
2020/02/20-23:41:12.995649 7f7f7ff200                        Options.arena_block_size: 16777216
2020/02/20-23:41:12.995655 7f7f7ff200   Options.soft_pending_compaction_bytes_limit: 68719476736
2020/02/20-23:41:12.995661 7f7f7ff200   Options.hard_pending_compaction_bytes_limit: 274877906944
2020/02/20-23:41:12.995666 7f7f7ff200       Options.rate_limit_delay_max_milliseconds: 100
2020/02/20-23:41:12.995672 7f7f7ff200                Options.disable_auto_compactions: 0
2020/02/20-23:41:12.995679 7f7f7ff200                        Options.compaction_style: kCompactionStyleLevel
2020/02/20-23:41:12.995686 7f7f7ff200                          Options.compaction_pri: kMinOverlappingRatio
2020/02/20-23:41:12.995692 7f7f7ff200 Options.compaction_options_universal.size_ratio: 1
2020/02/20-23:41:12.995697 7f7f7ff200 Options.compaction_options_universal.min_merge_width: 2
2020/02/20-23:41:12.995703 7f7f7ff200 Options.compaction_options_universal.max_merge_width: 4294967295
2020/02/20-23:41:12.995709 7f7f7ff200 Options.compaction_options_universal.max_size_amplification_percent: 200
2020/02/20-23:41:12.995715 7f7f7ff200 Options.compaction_options_universal.compression_size_percent: -1
2020/02/20-23:41:12.995721 7f7f7ff200 Options.compaction_options_universal.stop_style: kCompactionStopStyleTotalSize
2020/02/20-23:41:12.995727 7f7f7ff200 Options.compaction_options_fifo.max_table_files_size: 1073741824
2020/02/20-23:41:12.995732 7f7f7ff200 Options.compaction_options_fifo.allow_compaction: 0
2020/02/20-23:41:12.995738 7f7f7ff200                   Options.table_properties_collectors: 
2020/02/20-23:41:12.995744 7f7f7ff200                   Options.inplace_update_support: 0
2020/02/20-23:41:12.995749 7f7f7ff200                 Options.inplace_update_num_locks: 10000
2020/02/20-23:41:12.995755 7f7f7ff200               Options.memtable_prefix_bloom_size_ratio: 0.000000
2020/02/20-23:41:12.995762 7f7f7ff200               Options.memtable_whole_key_filtering: 0
2020/02/20-23:41:12.995767 7f7f7ff200   Options.memtable_huge_page_size: 0
2020/02/20-23:41:12.995773 7f7f7ff200                           Options.bloom_locality: 0
2020/02/20-23:41:12.995779 7f7f7ff200                    Options.max_successive_merges: 0
2020/02/20-23:41:12.995784 7f7f7ff200                Options.optimize_filters_for_hits: 0
2020/02/20-23:41:12.995790 7f7f7ff200                Options.paranoid_file_checks: 0
2020/02/20-23:41:12.995815 7f7f7ff200                Options.force_consistency_checks: 0
2020/02/20-23:41:12.995823 7f7f7ff200                Options.report_bg_io_stats: 0
2020/02/20-23:41:12.995828 7f7f7ff200                               Options.ttl: 0
2020/02/20-23:41:12.995834 7f7f7ff200          Options.periodic_compaction_seconds: 0
2020/02/20-23:41:12.996054 7f7f7ff200 [_impl/db_impl.cc:2167] Created column family [usertable] (ID 1)
2020/02/20-23:41:13.078641 7f7f7ff200 DB pointer 0x7f28086f30
2020/02/20-23:41:13.082678 7eecfff200 [_impl/db_impl.cc:853] ------- DUMPING STATS -------
2020/02/20-23:41:13.082876 7eecfff200 [_impl/db_impl.cc:854] 
** DB Stats **
Uptime(secs): 0.2 total, 0.2 interval
Cumulative writes: 0 writes, 0 keys, 0 commit groups, 0.0 writes per commit group, ingest: 0.00 GB, 0.00 MB/s
Cumulative WAL: 0 writes, 0 syncs, 0.00 writes per sync, written: 0.00 GB, 0.00 MB/s
Cumulative stall: 00:00:0.000 H:M:S, 0.0 percent
Interval writes: 0 writes, 0 keys, 0 commit groups, 0.0 writes per commit group, ingest: 0.00 MB, 0.00 MB/s
Interval WAL: 0 writes, 0 syncs, 0.00 writes per sync, written: 0.00 MB, 0.00 MB/s
Interval stall: 00:00:0.000 H:M:S, 0.0 percent

** Compaction Stats [default] **
Level    Files   Size     Score Read(GB)  Rn(GB) Rnp1(GB) Write(GB) Wnew(GB) Moved(GB) W-Amp Rd(MB/s) Wr(MB/s) Comp(sec) CompMergeCPU(sec) Comp(cnt) Avg(sec) KeyIn KeyDrop
----------------------------------------------------------------------------------------------------------------------------------------------------------------------------
 Sum      0/0    0.00 KB   0.0      0.0     0.0      0.0       0.0      0.0       0.0   0.0      0.0      0.0      0.00              0.00         0    0.000       0      0
 Int      0/0    0.00 KB   0.0      0.0     0.0      0.0       0.0      0.0       0.0   0.0      0.0      0.0      0.00              0.00         0    0.000       0      0

** Compaction Stats [default] **
Priority    Files   Size     Score Read(GB)  Rn(GB) Rnp1(GB) Write(GB) Wnew(GB) Moved(GB) W-Amp Rd(MB/s) Wr(MB/s) Comp(sec) CompMergeCPU(sec) Comp(cnt) Avg(sec) KeyIn KeyDrop
-------------------------------------------------------------------------------------------------------------------------------------------------------------------------------
Uptime(secs): 0.2 total, 0.2 interval
Flush(GB): cumulative 0.000, interval 0.000
AddFile(GB): cumulative 0.000, interval 0.000
AddFile(Total Files): cumulative 0, interval 0
AddFile(L0 Files): cumulative 0, interval 0
AddFile(Keys): cumulative 0, interval 0
Cumulative compaction: 0.00 GB write, 0.00 MB/s write, 0.00 GB read, 0.00 MB/s read, 0.0 seconds
Interval compaction: 0.00 GB write, 0.00 MB/s write, 0.00 GB read, 0.00 MB/s read, 0.0 seconds
Stalls(count): 0 level0_slowdown, 0 level0_slowdown_with_compaction, 0 level0_numfiles, 0 level0_numfiles_with_compaction, 0 stop for pending_compaction_bytes, 0 slowdown for pending_compaction_bytes, 0 memtable_compaction, 0 memtable_slowdown, interval 0 total count

** File Read Latency Histogram By Level [default] **

** Compaction Stats [usertable] **
Level    Files   Size     Score Read(GB)  Rn(GB) Rnp1(GB) Write(GB) Wnew(GB) Moved(GB) W-Amp Rd(MB/s) Wr(MB/s) Comp(sec) CompMergeCPU(sec) Comp(cnt) Avg(sec) KeyIn KeyDrop
----------------------------------------------------------------------------------------------------------------------------------------------------------------------------
 Sum      0/0    0.00 KB   0.0      0.0     0.0      0.0       0.0      0.0       0.0   0.0      0.0      0.0      0.00              0.00         0    0.000       0      0
 Int      0/0    0.00 KB   0.0      0.0     0.0      0.0       0.0      0.0       0.0   0.0      0.0      0.0      0.00              0.00         0    0.000       0      0

** Compaction Stats [usertable] **
Priority    Files   Size     Score Read(GB)  Rn(GB) Rnp1(GB) Write(GB) Wnew(GB) Moved(GB) W-Amp Rd(MB/s) Wr(MB/s) Comp(sec) CompMergeCPU(sec) Comp(cnt) Avg(sec) KeyIn KeyDrop
-------------------------------------------------------------------------------------------------------------------------------------------------------------------------------
Uptime(secs): 0.1 total, 0.1 interval
Flush(GB): cumulative 0.000, interval 0.000
AddFile(GB): cumulative 0.000, interval 0.000
AddFile(Total Files): cumulative 0, interval 0
AddFile(L0 Files): cumulative 0, interval 0
AddFile(Keys): cumulative 0, interval 0
Cumulative compaction: 0.00 GB write, 0.00 MB/s write, 0.00 GB read, 0.00 MB/s read, 0.0 seconds
Interval compaction: 0.00 GB write, 0.00 MB/s write, 0.00 GB read, 0.00 MB/s read, 0.0 seconds
Stalls(count): 0 level0_slowdown, 0 level0_slowdown_with_compaction, 0 level0_numfiles, 0 level0_numfiles_with_compaction, 0 stop for pending_compaction_bytes, 0 slowdown for pending_compaction_bytes, 0 memtable_compaction, 0 memtable_slowdown, interval 0 total count

** File Read Latency Histogram By Level [usertable] **

** Compaction Stats [default] **
Level    Files   Size     Score Read(GB)  Rn(GB) Rnp1(GB) Write(GB) Wnew(GB) Moved(GB) W-Amp Rd(MB/s) Wr(MB/s) Comp(sec) CompMergeCPU(sec) Comp(cnt) Avg(sec) KeyIn KeyDrop
----------------------------------------------------------------------------------------------------------------------------------------------------------------------------
 Sum      0/0    0.00 KB   0.0      0.0     0.0      0.0       0.0      0.0       0.0   0.0      0.0      0.0      0.00              0.00         0    0.000       0      0
 Int      0/0    0.00 KB   0.0      0.0     0.0      0.0       0.0      0.0       0.0   0.0      0.0      0.0      0.00              0.00         0    0.000       0      0

** Compaction Stats [default] **
Priority    Files   Size     Score Read(GB)  Rn(GB) Rnp1(GB) Write(GB) Wnew(GB) Moved(GB) W-Amp Rd(MB/s) Wr(MB/s) Comp(sec) CompMergeCPU(sec) Comp(cnt) Avg(sec) KeyIn KeyDrop
-------------------------------------------------------------------------------------------------------------------------------------------------------------------------------
Uptime(secs): 0.2 total, 0.0 interval
Flush(GB): cumulative 0.000, interval 0.000
AddFile(GB): cumulative 0.000, interval 0.000
AddFile(Total Files): cumulative 0, interval 0
AddFile(L0 Files): cumulative 0, interval 0
AddFile(Keys): cumulative 0, interval 0
Cumulative compaction: 0.00 GB write, 0.00 MB/s write, 0.00 GB read, 0.00 MB/s read, 0.0 seconds
Interval compaction: 0.00 GB write, 0.00 MB/s write, 0.00 GB read, 0.00 MB/s read, 0.0 seconds
Stalls(count): 0 level0_slowdown, 0 level0_slowdown_with_compaction, 0 level0_numfiles, 0 level0_numfiles_with_compaction, 0 stop for pending_compaction_bytes, 0 slowdown for pending_compaction_bytes, 0 memtable_compaction, 0 memtable_slowdown, interval 0 total count

** File Read Latency Histogram By Level [default] **

** Compaction Stats [usertable] **
Level    Files   Size     Score Read(GB)  Rn(GB) Rnp1(GB) Write(GB) Wnew(GB) Moved(GB) W-Amp Rd(MB/s) Wr(MB/s) Comp(sec) CompMergeCPU(sec) Comp(cnt) Avg(sec) KeyIn KeyDrop
----------------------------------------------------------------------------------------------------------------------------------------------------------------------------
 Sum      0/0    0.00 KB   0.0      0.0     0.0      0.0       0.0      0.0       0.0   0.0      0.0      0.0      0.00              0.00         0    0.000       0      0
 Int      0/0    0.00 KB   0.0      0.0     0.0      0.0       0.0      0.0       0.0   0.0      0.0      0.0      0.00              0.00         0    0.000       0      0

** Compaction Stats [usertable] **
Priority    Files   Size     Score Read(GB)  Rn(GB) Rnp1(GB) Write(GB) Wnew(GB) Moved(GB) W-Amp Rd(MB/s) Wr(MB/s) Comp(sec) CompMergeCPU(sec) Comp(cnt) Avg(sec) KeyIn KeyDrop
-------------------------------------------------------------------------------------------------------------------------------------------------------------------------------
Uptime(secs): 0.1 total, 0.0 interval
Flush(GB): cumulative 0.000, interval 0.000
AddFile(GB): cumulative 0.000, interval 0.000
AddFile(Total Files): cumulative 0, interval 0
AddFile(L0 Files): cumulative 0, interval 0
AddFile(Keys): cumulative 0, interval 0
Cumulative compaction: 0.00 GB write, 0.00 MB/s write, 0.00 GB read, 0.00 MB/s read, 0.0 seconds
Interval compaction: 0.00 GB write, 0.00 MB/s write, 0.00 GB read, 0.00 MB/s read, 0.0 seconds
Stalls(count): 0 level0_slowdown, 0 level0_slowdown_with_compaction, 0 level0_numfiles, 0 level0_numfiles_with_compaction, 0 stop for pending_compaction_bytes, 0 slowdown for pending_compaction_bytes, 0 memtable_compaction, 0 memtable_slowdown, interval 0 total count

** File Read Latency Histogram By Level [usertable] **
2020/02/20-23:41:39.194349 7f7c76f200 [_impl/db_impl_write.cc:1656] [usertable] New memtable created with log file: #9. Immutable memtables: 0.
2020/02/20-23:42:04.176624 7f7f7ff200 [_impl/db_impl_write.cc:1656] [usertable] New memtable created with log file: #10. Immutable memtables: 1.
2020/02/20-23:42:04.178703 7f1efff200 [_impl/db_impl_compaction_flush.cc:106] [JOB 8] Syncing log #3
2020/02/20-23:42:04.178962 7f1efff200 [_impl/db_impl_compaction_flush.cc:106] [JOB 8] Syncing log #9
2020/02/20-23:42:04.723474 7f1efff200 (Original Log Time 2020/02/20-23:42:04.178596) [_impl/db_impl_compaction_flush.cc:2188] Calling FlushMemTableToOutputFile with column family [usertable], flush slots available 6, compaction slots available 1, flush slots scheduled 6, compaction slots scheduled 0
2020/02/20-23:42:04.723499 7f1efff200 [ush_job.cc:320] [usertable] [JOB 8] Flushing memtable with next log file: 9
2020/02/20-23:42:04.723521 7f1efff200 [ush_job.cc:320] [usertable] [JOB 8] Flushing memtable with next log file: 10
2020/02/20-23:42:04.723604 7f1efff200 EVENT_LOG_v1 {"time_micros": 1582242124723570, "job": 8, "event": "flush_started", "num_memtables": 2, "num_entries": 61515, "num_deletes": 0, "total_data_size": 253626345, "memory_usage": 260141400, "flush_reason": "Write Buffer Full"}
2020/02/20-23:42:04.723616 7f1efff200 [ush_job.cc:349] [usertable] [JOB 8] Level-0 flush table #11: started
2020/02/20-23:42:06.093284 7f1efff200 EVENT_LOG_v1 {"time_micros": 1582242126093194, "cf_name": "usertable", "job": 8, "event": "table_file_creation", "file_number": 11, "file_size": 256757049, "table_properties": {"data_size": 254487555, "index_size": 2268719, "index_partitions": 0, "top_level_index_size": 0, "index_key_is_user_key": 0, "index_value_is_delta_encoded": 0, "filter_size": 0, "raw_key_size": 1476360, "raw_average_key_size": 24, "raw_value_size": 251965440, "raw_average_value_size": 4096, "num_data_blocks": 61515, "num_entries": 61515, "num_deletions": 0, "num_merge_operands": 0, "num_range_deletions": 0, "format_version": 0, "fixed_key_len": 0, "filter_policy": "", "column_family_name": "usertable", "column_family_id": 1, "comparator": "leveldb.BytewiseComparator", "merge_operator": "nullptr", "prefix_extractor_name": "nullptr", "property_collectors": "[]", "compression": "NoCompression", "compression_options": "window_bits=-14; level=32767; strategy=0; max_dict_bytes=0; zstd_max_train_bytes=0; enabled=0; ", "creation_time": 1582242124, "oldest_key_time": 1582242073, "file_creation_time": 1582242124}}
2020/02/20-23:42:06.093351 7f1efff200 [ush_job.cc:390] [usertable] [JOB 8] Level-0 flush table #11: 256757049 bytes OK
2020/02/20-23:42:06.122984 7f1efff200 (Original Log Time 2020/02/20-23:42:06.093391) [mtable_list.cc:432] [usertable] Level-0 commit table #11 started
2020/02/20-23:42:06.122992 7f1efff200 (Original Log Time 2020/02/20-23:42:06.122757) [mtable_list.cc:480] [usertable] Level-0 commit table #11: memtable #1 done
2020/02/20-23:42:06.122996 7f1efff200 (Original Log Time 2020/02/20-23:42:06.122782) [mtable_list.cc:480] [usertable] Level-0 commit table #11: memtable #2 done
2020/02/20-23:42:06.123001 7f1efff200 (Original Log Time 2020/02/20-23:42:06.122842) EVENT_LOG_v1 {"time_micros": 1582242126122820, "job": 8, "event": "flush_finished", "output_compression": "NoCompression", "lsm_state": [1, 0, 0, 0, 0, 0, 0], "immutable_memtables": 0}
2020/02/20-23:42:06.123005 7f1efff200 (Original Log Time 2020/02/20-23:42:06.122884) [_impl/db_impl_compaction_flush.cc:206] [usertable] Level summary: files[1 0 0 0 0 0 0] max score 0.50
2020/02/20-23:42:06.123027 7f1efff200 [_impl/db_impl_files.cc:352] [JOB 8] Try to delete WAL files size 253518999, prev total WAL file size 260887551, number of live WAL files 3.
2020/02/20-23:42:30.082835 7eedfff200 [_impl/db_impl_write.cc:1656] [usertable] New memtable created with log file: #12. Immutable memtables: 0.
2020/02/20-23:42:55.739612 7f7c36f200 [_impl/db_impl_write.cc:1656] [usertable] New memtable created with log file: #13. Immutable memtables: 1.
2020/02/20-23:42:55.742602 7f1dfff200 [_impl/db_impl_compaction_flush.cc:106] [JOB 20] Syncing log #10
2020/02/20-23:42:55.742844 7f1dfff200 [_impl/db_impl_compaction_flush.cc:106] [JOB 20] Syncing log #12
2020/02/20-23:42:56.258500 7f1dfff200 (Original Log Time 2020/02/20-23:42:55.742558) [_impl/db_impl_compaction_flush.cc:2188] Calling FlushMemTableToOutputFile with column family [usertable], flush slots available 6, compaction slots available 1, flush slots scheduled 6, compaction slots scheduled 0
2020/02/20-23:42:56.258541 7f1dfff200 [ush_job.cc:320] [usertable] [JOB 20] Flushing memtable with next log file: 12
2020/02/20-23:42:56.258560 7f1dfff200 [ush_job.cc:320] [usertable] [JOB 20] Flushing memtable with next log file: 13
2020/02/20-23:42:56.258642 7f1dfff200 EVENT_LOG_v1 {"time_micros": 1582242176258615, "job": 20, "event": "flush_started", "num_memtables": 2, "num_entries": 61516, "num_deletes": 0, "total_data_size": 253630468, "memory_usage": 260083088, "flush_reason": "Write Buffer Full"}
2020/02/20-23:42:56.258660 7f1dfff200 [ush_job.cc:349] [usertable] [JOB 20] Level-0 flush table #14: started
