2020/01/24-20:07:48.380142 7fe328dfc700 RocksDB version: 6.1.2
2020/01/24-20:07:48.380268 7fe328dfc700 Git sha rocksdb_build_git_sha:4f1920556570c04d306d3ff0aa9a33db259bb8f0
2020/01/24-20:07:48.380276 7fe328dfc700 Compile date Jan  7 2020
2020/01/24-20:07:48.380297 7fe328dfc700 DB SUMMARY
2020/01/24-20:07:48.381006 7fe328dfc700 CURRENT file:  CURRENT
2020/01/24-20:07:48.381012 7fe328dfc700 IDENTITY file:  IDENTITY
2020/01/24-20:07:48.381030 7fe328dfc700 MANIFEST file:  MANIFEST-000004 size: 105100 Bytes
2020/01/24-20:07:48.381036 7fe328dfc700 SST files in /mnt/sdb/mbwu-rocksdb-data dir, Total Num: 616, files: 000011.sst 000014.sst 000017.sst 000020.sst 000023.sst 000026.sst 000036.sst 000037.sst 000038.sst 
2020/01/24-20:07:48.381040 7fe328dfc700 Write Ahead Log file in /mnt/sdb/mbwu-rocksdb-data: 001182.log size: 127319132 ; 001184.log size: 82499300 ; 
2020/01/24-20:07:48.381050 7fe328dfc700                         Options.error_if_exists: 0
2020/01/24-20:07:48.381054 7fe328dfc700                       Options.create_if_missing: 1
2020/01/24-20:07:48.381056 7fe328dfc700                         Options.paranoid_checks: 1
2020/01/24-20:07:48.381058 7fe328dfc700                                     Options.env: 0x7fe328ae2ba0
2020/01/24-20:07:48.381061 7fe328dfc700                                Options.info_log: 0x7fe30c0b0880
2020/01/24-20:07:48.381063 7fe328dfc700                Options.max_file_opening_threads: 16
2020/01/24-20:07:48.381065 7fe328dfc700                              Options.statistics: (nil)
2020/01/24-20:07:48.381068 7fe328dfc700                               Options.use_fsync: 0
2020/01/24-20:07:48.381070 7fe328dfc700                       Options.max_log_file_size: 0
2020/01/24-20:07:48.381072 7fe328dfc700                  Options.max_manifest_file_size: 1073741824
2020/01/24-20:07:48.381075 7fe328dfc700                   Options.log_file_time_to_roll: 0
2020/01/24-20:07:48.381077 7fe328dfc700                       Options.keep_log_file_num: 1000
2020/01/24-20:07:48.381079 7fe328dfc700                    Options.recycle_log_file_num: 0
2020/01/24-20:07:48.381081 7fe328dfc700                         Options.allow_fallocate: 1
2020/01/24-20:07:48.381083 7fe328dfc700                        Options.allow_mmap_reads: 0
2020/01/24-20:07:48.381085 7fe328dfc700                       Options.allow_mmap_writes: 0
2020/01/24-20:07:48.381087 7fe328dfc700                        Options.use_direct_reads: 0
2020/01/24-20:07:48.381089 7fe328dfc700                        Options.use_direct_io_for_flush_and_compaction: 0
2020/01/24-20:07:48.381092 7fe328dfc700          Options.create_missing_column_families: 1
2020/01/24-20:07:48.381094 7fe328dfc700                              Options.db_log_dir: 
2020/01/24-20:07:48.381096 7fe328dfc700                                 Options.wal_dir: /mnt/sdb/mbwu-rocksdb-data
2020/01/24-20:07:48.381098 7fe328dfc700                Options.table_cache_numshardbits: 6
2020/01/24-20:07:48.381100 7fe328dfc700                      Options.max_subcompactions: 1
2020/01/24-20:07:48.381102 7fe328dfc700                  Options.max_background_flushes: 24
2020/01/24-20:07:48.381104 7fe328dfc700                         Options.WAL_ttl_seconds: 0
2020/01/24-20:07:48.381106 7fe328dfc700                       Options.WAL_size_limit_MB: 0
2020/01/24-20:07:48.381108 7fe328dfc700             Options.manifest_preallocation_size: 4194304
2020/01/24-20:07:48.381111 7fe328dfc700                     Options.is_fd_close_on_exec: 1
2020/01/24-20:07:48.381113 7fe328dfc700                   Options.advise_random_on_open: 1
2020/01/24-20:07:48.381115 7fe328dfc700                    Options.db_write_buffer_size: 0
2020/01/24-20:07:48.381117 7fe328dfc700                    Options.write_buffer_manager: 0x7fe30c0a1de0
2020/01/24-20:07:48.381119 7fe328dfc700         Options.access_hint_on_compaction_start: 1
2020/01/24-20:07:48.381121 7fe328dfc700  Options.new_table_reader_for_compaction_inputs: 0
2020/01/24-20:07:48.381123 7fe328dfc700           Options.random_access_max_buffer_size: 1048576
2020/01/24-20:07:48.381125 7fe328dfc700                      Options.use_adaptive_mutex: 0
2020/01/24-20:07:48.381161 7fe328dfc700                            Options.rate_limiter: (nil)
2020/01/24-20:07:48.381168 7fe328dfc700     Options.sst_file_manager.rate_bytes_per_sec: 0
2020/01/24-20:07:48.381171 7fe328dfc700                       Options.wal_recovery_mode: 2
2020/01/24-20:07:48.381173 7fe328dfc700                  Options.enable_thread_tracking: 0
2020/01/24-20:07:48.381175 7fe328dfc700                  Options.enable_pipelined_write: 0
2020/01/24-20:07:48.381177 7fe328dfc700         Options.allow_concurrent_memtable_write: 1
2020/01/24-20:07:48.381179 7fe328dfc700      Options.enable_write_thread_adaptive_yield: 1
2020/01/24-20:07:48.381181 7fe328dfc700             Options.write_thread_max_yield_usec: 100
2020/01/24-20:07:48.381183 7fe328dfc700            Options.write_thread_slow_yield_usec: 3
2020/01/24-20:07:48.381185 7fe328dfc700                               Options.row_cache: None
2020/01/24-20:07:48.381187 7fe328dfc700                              Options.wal_filter: None
2020/01/24-20:07:48.381190 7fe328dfc700             Options.avoid_flush_during_recovery: 0
2020/01/24-20:07:48.381192 7fe328dfc700             Options.allow_ingest_behind: 0
2020/01/24-20:07:48.381194 7fe328dfc700             Options.preserve_deletes: 0
2020/01/24-20:07:48.381196 7fe328dfc700             Options.two_write_queues: 0
2020/01/24-20:07:48.381198 7fe328dfc700             Options.manual_wal_flush: 0
2020/01/24-20:07:48.381200 7fe328dfc700             Options.atomic_flush: 0
2020/01/24-20:07:48.381202 7fe328dfc700             Options.avoid_unnecessary_blocking_io: 0
2020/01/24-20:07:48.381207 7fe328dfc700             Options.max_background_jobs: 24
2020/01/24-20:07:48.381209 7fe328dfc700             Options.max_background_compactions: 24
2020/01/24-20:07:48.381212 7fe328dfc700             Options.avoid_flush_during_shutdown: 0
2020/01/24-20:07:48.381214 7fe328dfc700           Options.writable_file_max_buffer_size: 1048576
2020/01/24-20:07:48.381216 7fe328dfc700             Options.delayed_write_rate : 16777216
2020/01/24-20:07:48.381218 7fe328dfc700             Options.max_total_wal_size: 0
2020/01/24-20:07:48.381220 7fe328dfc700             Options.delete_obsolete_files_period_micros: 21600000000
2020/01/24-20:07:48.381223 7fe328dfc700                   Options.stats_dump_period_sec: 600
2020/01/24-20:07:48.381225 7fe328dfc700                 Options.stats_persist_period_sec: 600
2020/01/24-20:07:48.381227 7fe328dfc700                 Options.stats_history_buffer_size: 1048576
2020/01/24-20:07:48.381229 7fe328dfc700                          Options.max_open_files: -1
2020/01/24-20:07:48.381232 7fe328dfc700                          Options.bytes_per_sync: 1048576
2020/01/24-20:07:48.381234 7fe328dfc700                      Options.wal_bytes_per_sync: 0
2020/01/24-20:07:48.381236 7fe328dfc700       Options.compaction_readahead_size: 0
2020/01/24-20:07:48.381238 7fe328dfc700 Compression algorithms supported:
2020/01/24-20:07:48.381241 7fe328dfc700 	kZSTDNotFinalCompression supported: 1
2020/01/24-20:07:48.381258 7fe328dfc700 	kZSTD supported: 1
2020/01/24-20:07:48.381262 7fe328dfc700 	kXpressCompression supported: 0
2020/01/24-20:07:48.381264 7fe328dfc700 	kLZ4HCCompression supported: 1
2020/01/24-20:07:48.381267 7fe328dfc700 	kLZ4Compression supported: 1
2020/01/24-20:07:48.381269 7fe328dfc700 	kBZip2Compression supported: 1
2020/01/24-20:07:48.381271 7fe328dfc700 	kZlibCompression supported: 1
2020/01/24-20:07:48.381274 7fe328dfc700 	kSnappyCompression supported: 1
2020/01/24-20:07:48.381282 7fe328dfc700 Fast CRC32 supported: Supported on x86
2020/01/24-20:07:48.382156 7fe328dfc700 [/version_set.cc:3742] Recovering from manifest file: /mnt/sdb/mbwu-rocksdb-data/MANIFEST-000004
2020/01/24-20:07:48.382442 7fe328dfc700 [/column_family.cc:698] --------------- Options for column family [default]:
2020/01/24-20:07:48.382451 7fe328dfc700               Options.comparator: leveldb.BytewiseComparator
2020/01/24-20:07:48.382454 7fe328dfc700           Options.merge_operator: None
2020/01/24-20:07:48.382456 7fe328dfc700        Options.compaction_filter: None
2020/01/24-20:07:48.382486 7fe328dfc700        Options.compaction_filter_factory: None
2020/01/24-20:07:48.382490 7fe328dfc700         Options.memtable_factory: SkipListFactory
2020/01/24-20:07:48.382492 7fe328dfc700            Options.table_factory: BlockBasedTable
2020/01/24-20:07:48.382541 7fe328dfc700            table_factory options:   flush_block_policy_factory: FlushBlockBySizePolicyFactory (0x7fe30c0a1fc0)
  cache_index_and_filter_blocks: 0
  cache_index_and_filter_blocks_with_high_priority: 0
  pin_l0_filter_and_index_blocks_in_cache: 0
  pin_top_level_index_and_filter: 1
  index_type: 0
  data_block_index_type: 0
  data_block_hash_table_util_ratio: 0.750000
  hash_index_allow_collision: 1
  checksum: 1
  no_block_cache: 0
  block_cache: 0x7fe30c0a2e70
  block_cache_name: LRUCache
  block_cache_options:
    capacity : 8388608
    num_shard_bits : 4
    strict_capacity_limit : 0
    memory_allocator : None
    high_pri_pool_ratio: 0.000
  block_cache_compressed: (nil)
  persistent_cache: (nil)
  block_size: 8192
  block_size_deviation: 10
  block_restart_interval: 16
  index_block_restart_interval: 1
  metadata_block_size: 4096
  partition_filters: 0
  use_delta_encoding: 1
  filter_policy: nullptr
  whole_key_filtering: 1
  verify_compression: 0
  read_amp_bytes_per_bit: 0
  format_version: 2
  enable_index_compression: 1
  block_align: 0
2020/01/24-20:07:48.382546 7fe328dfc700        Options.write_buffer_size: 134217728
2020/01/24-20:07:48.382548 7fe328dfc700  Options.max_write_buffer_number: 8
2020/01/24-20:07:48.382552 7fe328dfc700        Options.compression[0]: NoCompression
2020/01/24-20:07:48.382555 7fe328dfc700        Options.compression[1]: NoCompression
2020/01/24-20:07:48.382558 7fe328dfc700        Options.compression[2]: Snappy
2020/01/24-20:07:48.382560 7fe328dfc700        Options.compression[3]: Snappy
2020/01/24-20:07:48.382562 7fe328dfc700        Options.compression[4]: Snappy
2020/01/24-20:07:48.382564 7fe328dfc700        Options.compression[5]: Snappy
2020/01/24-20:07:48.382567 7fe328dfc700        Options.compression[6]: Snappy
2020/01/24-20:07:48.382569 7fe328dfc700                  Options.bottommost_compression: Disabled
2020/01/24-20:07:48.382571 7fe328dfc700       Options.prefix_extractor: nullptr
2020/01/24-20:07:48.382574 7fe328dfc700   Options.memtable_insert_with_hint_prefix_extractor: nullptr
2020/01/24-20:07:48.382576 7fe328dfc700             Options.num_levels: 6
2020/01/24-20:07:48.382578 7fe328dfc700        Options.min_write_buffer_number_to_merge: 2
2020/01/24-20:07:48.382580 7fe328dfc700     Options.max_write_buffer_number_to_maintain: 0
2020/01/24-20:07:48.382583 7fe328dfc700            Options.bottommost_compression_opts.window_bits: -14
2020/01/24-20:07:48.382585 7fe328dfc700                  Options.bottommost_compression_opts.level: 32767
2020/01/24-20:07:48.382587 7fe328dfc700               Options.bottommost_compression_opts.strategy: 0
2020/01/24-20:07:48.382590 7fe328dfc700         Options.bottommost_compression_opts.max_dict_bytes: 0
2020/01/24-20:07:48.382592 7fe328dfc700         Options.bottommost_compression_opts.zstd_max_train_bytes: 0
2020/01/24-20:07:48.382594 7fe328dfc700                  Options.bottommost_compression_opts.enabled: false
2020/01/24-20:07:48.382596 7fe328dfc700            Options.compression_opts.window_bits: -14
2020/01/24-20:07:48.382599 7fe328dfc700                  Options.compression_opts.level: 32767
2020/01/24-20:07:48.382601 7fe328dfc700               Options.compression_opts.strategy: 0
2020/01/24-20:07:48.382603 7fe328dfc700         Options.compression_opts.max_dict_bytes: 0
2020/01/24-20:07:48.382605 7fe328dfc700         Options.compression_opts.zstd_max_train_bytes: 0
2020/01/24-20:07:48.382607 7fe328dfc700                  Options.compression_opts.enabled: false
2020/01/24-20:07:48.382609 7fe328dfc700      Options.level0_file_num_compaction_trigger: 4
2020/01/24-20:07:48.382611 7fe328dfc700          Options.level0_slowdown_writes_trigger: 20
2020/01/24-20:07:48.382613 7fe328dfc700              Options.level0_stop_writes_trigger: 36
2020/01/24-20:07:48.382631 7fe328dfc700                   Options.target_file_size_base: 67108864
2020/01/24-20:07:48.382635 7fe328dfc700             Options.target_file_size_multiplier: 1
2020/01/24-20:07:48.382637 7fe328dfc700                Options.max_bytes_for_level_base: 536870912
2020/01/24-20:07:48.382639 7fe328dfc700 Options.level_compaction_dynamic_level_bytes: 1
2020/01/24-20:07:48.382641 7fe328dfc700          Options.max_bytes_for_level_multiplier: 8.000000
2020/01/24-20:07:48.382645 7fe328dfc700 Options.max_bytes_for_level_multiplier_addtl[0]: 1
2020/01/24-20:07:48.382647 7fe328dfc700 Options.max_bytes_for_level_multiplier_addtl[1]: 1
2020/01/24-20:07:48.382650 7fe328dfc700 Options.max_bytes_for_level_multiplier_addtl[2]: 1
2020/01/24-20:07:48.382652 7fe328dfc700 Options.max_bytes_for_level_multiplier_addtl[3]: 1
2020/01/24-20:07:48.382654 7fe328dfc700 Options.max_bytes_for_level_multiplier_addtl[4]: 1
2020/01/24-20:07:48.382656 7fe328dfc700 Options.max_bytes_for_level_multiplier_addtl[5]: 1
2020/01/24-20:07:48.382658 7fe328dfc700 Options.max_bytes_for_level_multiplier_addtl[6]: 1
2020/01/24-20:07:48.382660 7fe328dfc700       Options.max_sequential_skip_in_iterations: 8
2020/01/24-20:07:48.382662 7fe328dfc700                    Options.max_compaction_bytes: 1677721600
2020/01/24-20:07:48.382664 7fe328dfc700                        Options.arena_block_size: 16777216
2020/01/24-20:07:48.382667 7fe328dfc700   Options.soft_pending_compaction_bytes_limit: 68719476736
2020/01/24-20:07:48.382669 7fe328dfc700   Options.hard_pending_compaction_bytes_limit: 274877906944
2020/01/24-20:07:48.382671 7fe328dfc700       Options.rate_limit_delay_max_milliseconds: 100
2020/01/24-20:07:48.382673 7fe328dfc700                Options.disable_auto_compactions: 0
2020/01/24-20:07:48.382675 7fe328dfc700                      Options.allow_trivial_move: 0
2020/01/24-20:07:48.382677 7fe328dfc700                      Options.vlog_direct_IO: 0
2020/01/24-20:07:48.382679 7fe328dfc700               Options.compaction_score_limit_L0: 1000.000000
2020/01/24-20:07:48.382685 7fe328dfc700                     Options.min_indirect_val_size[0]: 24
2020/01/24-20:07:48.382687 7fe328dfc700       Options.fraction_remapped_during_compaction[0]: 20
2020/01/24-20:07:48.382690 7fe328dfc700 Options.fraction_remapped_during_active_recycling[0]: 15
2020/01/24-20:07:48.382692 7fe328dfc700    Options.fragmentation_active_recycling_trigger[0]: 25
2020/01/24-20:07:48.382694 7fe328dfc700     Options.fragmentation_active_recycling_klaxon[0]: 50
2020/01/24-20:07:48.382696 7fe328dfc700                Options.active_recycling_sst_minct[0]: 5
2020/01/24-20:07:48.382699 7fe328dfc700                Options.active_recycling_sst_maxct[0]: 15
2020/01/24-20:07:48.382701 7fe328dfc700       Options.active_recycling_vlogfile_freed_min[0]: 7
2020/01/24-20:07:48.382703 7fe328dfc700    Options.active_recycling_size_trigger[0]: 1073741824
2020/01/24-20:07:48.382705 7fe328dfc700                         Options.vlogfile_max_size[0]: 16777216
2020/01/24-20:07:48.382708 7fe328dfc700          Options.compaction_picker_age_importance[0]: 100
2020/01/24-20:07:48.382710 7fe328dfc700                    Options.ring_compression_style[0]: Zlib
2020/01/24-20:07:48.382714 7fe328dfc700                        Options.compaction_style: kCompactionStyleLevel
2020/01/24-20:07:48.382719 7fe328dfc700                          Options.compaction_pri: kMinOverlappingRatio
2020/01/24-20:07:48.382721 7fe328dfc700 Options.compaction_options_universal.size_ratio: 1
2020/01/24-20:07:48.382723 7fe328dfc700 Options.compaction_options_universal.min_merge_width: 2
2020/01/24-20:07:48.382725 7fe328dfc700 Options.compaction_options_universal.max_merge_width: 4294967295
2020/01/24-20:07:48.382728 7fe328dfc700 Options.compaction_options_universal.max_size_amplification_percent: 200
2020/01/24-20:07:48.382730 7fe328dfc700 Options.compaction_options_universal.compression_size_percent: -1
2020/01/24-20:07:48.382734 7fe328dfc700 Options.compaction_options_universal.stop_style: kCompactionStopStyleTotalSize
2020/01/24-20:07:48.382749 7fe328dfc700 Options.compaction_options_fifo.max_table_files_size: 1073741824
2020/01/24-20:07:48.382753 7fe328dfc700 Options.compaction_options_fifo.allow_compaction: 0
2020/01/24-20:07:48.382755 7fe328dfc700                   Options.table_properties_collectors: 
2020/01/24-20:07:48.382757 7fe328dfc700                   Options.inplace_update_support: 0
2020/01/24-20:07:48.382760 7fe328dfc700                 Options.inplace_update_num_locks: 10000
2020/01/24-20:07:48.382762 7fe328dfc700               Options.memtable_prefix_bloom_size_ratio: 0.000000
2020/01/24-20:07:48.382765 7fe328dfc700               Options.memtable_whole_key_filtering: 0
2020/01/24-20:07:48.382768 7fe328dfc700   Options.memtable_huge_page_size: 0
2020/01/24-20:07:48.382770 7fe328dfc700                           Options.bloom_locality: 0
2020/01/24-20:07:48.382772 7fe328dfc700                    Options.max_successive_merges: 0
2020/01/24-20:07:48.382775 7fe328dfc700                Options.optimize_filters_for_hits: 0
2020/01/24-20:07:48.382777 7fe328dfc700                Options.paranoid_file_checks: 0
2020/01/24-20:07:48.382779 7fe328dfc700                Options.force_consistency_checks: 0
2020/01/24-20:07:48.382781 7fe328dfc700                Options.report_bg_io_stats: 0
2020/01/24-20:07:48.382783 7fe328dfc700                               Options.ttl: 0
2020/01/24-20:07:48.383417 7fe328dfc700 [/column_family.cc:698] --------------- Options for column family [usertable]:
2020/01/24-20:07:48.383425 7fe328dfc700               Options.comparator: leveldb.BytewiseComparator
2020/01/24-20:07:48.383427 7fe328dfc700           Options.merge_operator: None
2020/01/24-20:07:48.383430 7fe328dfc700        Options.compaction_filter: None
2020/01/24-20:07:48.383432 7fe328dfc700        Options.compaction_filter_factory: None
2020/01/24-20:07:48.383434 7fe328dfc700         Options.memtable_factory: SkipListFactory
2020/01/24-20:07:48.383437 7fe328dfc700            Options.table_factory: BlockBasedTable
2020/01/24-20:07:48.383479 7fe328dfc700            table_factory options:   flush_block_policy_factory: FlushBlockBySizePolicyFactory (0x7fe30c0b21d0)
  cache_index_and_filter_blocks: 0
  cache_index_and_filter_blocks_with_high_priority: 0
  pin_l0_filter_and_index_blocks_in_cache: 0
  pin_top_level_index_and_filter: 1
  index_type: 0
  data_block_index_type: 0
  data_block_hash_table_util_ratio: 0.750000
  hash_index_allow_collision: 1
  checksum: 1
  no_block_cache: 0
  block_cache: 0x7fe30c0ad600
  block_cache_name: LRUCache
  block_cache_options:
    capacity : 8388608
    num_shard_bits : 4
    strict_capacity_limit : 0
    memory_allocator : None
    high_pri_pool_ratio: 0.000
  block_cache_compressed: (nil)
  persistent_cache: (nil)
  block_size: 8192
  block_size_deviation: 10
  block_restart_interval: 16
  index_block_restart_interval: 1
  metadata_block_size: 4096
  partition_filters: 0
  use_delta_encoding: 1
  filter_policy: nullptr
  whole_key_filtering: 1
  verify_compression: 0
  read_amp_bytes_per_bit: 0
  format_version: 2
  enable_index_compression: 1
  block_align: 0
2020/01/24-20:07:48.383485 7fe328dfc700        Options.write_buffer_size: 134217728
2020/01/24-20:07:48.383487 7fe328dfc700  Options.max_write_buffer_number: 8
2020/01/24-20:07:48.383490 7fe328dfc700        Options.compression[0]: NoCompression
2020/01/24-20:07:48.383492 7fe328dfc700        Options.compression[1]: NoCompression
2020/01/24-20:07:48.383495 7fe328dfc700        Options.compression[2]: Snappy
2020/01/24-20:07:48.383497 7fe328dfc700        Options.compression[3]: Snappy
2020/01/24-20:07:48.383499 7fe328dfc700        Options.compression[4]: Snappy
2020/01/24-20:07:48.383501 7fe328dfc700        Options.compression[5]: Snappy
2020/01/24-20:07:48.383503 7fe328dfc700        Options.compression[6]: Snappy
2020/01/24-20:07:48.383505 7fe328dfc700                  Options.bottommost_compression: Disabled
2020/01/24-20:07:48.383508 7fe328dfc700       Options.prefix_extractor: nullptr
2020/01/24-20:07:48.383510 7fe328dfc700   Options.memtable_insert_with_hint_prefix_extractor: nullptr
2020/01/24-20:07:48.383537 7fe328dfc700             Options.num_levels: 6
2020/01/24-20:07:48.383541 7fe328dfc700        Options.min_write_buffer_number_to_merge: 2
2020/01/24-20:07:48.383543 7fe328dfc700     Options.max_write_buffer_number_to_maintain: 0
2020/01/24-20:07:48.383545 7fe328dfc700            Options.bottommost_compression_opts.window_bits: -14
2020/01/24-20:07:48.383547 7fe328dfc700                  Options.bottommost_compression_opts.level: 32767
2020/01/24-20:07:48.383549 7fe328dfc700               Options.bottommost_compression_opts.strategy: 0
2020/01/24-20:07:48.383551 7fe328dfc700         Options.bottommost_compression_opts.max_dict_bytes: 0
2020/01/24-20:07:48.383553 7fe328dfc700         Options.bottommost_compression_opts.zstd_max_train_bytes: 0
2020/01/24-20:07:48.383556 7fe328dfc700                  Options.bottommost_compression_opts.enabled: false
2020/01/24-20:07:48.383558 7fe328dfc700            Options.compression_opts.window_bits: -14
2020/01/24-20:07:48.383560 7fe328dfc700                  Options.compression_opts.level: 32767
2020/01/24-20:07:48.383562 7fe328dfc700               Options.compression_opts.strategy: 0
2020/01/24-20:07:48.383564 7fe328dfc700         Options.compression_opts.max_dict_bytes: 0
2020/01/24-20:07:48.383566 7fe328dfc700         Options.compression_opts.zstd_max_train_bytes: 0
2020/01/24-20:07:48.383568 7fe328dfc700                  Options.compression_opts.enabled: false
2020/01/24-20:07:48.383570 7fe328dfc700      Options.level0_file_num_compaction_trigger: 4
2020/01/24-20:07:48.383572 7fe328dfc700          Options.level0_slowdown_writes_trigger: 20
2020/01/24-20:07:48.383575 7fe328dfc700              Options.level0_stop_writes_trigger: 36
2020/01/24-20:07:48.383577 7fe328dfc700                   Options.target_file_size_base: 67108864
2020/01/24-20:07:48.383579 7fe328dfc700             Options.target_file_size_multiplier: 1
2020/01/24-20:07:48.383581 7fe328dfc700                Options.max_bytes_for_level_base: 536870912
2020/01/24-20:07:48.383583 7fe328dfc700 Options.level_compaction_dynamic_level_bytes: 1
2020/01/24-20:07:48.383585 7fe328dfc700          Options.max_bytes_for_level_multiplier: 8.000000
2020/01/24-20:07:48.383589 7fe328dfc700 Options.max_bytes_for_level_multiplier_addtl[0]: 1
2020/01/24-20:07:48.383591 7fe328dfc700 Options.max_bytes_for_level_multiplier_addtl[1]: 1
2020/01/24-20:07:48.383594 7fe328dfc700 Options.max_bytes_for_level_multiplier_addtl[2]: 1
2020/01/24-20:07:48.383596 7fe328dfc700 Options.max_bytes_for_level_multiplier_addtl[3]: 1
2020/01/24-20:07:48.383598 7fe328dfc700 Options.max_bytes_for_level_multiplier_addtl[4]: 1
2020/01/24-20:07:48.383600 7fe328dfc700 Options.max_bytes_for_level_multiplier_addtl[5]: 1
2020/01/24-20:07:48.383602 7fe328dfc700 Options.max_bytes_for_level_multiplier_addtl[6]: 1
2020/01/24-20:07:48.383604 7fe328dfc700       Options.max_sequential_skip_in_iterations: 8
2020/01/24-20:07:48.383606 7fe328dfc700                    Options.max_compaction_bytes: 1677721600
2020/01/24-20:07:48.383608 7fe328dfc700                        Options.arena_block_size: 16777216
2020/01/24-20:07:48.383611 7fe328dfc700   Options.soft_pending_compaction_bytes_limit: 68719476736
2020/01/24-20:07:48.383613 7fe328dfc700   Options.hard_pending_compaction_bytes_limit: 274877906944
2020/01/24-20:07:48.383615 7fe328dfc700       Options.rate_limit_delay_max_milliseconds: 100
2020/01/24-20:07:48.383617 7fe328dfc700                Options.disable_auto_compactions: 0
2020/01/24-20:07:48.383619 7fe328dfc700                      Options.allow_trivial_move: 0
2020/01/24-20:07:48.383621 7fe328dfc700                      Options.vlog_direct_IO: 0
2020/01/24-20:07:48.383623 7fe328dfc700               Options.compaction_score_limit_L0: 1000.000000
2020/01/24-20:07:48.383627 7fe328dfc700                     Options.min_indirect_val_size[0]: 24
2020/01/24-20:07:48.383630 7fe328dfc700       Options.fraction_remapped_during_compaction[0]: 20
2020/01/24-20:07:48.383632 7fe328dfc700 Options.fraction_remapped_during_active_recycling[0]: 15
2020/01/24-20:07:48.383647 7fe328dfc700    Options.fragmentation_active_recycling_trigger[0]: 25
2020/01/24-20:07:48.383651 7fe328dfc700     Options.fragmentation_active_recycling_klaxon[0]: 50
2020/01/24-20:07:48.383653 7fe328dfc700                Options.active_recycling_sst_minct[0]: 5
2020/01/24-20:07:48.383655 7fe328dfc700                Options.active_recycling_sst_maxct[0]: 15
2020/01/24-20:07:48.383657 7fe328dfc700       Options.active_recycling_vlogfile_freed_min[0]: 7
2020/01/24-20:07:48.383659 7fe328dfc700    Options.active_recycling_size_trigger[0]: 1073741824
2020/01/24-20:07:48.383662 7fe328dfc700                         Options.vlogfile_max_size[0]: 16777216
2020/01/24-20:07:48.383664 7fe328dfc700          Options.compaction_picker_age_importance[0]: 100
2020/01/24-20:07:48.383667 7fe328dfc700                    Options.ring_compression_style[0]: Zlib
2020/01/24-20:07:48.383670 7fe328dfc700                        Options.compaction_style: kCompactionStyleLevel
2020/01/24-20:07:48.383673 7fe328dfc700                          Options.compaction_pri: kMinOverlappingRatio
2020/01/24-20:07:48.383676 7fe328dfc700 Options.compaction_options_universal.size_ratio: 1
2020/01/24-20:07:48.383678 7fe328dfc700 Options.compaction_options_universal.min_merge_width: 2
2020/01/24-20:07:48.383680 7fe328dfc700 Options.compaction_options_universal.max_merge_width: 4294967295
2020/01/24-20:07:48.383682 7fe328dfc700 Options.compaction_options_universal.max_size_amplification_percent: 200
2020/01/24-20:07:48.383684 7fe328dfc700 Options.compaction_options_universal.compression_size_percent: -1
2020/01/24-20:07:48.383687 7fe328dfc700 Options.compaction_options_universal.stop_style: kCompactionStopStyleTotalSize
2020/01/24-20:07:48.383689 7fe328dfc700 Options.compaction_options_fifo.max_table_files_size: 1073741824
2020/01/24-20:07:48.383692 7fe328dfc700 Options.compaction_options_fifo.allow_compaction: 0
2020/01/24-20:07:48.383694 7fe328dfc700                   Options.table_properties_collectors: 
2020/01/24-20:07:48.383696 7fe328dfc700                   Options.inplace_update_support: 0
2020/01/24-20:07:48.383698 7fe328dfc700                 Options.inplace_update_num_locks: 10000
2020/01/24-20:07:48.383700 7fe328dfc700               Options.memtable_prefix_bloom_size_ratio: 0.000000
2020/01/24-20:07:48.383703 7fe328dfc700               Options.memtable_whole_key_filtering: 0
2020/01/24-20:07:48.383705 7fe328dfc700   Options.memtable_huge_page_size: 0
2020/01/24-20:07:48.383707 7fe328dfc700                           Options.bloom_locality: 0
2020/01/24-20:07:48.383710 7fe328dfc700                    Options.max_successive_merges: 0
2020/01/24-20:07:48.383712 7fe328dfc700                Options.optimize_filters_for_hits: 0
2020/01/24-20:07:48.383714 7fe328dfc700                Options.paranoid_file_checks: 0
2020/01/24-20:07:48.383716 7fe328dfc700                Options.force_consistency_checks: 0
2020/01/24-20:07:48.383718 7fe328dfc700                Options.report_bg_io_stats: 0
2020/01/24-20:07:48.383720 7fe328dfc700                               Options.ttl: 0
2020/01/24-20:07:48.750093 7fe328dfc700 [/version_set.cc:3959] Recovered from manifest file:/mnt/sdb/mbwu-rocksdb-data/MANIFEST-000004 succeeded,manifest_file_number is 4, next_file_number is 1185, last_sequence is 10400985, log_number is 1182,prev_log_number is 0,max_column_family is 1,min_log_number_to_keep is 0
2020/01/24-20:07:48.750113 7fe328dfc700 [/version_set.cc:3968] Column family [default] (ID 0), log number is 0
2020/01/24-20:07:48.750118 7fe328dfc700 [/version_set.cc:3968] Column family [usertable] (ID 1), log number is 1182
2020/01/24-20:07:48.754819 7fe328dfc700 EVENT_LOG_v1 {"time_micros": 1579925268754791, "job": 1, "event": "recovery_started", "log_files": [1182, 1184]}
2020/01/24-20:07:48.754838 7fe328dfc700 [/db_impl_open.cc:583] Recovering log #1182 mode 2
2020/01/24-20:07:49.121402 7fe328dfc700 [/db_impl_open.cc:583] Recovering log #1184 mode 2
2020/01/24-20:07:49.595995 7fe328dfc700 EVENT_LOG_v1 {"time_micros": 1579925269595965, "cf_name": "usertable", "job": 1, "event": "table_file_creation", "file_number": 1185, "file_size": 129895178, "table_properties": {"data_size": 129317909, "index_size": 576523, "filter_size": 0, "raw_key_size": 752760, "raw_average_key_size": 24, "raw_value_size": 128471040, "raw_average_value_size": 4096, "num_data_blocks": 15683, "num_entries": 31365, "filter_policy_name": ""}}
2020/01/24-20:07:49.842552 7fe328dfc700 [/version_set.cc:3196] Creating manifest 1186
2020/01/24-20:07:50.224405 7fe328dfc700 EVENT_LOG_v1 {"time_micros": 1579925270224375, "cf_name": "usertable", "job": 1, "event": "table_file_creation", "file_number": 1187, "file_size": 80182073, "table_properties": {"data_size": 79823431, "index_size": 357896, "filter_size": 0, "raw_key_size": 464640, "raw_average_key_size": 24, "raw_value_size": 79298560, "raw_average_value_size": 4096, "num_data_blocks": 9680, "num_entries": 19360, "filter_policy_name": ""}}
2020/01/24-20:07:50.253567 7fe328dfc700 EVENT_LOG_v1 {"time_micros": 1579925270253560, "job": 1, "event": "recovery_finished"}
2020/01/24-20:07:50.346283 7fe328dfc700 DB pointer 0x7fe30c0a0c40
2020/01/24-20:07:50.347442 7fe21cff1700 [/db_impl.cc:777] ------- DUMPING STATS -------
2020/01/24-20:07:50.347635 7fe21cff1700 [/db_impl.cc:778] 
** DB Stats **
Uptime(secs): 2.0 total, 2.0 interval
Cumulative writes: 0 writes, 0 keys, 0 commit groups, 0.0 writes per commit group, ingest: 0.00 GB, 0.00 MB/s
Cumulative WAL: 0 writes, 0 syncs, 0.00 writes per sync, written: 0.00 GB, 0.00 MB/s
Cumulative stall: 00:00:0.000 H:M:S, 0.0 percent
Interval writes: 0 writes, 0 keys, 0 commit groups, 0.0 writes per commit group, ingest: 0.00 MB, 0.00 MB/s
Interval WAL: 0 writes, 0 syncs, 0.00 writes per sync, written: 0.00 MB, 0.00 MB/s
Interval stall: 00:00:0.000 H:M:S, 0.0 percent

** Compaction Stats [default] **
Level    Files   Size     Score Read(GB)  Rn(GB) Rnp1(GB) Write(GB) Wnew(GB) Moved(GB) W-Amp Rd(MB/s) Wr(MB/s) Comp(sec) CompMergeCPU(sec) Comp(cnt) Avg(sec) KeyIn KeyDropWVCmp(GB) WVRaw(GB) WVRemap(GB) WVFiles
-------------------------------------------------------------------------------------------------------------------------------------------------------------------------------------------------------------------
 Sum      0/0    0.00 KB   0.0      0.0     0.0      0.0       0.0      0.0       0.0   0.0      0.0      0.0      0.00              0.00         0    0.000       0      0      0.0      0.0        0.0       0
 Int      0/0    0.00 KB   0.0      0.0     0.0      0.0       0.0      0.0       0.0   0.0      0.0      0.0      0.00              0.00         0    0.000       0      0      0.0      0.0        0.0       0

** Compaction Stats [default] **
Priority    Files   Size     Score Read(GB)  Rn(GB) Rnp1(GB) Write(GB) Wnew(GB) Moved(GB) W-Amp Rd(MB/s) Wr(MB/s) Comp(sec) CompMergeCPU(sec) Comp(cnt) Avg(sec) KeyIn KeyDropWVCmp(GB) WVRaw(GB) WVRemap(GB) WVFiles
----------------------------------------------------------------------------------------------------------------------------------------------------------------------------------------------------------------------
Uptime(secs): 2.0 total, 2.0 interval
Flush(GB): cumulative 0.000, interval 0.000
AddFile(GB): cumulative 0.000, interval 0.000
AddFile(Total Files): cumulative 0, interval 0
AddFile(L0 Files): cumulative 0, interval 0
AddFile(Keys): cumulative 0, interval 0
Cumulative compaction: 0.00 GB write, 0.00 MB/s write, 0.00 GB read, 0.00 MB/s read, 0.0 seconds
Interval compaction: 0.00 GB write, 0.00 MB/s write, 0.00 GB read, 0.00 MB/s read, 0.0 seconds
Stalls(count): 0 level0_slowdown, 0 level0_slowdown_with_compaction, 0 level0_numfiles, 0 level0_numfiles_with_compaction, 0 stop for pending_compaction_bytes, 0 slowdown for pending_compaction_bytes, 0 memtable_compaction, 0 memtable_slowdown, interval 0 total count

** Compaction Ring Stats [default] **
Ring  Files   Size  Frag(%)
----------------------------
 Sum        0  0.00 KB  -nan 
VLog Read Latency over 0 reads with average length 0:   0.000 usec
VLog Decompress Latency over 0 reads with average length 0:   0.000 usec

** File Read Latency Histogram By Level [default] **

** Compaction Stats [usertable] **
Level    Files   Size     Score Read(GB)  Rn(GB) Rnp1(GB) Write(GB) Wnew(GB) Moved(GB) W-Amp Rd(MB/s) Wr(MB/s) Comp(sec) CompMergeCPU(sec) Comp(cnt) Avg(sec) KeyIn KeyDropWVCmp(GB) WVRaw(GB) WVRemap(GB) WVFiles
-------------------------------------------------------------------------------------------------------------------------------------------------------------------------------------------------------------------
  L0      4/4   686.21 MB   0.0      0.0     0.0      0.0       0.2      0.2       0.0   1.0      0.0    253.9      0.79              0.00         2    0.394       0      0      0.0      0.0        0.0       0
  L3      2/0   485.70 MB   0.7      0.0     0.0      0.0       0.0      0.0       0.0   0.0      0.0      0.0      0.00              0.00         0    0.000       0      0      0.0      0.0        0.0       0
  L4     43/0    4.31 GB   0.9      0.0     0.0      0.0       0.0      0.0       0.0   0.0      0.0      0.0      0.00              0.00         0    0.000       0      0      0.0      0.0        0.0       0
  L5    569/0   34.73 GB   0.0      0.0     0.0      0.0       0.0      0.0       0.0   0.0      0.0      0.0      0.00              0.00         0    0.000       0      0      0.0      0.0        0.0       0
 Sum    618/4   40.19 GB   0.0      0.0     0.0      0.0       0.2      0.2       0.0   1.0      0.0    253.9      0.79              0.00         2    0.394       0      0      0.0      0.0        0.0       0
 Int      0/0    0.00 KB   0.0      0.0     0.0      0.0       0.2      0.2       0.0   1.0      0.0    253.9      0.79              0.00         2    0.394       0      0      0.0      0.0        0.0       0

** Compaction Stats [usertable] **
Priority    Files   Size     Score Read(GB)  Rn(GB) Rnp1(GB) Write(GB) Wnew(GB) Moved(GB) W-Amp Rd(MB/s) Wr(MB/s) Comp(sec) CompMergeCPU(sec) Comp(cnt) Avg(sec) KeyIn KeyDropWVCmp(GB) WVRaw(GB) WVRemap(GB) WVFiles
----------------------------------------------------------------------------------------------------------------------------------------------------------------------------------------------------------------------
User      0/0    0.00 KB   0.0      0.0     0.0      0.0       0.2      0.2       0.0   0.0      0.0    253.9      0.79              0.00         2    0.394       0      0      0.0      0.0        0.0       0
Uptime(secs): 2.0 total, 2.0 interval
Flush(GB): cumulative 0.196, interval 0.196
AddFile(GB): cumulative 0.000, interval 0.000
AddFile(Total Files): cumulative 0, interval 0
AddFile(L0 Files): cumulative 0, interval 0
AddFile(Keys): cumulative 0, interval 0
Cumulative compaction: 0.20 GB write, 102.03 MB/s write, 0.00 GB read, 0.00 MB/s read, 0.8 seconds
Interval compaction: 0.20 GB write, 102.03 MB/s write, 0.00 GB read, 0.00 MB/s read, 0.8 seconds
Stalls(count): 0 level0_slowdown, 0 level0_slowdown_with_compaction, 0 level0_numfiles, 0 level0_numfiles_with_compaction, 0 stop for pending_compaction_bytes, 0 slowdown for pending_compaction_bytes, 0 memtable_compaction, 0 memtable_slowdown, interval 0 total count

** Compaction Ring Stats [usertable] **
Ring  Files   Size  Frag(%)
----------------------------
 Sum        0  0.00 KB  -nan 
VLog Read Latency over 0 reads with average length 0:   0.000 usec
VLog Decompress Latency over 0 reads with average length 0:   0.000 usec

** File Read Latency Histogram By Level [usertable] **

** Compaction Stats [default] **
Level    Files   Size     Score Read(GB)  Rn(GB) Rnp1(GB) Write(GB) Wnew(GB) Moved(GB) W-Amp Rd(MB/s) Wr(MB/s) Comp(sec) CompMergeCPU(sec) Comp(cnt) Avg(sec) KeyIn KeyDropWVCmp(GB) WVRaw(GB) WVRemap(GB) WVFiles
-------------------------------------------------------------------------------------------------------------------------------------------------------------------------------------------------------------------
 Sum      0/0    0.00 KB   0.0      0.0     0.0      0.0       0.0      0.0       0.0   0.0      0.0      0.0      0.00              0.00         0    0.000       0      0      0.0      0.0        0.0       0
 Int      0/0    0.00 KB   0.0      0.0     0.0      0.0       0.0      0.0       0.0   0.0      0.0      0.0      0.00              0.00         0    0.000       0      0      0.0      0.0        0.0       0

** Compaction Stats [default] **
Priority    Files   Size     Score Read(GB)  Rn(GB) Rnp1(GB) Write(GB) Wnew(GB) Moved(GB) W-Amp Rd(MB/s) Wr(MB/s) Comp(sec) CompMergeCPU(sec) Comp(cnt) Avg(sec) KeyIn KeyDropWVCmp(GB) WVRaw(GB) WVRemap(GB) WVFiles
----------------------------------------------------------------------------------------------------------------------------------------------------------------------------------------------------------------------
Uptime(secs): 2.0 total, 0.0 interval
Flush(GB): cumulative 0.000, interval 0.000
AddFile(GB): cumulative 0.000, interval 0.000
AddFile(Total Files): cumulative 0, interval 0
AddFile(L0 Files): cumulative 0, interval 0
AddFile(Keys): cumulative 0, interval 0
Cumulative compaction: 0.00 GB write, 0.00 MB/s write, 0.00 GB read, 0.00 MB/s read, 0.0 seconds
Interval compaction: 0.00 GB write, 0.00 MB/s write, 0.00 GB read, 0.00 MB/s read, 0.0 seconds
Stalls(count): 0 level0_slowdown, 0 level0_slowdown_with_compaction, 0 level0_numfiles, 0 level0_numfiles_with_compaction, 0 stop for pending_compaction_bytes, 0 slowdown for pending_compaction_bytes, 0 memtable_compaction, 0 memtable_slowdown, interval 0 total count

** Compaction Ring Stats [default] **
Ring  Files   Size  Frag(%)
----------------------------
 Sum        0  0.00 KB  -nan 
VLog Read Latency over 0 reads with average length 0:   0.000 usec
VLog Decompress Latency over 0 reads with average length 0:   0.000 usec

** File Read Latency Histogram By Level [default] **

** Compaction Stats [usertable] **
Level    Files   Size     Score Read(GB)  Rn(GB) Rnp1(GB) Write(GB) Wnew(GB) Moved(GB) W-Amp Rd(MB/s) Wr(MB/s) Comp(sec) CompMergeCPU(sec) Comp(cnt) Avg(sec) KeyIn KeyDropWVCmp(GB) WVRaw(GB) WVRemap(GB) WVFiles
-------------------------------------------------------------------------------------------------------------------------------------------------------------------------------------------------------------------
  L0      4/4   686.21 MB   0.0      0.0     0.0      0.0       0.2      0.2       0.0   1.0      0.0    253.9      0.79              0.00         2    0.394       0      0      0.0      0.0        0.0       0
  L3      2/0   485.70 MB   0.7      0.0     0.0      0.0       0.0      0.0       0.0   0.0      0.0      0.0      0.00              0.00         0    0.000       0      0      0.0      0.0        0.0       0
  L4     43/0    4.31 GB   0.9      0.0     0.0      0.0       0.0      0.0       0.0   0.0      0.0      0.0      0.00              0.00         0    0.000       0      0      0.0      0.0        0.0       0
