2020/01/22-16:59:01.407075 7feec10e5700 RocksDB version: 6.1.2
2020/01/22-16:59:01.407200 7feec10e5700 Git sha rocksdb_build_git_sha:4f1920556570c04d306d3ff0aa9a33db259bb8f0
2020/01/22-16:59:01.407208 7feec10e5700 Compile date Jan  7 2020
2020/01/22-16:59:01.407217 7feec10e5700 DB SUMMARY
2020/01/22-16:59:01.407295 7feec10e5700 SST files in /mnt/sdb/mbwu-rocksdb-data dir, Total Num: 0, files: 
2020/01/22-16:59:01.407302 7feec10e5700 Write Ahead Log file in /mnt/sdb/mbwu-rocksdb-data: 
2020/01/22-16:59:01.407308 7feec10e5700                         Options.error_if_exists: 0
2020/01/22-16:59:01.407312 7feec10e5700                       Options.create_if_missing: 1
2020/01/22-16:59:01.407314 7feec10e5700                         Options.paranoid_checks: 1
2020/01/22-16:59:01.407316 7feec10e5700                                     Options.env: 0x7feec0dcbba0
2020/01/22-16:59:01.407319 7feec10e5700                                Options.info_log: 0x7fee08092d60
2020/01/22-16:59:01.407321 7feec10e5700                Options.max_file_opening_threads: 16
2020/01/22-16:59:01.407323 7feec10e5700                              Options.statistics: (nil)
2020/01/22-16:59:01.407325 7feec10e5700                               Options.use_fsync: 0
2020/01/22-16:59:01.407328 7feec10e5700                       Options.max_log_file_size: 0
2020/01/22-16:59:01.407330 7feec10e5700                  Options.max_manifest_file_size: 1073741824
2020/01/22-16:59:01.407332 7feec10e5700                   Options.log_file_time_to_roll: 0
2020/01/22-16:59:01.407335 7feec10e5700                       Options.keep_log_file_num: 1000
2020/01/22-16:59:01.407337 7feec10e5700                    Options.recycle_log_file_num: 0
2020/01/22-16:59:01.407339 7feec10e5700                         Options.allow_fallocate: 1
2020/01/22-16:59:01.407341 7feec10e5700                        Options.allow_mmap_reads: 0
2020/01/22-16:59:01.407343 7feec10e5700                       Options.allow_mmap_writes: 0
2020/01/22-16:59:01.407346 7feec10e5700                        Options.use_direct_reads: 0
2020/01/22-16:59:01.407347 7feec10e5700                        Options.use_direct_io_for_flush_and_compaction: 0
2020/01/22-16:59:01.407350 7feec10e5700          Options.create_missing_column_families: 1
2020/01/22-16:59:01.407352 7feec10e5700                              Options.db_log_dir: 
2020/01/22-16:59:01.407354 7feec10e5700                                 Options.wal_dir: /mnt/sdb/mbwu-rocksdb-data
2020/01/22-16:59:01.407356 7feec10e5700                Options.table_cache_numshardbits: 6
2020/01/22-16:59:01.407358 7feec10e5700                      Options.max_subcompactions: 1
2020/01/22-16:59:01.407360 7feec10e5700                  Options.max_background_flushes: 24
2020/01/22-16:59:01.407362 7feec10e5700                         Options.WAL_ttl_seconds: 0
2020/01/22-16:59:01.407365 7feec10e5700                       Options.WAL_size_limit_MB: 0
2020/01/22-16:59:01.407367 7feec10e5700             Options.manifest_preallocation_size: 4194304
2020/01/22-16:59:01.407369 7feec10e5700                     Options.is_fd_close_on_exec: 1
2020/01/22-16:59:01.407371 7feec10e5700                   Options.advise_random_on_open: 1
2020/01/22-16:59:01.407374 7feec10e5700                    Options.db_write_buffer_size: 0
2020/01/22-16:59:01.407376 7feec10e5700                    Options.write_buffer_manager: 0x7fee08092bc0
2020/01/22-16:59:01.407378 7feec10e5700         Options.access_hint_on_compaction_start: 1
2020/01/22-16:59:01.407380 7feec10e5700  Options.new_table_reader_for_compaction_inputs: 0
2020/01/22-16:59:01.407382 7feec10e5700           Options.random_access_max_buffer_size: 1048576
2020/01/22-16:59:01.407384 7feec10e5700                      Options.use_adaptive_mutex: 0
2020/01/22-16:59:01.407386 7feec10e5700                            Options.rate_limiter: (nil)
2020/01/22-16:59:01.407391 7feec10e5700     Options.sst_file_manager.rate_bytes_per_sec: 0
2020/01/22-16:59:01.407393 7feec10e5700                       Options.wal_recovery_mode: 2
2020/01/22-16:59:01.407395 7feec10e5700                  Options.enable_thread_tracking: 0
2020/01/22-16:59:01.407397 7feec10e5700                  Options.enable_pipelined_write: 0
2020/01/22-16:59:01.407422 7feec10e5700         Options.allow_concurrent_memtable_write: 1
2020/01/22-16:59:01.407426 7feec10e5700      Options.enable_write_thread_adaptive_yield: 1
2020/01/22-16:59:01.407428 7feec10e5700             Options.write_thread_max_yield_usec: 100
2020/01/22-16:59:01.407430 7feec10e5700            Options.write_thread_slow_yield_usec: 3
2020/01/22-16:59:01.407432 7feec10e5700                               Options.row_cache: None
2020/01/22-16:59:01.407434 7feec10e5700                              Options.wal_filter: None
2020/01/22-16:59:01.407436 7feec10e5700             Options.avoid_flush_during_recovery: 0
2020/01/22-16:59:01.407438 7feec10e5700             Options.allow_ingest_behind: 0
2020/01/22-16:59:01.407441 7feec10e5700             Options.preserve_deletes: 0
2020/01/22-16:59:01.407443 7feec10e5700             Options.two_write_queues: 0
2020/01/22-16:59:01.407445 7feec10e5700             Options.manual_wal_flush: 0
2020/01/22-16:59:01.407447 7feec10e5700             Options.atomic_flush: 0
2020/01/22-16:59:01.407449 7feec10e5700             Options.avoid_unnecessary_blocking_io: 0
2020/01/22-16:59:01.407453 7feec10e5700             Options.max_background_jobs: 24
2020/01/22-16:59:01.407456 7feec10e5700             Options.max_background_compactions: 24
2020/01/22-16:59:01.407458 7feec10e5700             Options.avoid_flush_during_shutdown: 0
2020/01/22-16:59:01.407460 7feec10e5700           Options.writable_file_max_buffer_size: 1048576
2020/01/22-16:59:01.407462 7feec10e5700             Options.delayed_write_rate : 16777216
2020/01/22-16:59:01.407464 7feec10e5700             Options.max_total_wal_size: 0
2020/01/22-16:59:01.407467 7feec10e5700             Options.delete_obsolete_files_period_micros: 21600000000
2020/01/22-16:59:01.407469 7feec10e5700                   Options.stats_dump_period_sec: 600
2020/01/22-16:59:01.407471 7feec10e5700                 Options.stats_persist_period_sec: 600
2020/01/22-16:59:01.407473 7feec10e5700                 Options.stats_history_buffer_size: 1048576
2020/01/22-16:59:01.407475 7feec10e5700                          Options.max_open_files: -1
2020/01/22-16:59:01.407478 7feec10e5700                          Options.bytes_per_sync: 1048576
2020/01/22-16:59:01.407480 7feec10e5700                      Options.wal_bytes_per_sync: 0
2020/01/22-16:59:01.407482 7feec10e5700       Options.compaction_readahead_size: 0
2020/01/22-16:59:01.407484 7feec10e5700 Compression algorithms supported:
2020/01/22-16:59:01.407487 7feec10e5700 	kZSTDNotFinalCompression supported: 1
2020/01/22-16:59:01.407502 7feec10e5700 	kZSTD supported: 1
2020/01/22-16:59:01.407505 7feec10e5700 	kXpressCompression supported: 0
2020/01/22-16:59:01.407508 7feec10e5700 	kLZ4HCCompression supported: 1
2020/01/22-16:59:01.407510 7feec10e5700 	kLZ4Compression supported: 1
2020/01/22-16:59:01.407513 7feec10e5700 	kBZip2Compression supported: 1
2020/01/22-16:59:01.407515 7feec10e5700 	kZlibCompression supported: 1
2020/01/22-16:59:01.407517 7feec10e5700 	kSnappyCompression supported: 1
2020/01/22-16:59:01.407525 7feec10e5700 Fast CRC32 supported: Supported on x86
2020/01/22-16:59:01.407706 7feec10e5700 [/db_impl_open.cc:228] Creating manifest 1 
2020/01/22-16:59:01.511147 7feec10e5700 [/version_set.cc:3742] Recovering from manifest file: /mnt/sdb/mbwu-rocksdb-data/MANIFEST-000001
2020/01/22-16:59:01.511299 7feec10e5700 [/column_family.cc:698] --------------- Options for column family [default]:
2020/01/22-16:59:01.511305 7feec10e5700               Options.comparator: leveldb.BytewiseComparator
2020/01/22-16:59:01.511307 7feec10e5700           Options.merge_operator: None
2020/01/22-16:59:01.511308 7feec10e5700        Options.compaction_filter: None
2020/01/22-16:59:01.511309 7feec10e5700        Options.compaction_filter_factory: None
2020/01/22-16:59:01.511310 7feec10e5700         Options.memtable_factory: SkipListFactory
2020/01/22-16:59:01.511311 7feec10e5700            Options.table_factory: BlockBasedTable
2020/01/22-16:59:01.511358 7feec10e5700            table_factory options:   flush_block_policy_factory: FlushBlockBySizePolicyFactory (0x7fee0809b7c0)
  cache_index_and_filter_blocks: 0
  cache_index_and_filter_blocks_with_high_priority: 0
  pin_l0_filter_and_index_blocks_in_cache: 0
  pin_top_level_index_and_filter: 1
  index_type: 0
  data_block_index_type: 0
  data_block_hash_table_util_ratio: 0.750000
  hash_index_allow_collision: 1
  checksum: 1
  no_block_cache: 0
  block_cache: 0x7fee08099ec0
  block_cache_name: LRUCache
  block_cache_options:
    capacity : 8388608
    num_shard_bits : 4
    strict_capacity_limit : 0
    memory_allocator : None
    high_pri_pool_ratio: 0.000
  block_cache_compressed: (nil)
  persistent_cache: (nil)
  block_size: 8192
  block_size_deviation: 10
  block_restart_interval: 16
  index_block_restart_interval: 1
  metadata_block_size: 4096
  partition_filters: 0
  use_delta_encoding: 1
  filter_policy: nullptr
  whole_key_filtering: 1
  verify_compression: 0
  read_amp_bytes_per_bit: 0
  format_version: 2
  enable_index_compression: 1
  block_align: 0
2020/01/22-16:59:01.511360 7feec10e5700        Options.write_buffer_size: 134217728
2020/01/22-16:59:01.511362 7feec10e5700  Options.max_write_buffer_number: 8
2020/01/22-16:59:01.511364 7feec10e5700        Options.compression[0]: NoCompression
2020/01/22-16:59:01.511365 7feec10e5700        Options.compression[1]: NoCompression
2020/01/22-16:59:01.511366 7feec10e5700        Options.compression[2]: Snappy
2020/01/22-16:59:01.511367 7feec10e5700        Options.compression[3]: Snappy
2020/01/22-16:59:01.511368 7feec10e5700        Options.compression[4]: Snappy
2020/01/22-16:59:01.511369 7feec10e5700        Options.compression[5]: Snappy
2020/01/22-16:59:01.511370 7feec10e5700        Options.compression[6]: Snappy
2020/01/22-16:59:01.511371 7feec10e5700                  Options.bottommost_compression: Disabled
2020/01/22-16:59:01.511372 7feec10e5700       Options.prefix_extractor: nullptr
2020/01/22-16:59:01.511373 7feec10e5700   Options.memtable_insert_with_hint_prefix_extractor: nullptr
2020/01/22-16:59:01.511374 7feec10e5700             Options.num_levels: 6
2020/01/22-16:59:01.511376 7feec10e5700        Options.min_write_buffer_number_to_merge: 2
2020/01/22-16:59:01.511377 7feec10e5700     Options.max_write_buffer_number_to_maintain: 0
2020/01/22-16:59:01.511378 7feec10e5700            Options.bottommost_compression_opts.window_bits: -14
2020/01/22-16:59:01.511379 7feec10e5700                  Options.bottommost_compression_opts.level: 32767
2020/01/22-16:59:01.511380 7feec10e5700               Options.bottommost_compression_opts.strategy: 0
2020/01/22-16:59:01.511381 7feec10e5700         Options.bottommost_compression_opts.max_dict_bytes: 0
2020/01/22-16:59:01.511382 7feec10e5700         Options.bottommost_compression_opts.zstd_max_train_bytes: 0
2020/01/22-16:59:01.511383 7feec10e5700                  Options.bottommost_compression_opts.enabled: false
2020/01/22-16:59:01.511385 7feec10e5700            Options.compression_opts.window_bits: -14
2020/01/22-16:59:01.511386 7feec10e5700                  Options.compression_opts.level: 32767
2020/01/22-16:59:01.511387 7feec10e5700               Options.compression_opts.strategy: 0
2020/01/22-16:59:01.511388 7feec10e5700         Options.compression_opts.max_dict_bytes: 0
2020/01/22-16:59:01.511388 7feec10e5700         Options.compression_opts.zstd_max_train_bytes: 0
2020/01/22-16:59:01.511389 7feec10e5700                  Options.compression_opts.enabled: false
2020/01/22-16:59:01.511390 7feec10e5700      Options.level0_file_num_compaction_trigger: 4
2020/01/22-16:59:01.511391 7feec10e5700          Options.level0_slowdown_writes_trigger: 20
2020/01/22-16:59:01.511392 7feec10e5700              Options.level0_stop_writes_trigger: 36
2020/01/22-16:59:01.511393 7feec10e5700                   Options.target_file_size_base: 67108864
2020/01/22-16:59:01.511394 7feec10e5700             Options.target_file_size_multiplier: 1
2020/01/22-16:59:01.511395 7feec10e5700                Options.max_bytes_for_level_base: 536870912
2020/01/22-16:59:01.511405 7feec10e5700 Options.level_compaction_dynamic_level_bytes: 1
2020/01/22-16:59:01.511406 7feec10e5700          Options.max_bytes_for_level_multiplier: 8.000000
2020/01/22-16:59:01.511409 7feec10e5700 Options.max_bytes_for_level_multiplier_addtl[0]: 1
2020/01/22-16:59:01.511410 7feec10e5700 Options.max_bytes_for_level_multiplier_addtl[1]: 1
2020/01/22-16:59:01.511411 7feec10e5700 Options.max_bytes_for_level_multiplier_addtl[2]: 1
2020/01/22-16:59:01.511412 7feec10e5700 Options.max_bytes_for_level_multiplier_addtl[3]: 1
2020/01/22-16:59:01.511413 7feec10e5700 Options.max_bytes_for_level_multiplier_addtl[4]: 1
2020/01/22-16:59:01.511414 7feec10e5700 Options.max_bytes_for_level_multiplier_addtl[5]: 1
2020/01/22-16:59:01.511415 7feec10e5700 Options.max_bytes_for_level_multiplier_addtl[6]: 1
2020/01/22-16:59:01.511416 7feec10e5700       Options.max_sequential_skip_in_iterations: 8
2020/01/22-16:59:01.511417 7feec10e5700                    Options.max_compaction_bytes: 1677721600
2020/01/22-16:59:01.511418 7feec10e5700                        Options.arena_block_size: 16777216
2020/01/22-16:59:01.511419 7feec10e5700   Options.soft_pending_compaction_bytes_limit: 68719476736
2020/01/22-16:59:01.511420 7feec10e5700   Options.hard_pending_compaction_bytes_limit: 274877906944
2020/01/22-16:59:01.511421 7feec10e5700       Options.rate_limit_delay_max_milliseconds: 100
2020/01/22-16:59:01.511422 7feec10e5700                Options.disable_auto_compactions: 0
2020/01/22-16:59:01.511423 7feec10e5700                      Options.allow_trivial_move: 0
2020/01/22-16:59:01.511424 7feec10e5700                      Options.vlog_direct_IO: 0
2020/01/22-16:59:01.511425 7feec10e5700               Options.compaction_score_limit_L0: 1000.000000
2020/01/22-16:59:01.511427 7feec10e5700                     Options.min_indirect_val_size[0]: 24
2020/01/22-16:59:01.511429 7feec10e5700       Options.fraction_remapped_during_compaction[0]: 20
2020/01/22-16:59:01.511430 7feec10e5700 Options.fraction_remapped_during_active_recycling[0]: 15
2020/01/22-16:59:01.511431 7feec10e5700    Options.fragmentation_active_recycling_trigger[0]: 25
2020/01/22-16:59:01.511432 7feec10e5700     Options.fragmentation_active_recycling_klaxon[0]: 50
2020/01/22-16:59:01.511433 7feec10e5700                Options.active_recycling_sst_minct[0]: 5
2020/01/22-16:59:01.511434 7feec10e5700                Options.active_recycling_sst_maxct[0]: 15
2020/01/22-16:59:01.511435 7feec10e5700       Options.active_recycling_vlogfile_freed_min[0]: 7
2020/01/22-16:59:01.511436 7feec10e5700    Options.active_recycling_size_trigger[0]: 1073741824
2020/01/22-16:59:01.511437 7feec10e5700                         Options.vlogfile_max_size[0]: 16777216
2020/01/22-16:59:01.511438 7feec10e5700          Options.compaction_picker_age_importance[0]: 100
2020/01/22-16:59:01.511440 7feec10e5700                    Options.ring_compression_style[0]: Zlib
2020/01/22-16:59:01.511442 7feec10e5700                        Options.compaction_style: kCompactionStyleLevel
2020/01/22-16:59:01.511443 7feec10e5700                          Options.compaction_pri: kMinOverlappingRatio
2020/01/22-16:59:01.511444 7feec10e5700 Options.compaction_options_universal.size_ratio: 1
2020/01/22-16:59:01.511445 7feec10e5700 Options.compaction_options_universal.min_merge_width: 2
2020/01/22-16:59:01.511446 7feec10e5700 Options.compaction_options_universal.max_merge_width: 4294967295
2020/01/22-16:59:01.511447 7feec10e5700 Options.compaction_options_universal.max_size_amplification_percent: 200
2020/01/22-16:59:01.511448 7feec10e5700 Options.compaction_options_universal.compression_size_percent: -1
2020/01/22-16:59:01.511450 7feec10e5700 Options.compaction_options_universal.stop_style: kCompactionStopStyleTotalSize
2020/01/22-16:59:01.511451 7feec10e5700 Options.compaction_options_fifo.max_table_files_size: 1073741824
2020/01/22-16:59:01.511452 7feec10e5700 Options.compaction_options_fifo.allow_compaction: 0
2020/01/22-16:59:01.511453 7feec10e5700                   Options.table_properties_collectors: 
2020/01/22-16:59:01.511461 7feec10e5700                   Options.inplace_update_support: 0
2020/01/22-16:59:01.511462 7feec10e5700                 Options.inplace_update_num_locks: 10000
2020/01/22-16:59:01.511463 7feec10e5700               Options.memtable_prefix_bloom_size_ratio: 0.000000
2020/01/22-16:59:01.511465 7feec10e5700               Options.memtable_whole_key_filtering: 0
2020/01/22-16:59:01.511466 7feec10e5700   Options.memtable_huge_page_size: 0
2020/01/22-16:59:01.511467 7feec10e5700                           Options.bloom_locality: 0
2020/01/22-16:59:01.511468 7feec10e5700                    Options.max_successive_merges: 0
2020/01/22-16:59:01.511469 7feec10e5700                Options.optimize_filters_for_hits: 0
2020/01/22-16:59:01.511470 7feec10e5700                Options.paranoid_file_checks: 0
2020/01/22-16:59:01.511471 7feec10e5700                Options.force_consistency_checks: 0
2020/01/22-16:59:01.511472 7feec10e5700                Options.report_bg_io_stats: 0
2020/01/22-16:59:01.511473 7feec10e5700                               Options.ttl: 0
2020/01/22-16:59:01.512552 7feec10e5700 [/version_set.cc:3959] Recovered from manifest file:/mnt/sdb/mbwu-rocksdb-data/MANIFEST-000001 succeeded,manifest_file_number is 1, next_file_number is 3, last_sequence is 0, log_number is 0,prev_log_number is 0,max_column_family is 0,min_log_number_to_keep is 0
2020/01/22-16:59:01.512558 7feec10e5700 [/version_set.cc:3968] Column family [default] (ID 0), log number is 0
2020/01/22-16:59:01.512785 7feec10e5700 [/version_set.cc:3196] Creating manifest 4
2020/01/22-16:59:01.586682 7feec10e5700 [/column_family.cc:698] --------------- Options for column family [usertable]:
2020/01/22-16:59:01.586692 7feec10e5700               Options.comparator: leveldb.BytewiseComparator
2020/01/22-16:59:01.586695 7feec10e5700           Options.merge_operator: None
2020/01/22-16:59:01.586697 7feec10e5700        Options.compaction_filter: None
2020/01/22-16:59:01.586699 7feec10e5700        Options.compaction_filter_factory: None
2020/01/22-16:59:01.586702 7feec10e5700         Options.memtable_factory: SkipListFactory
2020/01/22-16:59:01.586704 7feec10e5700            Options.table_factory: BlockBasedTable
2020/01/22-16:59:01.586747 7feec10e5700            table_factory options:   flush_block_policy_factory: FlushBlockBySizePolicyFactory (0x7fee080a0120)
  cache_index_and_filter_blocks: 0
  cache_index_and_filter_blocks_with_high_priority: 0
  pin_l0_filter_and_index_blocks_in_cache: 0
  pin_top_level_index_and_filter: 1
  index_type: 0
  data_block_index_type: 0
  data_block_hash_table_util_ratio: 0.750000
  hash_index_allow_collision: 1
  checksum: 1
  no_block_cache: 0
  block_cache: 0x7fee080a1d60
  block_cache_name: LRUCache
  block_cache_options:
    capacity : 8388608
    num_shard_bits : 4
    strict_capacity_limit : 0
    memory_allocator : None
    high_pri_pool_ratio: 0.000
  block_cache_compressed: (nil)
  persistent_cache: (nil)
  block_size: 8192
  block_size_deviation: 10
  block_restart_interval: 16
  index_block_restart_interval: 1
  metadata_block_size: 4096
  partition_filters: 0
  use_delta_encoding: 1
  filter_policy: nullptr
  whole_key_filtering: 1
  verify_compression: 0
  read_amp_bytes_per_bit: 0
  format_version: 2
  enable_index_compression: 1
  block_align: 0
2020/01/22-16:59:01.586752 7feec10e5700        Options.write_buffer_size: 134217728
2020/01/22-16:59:01.586755 7feec10e5700  Options.max_write_buffer_number: 8
2020/01/22-16:59:01.586757 7feec10e5700        Options.compression[0]: NoCompression
2020/01/22-16:59:01.586760 7feec10e5700        Options.compression[1]: NoCompression
2020/01/22-16:59:01.586763 7feec10e5700        Options.compression[2]: Snappy
2020/01/22-16:59:01.586765 7feec10e5700        Options.compression[3]: Snappy
2020/01/22-16:59:01.586767 7feec10e5700        Options.compression[4]: Snappy
2020/01/22-16:59:01.586769 7feec10e5700        Options.compression[5]: Snappy
2020/01/22-16:59:01.586771 7feec10e5700        Options.compression[6]: Snappy
2020/01/22-16:59:01.586774 7feec10e5700                  Options.bottommost_compression: Disabled
2020/01/22-16:59:01.586776 7feec10e5700       Options.prefix_extractor: nullptr
2020/01/22-16:59:01.586778 7feec10e5700   Options.memtable_insert_with_hint_prefix_extractor: nullptr
2020/01/22-16:59:01.586780 7feec10e5700             Options.num_levels: 6
2020/01/22-16:59:01.586783 7feec10e5700        Options.min_write_buffer_number_to_merge: 2
2020/01/22-16:59:01.586785 7feec10e5700     Options.max_write_buffer_number_to_maintain: 0
2020/01/22-16:59:01.586787 7feec10e5700            Options.bottommost_compression_opts.window_bits: -14
2020/01/22-16:59:01.586789 7feec10e5700                  Options.bottommost_compression_opts.level: 32767
2020/01/22-16:59:01.586792 7feec10e5700               Options.bottommost_compression_opts.strategy: 0
2020/01/22-16:59:01.586794 7feec10e5700         Options.bottommost_compression_opts.max_dict_bytes: 0
2020/01/22-16:59:01.586796 7feec10e5700         Options.bottommost_compression_opts.zstd_max_train_bytes: 0
2020/01/22-16:59:01.586799 7feec10e5700                  Options.bottommost_compression_opts.enabled: false
2020/01/22-16:59:01.586801 7feec10e5700            Options.compression_opts.window_bits: -14
2020/01/22-16:59:01.586803 7feec10e5700                  Options.compression_opts.level: 32767
2020/01/22-16:59:01.586805 7feec10e5700               Options.compression_opts.strategy: 0
2020/01/22-16:59:01.586807 7feec10e5700         Options.compression_opts.max_dict_bytes: 0
2020/01/22-16:59:01.586810 7feec10e5700         Options.compression_opts.zstd_max_train_bytes: 0
2020/01/22-16:59:01.586840 7feec10e5700                  Options.compression_opts.enabled: false
2020/01/22-16:59:01.586844 7feec10e5700      Options.level0_file_num_compaction_trigger: 4
2020/01/22-16:59:01.586846 7feec10e5700          Options.level0_slowdown_writes_trigger: 20
2020/01/22-16:59:01.586848 7feec10e5700              Options.level0_stop_writes_trigger: 36
2020/01/22-16:59:01.586850 7feec10e5700                   Options.target_file_size_base: 67108864
2020/01/22-16:59:01.586853 7feec10e5700             Options.target_file_size_multiplier: 1
2020/01/22-16:59:01.586855 7feec10e5700                Options.max_bytes_for_level_base: 536870912
2020/01/22-16:59:01.586857 7feec10e5700 Options.level_compaction_dynamic_level_bytes: 1
2020/01/22-16:59:01.586859 7feec10e5700          Options.max_bytes_for_level_multiplier: 8.000000
2020/01/22-16:59:01.586863 7feec10e5700 Options.max_bytes_for_level_multiplier_addtl[0]: 1
2020/01/22-16:59:01.586866 7feec10e5700 Options.max_bytes_for_level_multiplier_addtl[1]: 1
2020/01/22-16:59:01.586868 7feec10e5700 Options.max_bytes_for_level_multiplier_addtl[2]: 1
2020/01/22-16:59:01.586870 7feec10e5700 Options.max_bytes_for_level_multiplier_addtl[3]: 1
2020/01/22-16:59:01.586872 7feec10e5700 Options.max_bytes_for_level_multiplier_addtl[4]: 1
2020/01/22-16:59:01.586875 7feec10e5700 Options.max_bytes_for_level_multiplier_addtl[5]: 1
2020/01/22-16:59:01.586877 7feec10e5700 Options.max_bytes_for_level_multiplier_addtl[6]: 1
2020/01/22-16:59:01.586879 7feec10e5700       Options.max_sequential_skip_in_iterations: 8
2020/01/22-16:59:01.586881 7feec10e5700                    Options.max_compaction_bytes: 1677721600
2020/01/22-16:59:01.586883 7feec10e5700                        Options.arena_block_size: 16777216
2020/01/22-16:59:01.586885 7feec10e5700   Options.soft_pending_compaction_bytes_limit: 68719476736
2020/01/22-16:59:01.586888 7feec10e5700   Options.hard_pending_compaction_bytes_limit: 274877906944
2020/01/22-16:59:01.586890 7feec10e5700       Options.rate_limit_delay_max_milliseconds: 100
2020/01/22-16:59:01.586892 7feec10e5700                Options.disable_auto_compactions: 0
2020/01/22-16:59:01.586894 7feec10e5700                      Options.allow_trivial_move: 0
2020/01/22-16:59:01.586896 7feec10e5700                      Options.vlog_direct_IO: 0
2020/01/22-16:59:01.586898 7feec10e5700               Options.compaction_score_limit_L0: 1000.000000
2020/01/22-16:59:01.586903 7feec10e5700                     Options.min_indirect_val_size[0]: 24
2020/01/22-16:59:01.586906 7feec10e5700       Options.fraction_remapped_during_compaction[0]: 20
2020/01/22-16:59:01.586908 7feec10e5700 Options.fraction_remapped_during_active_recycling[0]: 15
2020/01/22-16:59:01.586910 7feec10e5700    Options.fragmentation_active_recycling_trigger[0]: 25
2020/01/22-16:59:01.586913 7feec10e5700     Options.fragmentation_active_recycling_klaxon[0]: 50
2020/01/22-16:59:01.586915 7feec10e5700                Options.active_recycling_sst_minct[0]: 5
2020/01/22-16:59:01.586917 7feec10e5700                Options.active_recycling_sst_maxct[0]: 15
2020/01/22-16:59:01.586919 7feec10e5700       Options.active_recycling_vlogfile_freed_min[0]: 7
2020/01/22-16:59:01.586921 7feec10e5700    Options.active_recycling_size_trigger[0]: 1073741824
2020/01/22-16:59:01.586924 7feec10e5700                         Options.vlogfile_max_size[0]: 16777216
2020/01/22-16:59:01.586926 7feec10e5700          Options.compaction_picker_age_importance[0]: 100
2020/01/22-16:59:01.586929 7feec10e5700                    Options.ring_compression_style[0]: Zlib
2020/01/22-16:59:01.586933 7feec10e5700                        Options.compaction_style: kCompactionStyleLevel
2020/01/22-16:59:01.586936 7feec10e5700                          Options.compaction_pri: kMinOverlappingRatio
2020/01/22-16:59:01.586938 7feec10e5700 Options.compaction_options_universal.size_ratio: 1
2020/01/22-16:59:01.586941 7feec10e5700 Options.compaction_options_universal.min_merge_width: 2
2020/01/22-16:59:01.586943 7feec10e5700 Options.compaction_options_universal.max_merge_width: 4294967295
2020/01/22-16:59:01.586960 7feec10e5700 Options.compaction_options_universal.max_size_amplification_percent: 200
2020/01/22-16:59:01.586964 7feec10e5700 Options.compaction_options_universal.compression_size_percent: -1
2020/01/22-16:59:01.586967 7feec10e5700 Options.compaction_options_universal.stop_style: kCompactionStopStyleTotalSize
2020/01/22-16:59:01.586969 7feec10e5700 Options.compaction_options_fifo.max_table_files_size: 1073741824
2020/01/22-16:59:01.586971 7feec10e5700 Options.compaction_options_fifo.allow_compaction: 0
2020/01/22-16:59:01.586974 7feec10e5700                   Options.table_properties_collectors: 
2020/01/22-16:59:01.586976 7feec10e5700                   Options.inplace_update_support: 0
2020/01/22-16:59:01.586978 7feec10e5700                 Options.inplace_update_num_locks: 10000
2020/01/22-16:59:01.586980 7feec10e5700               Options.memtable_prefix_bloom_size_ratio: 0.000000
2020/01/22-16:59:01.586983 7feec10e5700               Options.memtable_whole_key_filtering: 0
2020/01/22-16:59:01.586986 7feec10e5700   Options.memtable_huge_page_size: 0
2020/01/22-16:59:01.586988 7feec10e5700                           Options.bloom_locality: 0
2020/01/22-16:59:01.586990 7feec10e5700                    Options.max_successive_merges: 0
2020/01/22-16:59:01.586992 7feec10e5700                Options.optimize_filters_for_hits: 0
2020/01/22-16:59:01.586994 7feec10e5700                Options.paranoid_file_checks: 0
2020/01/22-16:59:01.586996 7feec10e5700                Options.force_consistency_checks: 0
2020/01/22-16:59:01.586998 7feec10e5700                Options.report_bg_io_stats: 0
2020/01/22-16:59:01.587000 7feec10e5700                               Options.ttl: 0
2020/01/22-16:59:01.587115 7feec10e5700 [/db_impl.cc:1821] Created column family [usertable] (ID 1)
2020/01/22-16:59:01.674445 7feec10e5700 DB pointer 0x7fee0809d900
2020/01/22-16:59:01.675226 7fed31ff3700 [/db_impl.cc:777] ------- DUMPING STATS -------
2020/01/22-16:59:01.675367 7fed31ff3700 [/db_impl.cc:778] 
** DB Stats **
Uptime(secs): 0.2 total, 0.2 interval
Cumulative writes: 0 writes, 0 keys, 0 commit groups, 0.0 writes per commit group, ingest: 0.00 GB, 0.00 MB/s
Cumulative WAL: 0 writes, 0 syncs, 0.00 writes per sync, written: 0.00 GB, 0.00 MB/s
Cumulative stall: 00:00:0.000 H:M:S, 0.0 percent
Interval writes: 0 writes, 0 keys, 0 commit groups, 0.0 writes per commit group, ingest: 0.00 MB, 0.00 MB/s
Interval WAL: 0 writes, 0 syncs, 0.00 writes per sync, written: 0.00 MB, 0.00 MB/s
Interval stall: 00:00:0.000 H:M:S, 0.0 percent

** Compaction Stats [default] **
Level    Files   Size     Score Read(GB)  Rn(GB) Rnp1(GB) Write(GB) Wnew(GB) Moved(GB) W-Amp Rd(MB/s) Wr(MB/s) Comp(sec) CompMergeCPU(sec) Comp(cnt) Avg(sec) KeyIn KeyDropWVCmp(GB) WVRaw(GB) WVRemap(GB) WVFiles
-------------------------------------------------------------------------------------------------------------------------------------------------------------------------------------------------------------------
 Sum      0/0    0.00 KB   0.0      0.0     0.0      0.0       0.0      0.0       0.0   0.0      0.0      0.0      0.00              0.00         0    0.000       0      0      0.0      0.0        0.0       0
 Int      0/0    0.00 KB   0.0      0.0     0.0      0.0       0.0      0.0       0.0   0.0      0.0      0.0      0.00              0.00         0    0.000       0      0      0.0      0.0        0.0       0

** Compaction Stats [default] **
Priority    Files   Size     Score Read(GB)  Rn(GB) Rnp1(GB) Write(GB) Wnew(GB) Moved(GB) W-Amp Rd(MB/s) Wr(MB/s) Comp(sec) CompMergeCPU(sec) Comp(cnt) Avg(sec) KeyIn KeyDropWVCmp(GB) WVRaw(GB) WVRemap(GB) WVFiles
----------------------------------------------------------------------------------------------------------------------------------------------------------------------------------------------------------------------
Uptime(secs): 0.2 total, 0.2 interval
Flush(GB): cumulative 0.000, interval 0.000
AddFile(GB): cumulative 0.000, interval 0.000
AddFile(Total Files): cumulative 0, interval 0
AddFile(L0 Files): cumulative 0, interval 0
AddFile(Keys): cumulative 0, interval 0
Cumulative compaction: 0.00 GB write, 0.00 MB/s write, 0.00 GB read, 0.00 MB/s read, 0.0 seconds
Interval compaction: 0.00 GB write, 0.00 MB/s write, 0.00 GB read, 0.00 MB/s read, 0.0 seconds
Stalls(count): 0 level0_slowdown, 0 level0_slowdown_with_compaction, 0 level0_numfiles, 0 level0_numfiles_with_compaction, 0 stop for pending_compaction_bytes, 0 slowdown for pending_compaction_bytes, 0 memtable_compaction, 0 memtable_slowdown, interval 0 total count

** Compaction Ring Stats [default] **
Ring  Files   Size  Frag(%)
----------------------------
 Sum        0  0.00 KB  -nan 
VLog Read Latency over 0 reads with average length 0:   0.000 usec
VLog Decompress Latency over 0 reads with average length 0:   0.000 usec

** File Read Latency Histogram By Level [default] **

** Compaction Stats [usertable] **
Level    Files   Size     Score Read(GB)  Rn(GB) Rnp1(GB) Write(GB) Wnew(GB) Moved(GB) W-Amp Rd(MB/s) Wr(MB/s) Comp(sec) CompMergeCPU(sec) Comp(cnt) Avg(sec) KeyIn KeyDropWVCmp(GB) WVRaw(GB) WVRemap(GB) WVFiles
-------------------------------------------------------------------------------------------------------------------------------------------------------------------------------------------------------------------
 Sum      0/0    0.00 KB   0.0      0.0     0.0      0.0       0.0      0.0       0.0   0.0      0.0      0.0      0.00              0.00         0    0.000       0      0      0.0      0.0        0.0       0
 Int      0/0    0.00 KB   0.0      0.0     0.0      0.0       0.0      0.0       0.0   0.0      0.0      0.0      0.00              0.00         0    0.000       0      0      0.0      0.0        0.0       0

** Compaction Stats [usertable] **
Priority    Files   Size     Score Read(GB)  Rn(GB) Rnp1(GB) Write(GB) Wnew(GB) Moved(GB) W-Amp Rd(MB/s) Wr(MB/s) Comp(sec) CompMergeCPU(sec) Comp(cnt) Avg(sec) KeyIn KeyDropWVCmp(GB) WVRaw(GB) WVRemap(GB) WVFiles
----------------------------------------------------------------------------------------------------------------------------------------------------------------------------------------------------------------------
Uptime(secs): 0.1 total, 0.1 interval
Flush(GB): cumulative 0.000, interval 0.000
AddFile(GB): cumulative 0.000, interval 0.000
AddFile(Total Files): cumulative 0, interval 0
AddFile(L0 Files): cumulative 0, interval 0
AddFile(Keys): cumulative 0, interval 0
Cumulative compaction: 0.00 GB write, 0.00 MB/s write, 0.00 GB read, 0.00 MB/s read, 0.0 seconds
Interval compaction: 0.00 GB write, 0.00 MB/s write, 0.00 GB read, 0.00 MB/s read, 0.0 seconds
Stalls(count): 0 level0_slowdown, 0 level0_slowdown_with_compaction, 0 level0_numfiles, 0 level0_numfiles_with_compaction, 0 stop for pending_compaction_bytes, 0 slowdown for pending_compaction_bytes, 0 memtable_compaction, 0 memtable_slowdown, interval 0 total count

** Compaction Ring Stats [usertable] **
Ring  Files   Size  Frag(%)
----------------------------
 Sum        0  0.00 KB  -nan 
VLog Read Latency over 0 reads with average length 0:   0.000 usec
VLog Decompress Latency over 0 reads with average length 0:   0.000 usec

** File Read Latency Histogram By Level [usertable] **

** Compaction Stats [default] **
Level    Files   Size     Score Read(GB)  Rn(GB) Rnp1(GB) Write(GB) Wnew(GB) Moved(GB) W-Amp Rd(MB/s) Wr(MB/s) Comp(sec) CompMergeCPU(sec) Comp(cnt) Avg(sec) KeyIn KeyDropWVCmp(GB) WVRaw(GB) WVRemap(GB) WVFiles
-------------------------------------------------------------------------------------------------------------------------------------------------------------------------------------------------------------------
 Sum      0/0    0.00 KB   0.0      0.0     0.0      0.0       0.0      0.0       0.0   0.0      0.0      0.0      0.00              0.00         0    0.000       0      0      0.0      0.0        0.0       0
 Int      0/0    0.00 KB   0.0      0.0     0.0      0.0       0.0      0.0       0.0   0.0      0.0      0.0      0.00              0.00         0    0.000       0      0      0.0      0.0        0.0       0

** Compaction Stats [default] **
Priority    Files   Size     Score Read(GB)  Rn(GB) Rnp1(GB) Write(GB) Wnew(GB) Moved(GB) W-Amp Rd(MB/s) Wr(MB/s) Comp(sec) CompMergeCPU(sec) Comp(cnt) Avg(sec) KeyIn KeyDropWVCmp(GB) WVRaw(GB) WVRemap(GB) WVFiles
----------------------------------------------------------------------------------------------------------------------------------------------------------------------------------------------------------------------
Uptime(secs): 0.2 total, 0.0 interval
Flush(GB): cumulative 0.000, interval 0.000
AddFile(GB): cumulative 0.000, interval 0.000
AddFile(Total Files): cumulative 0, interval 0
AddFile(L0 Files): cumulative 0, interval 0
AddFile(Keys): cumulative 0, interval 0
Cumulative compaction: 0.00 GB write, 0.00 MB/s write, 0.00 GB read, 0.00 MB/s read, 0.0 seconds
Interval compaction: 0.00 GB write, 0.00 MB/s write, 0.00 GB read, 0.00 MB/s read, 0.0 seconds
Stalls(count): 0 level0_slowdown, 0 level0_slowdown_with_compaction, 0 level0_numfiles, 0 level0_numfiles_with_compaction, 0 stop for pending_compaction_bytes, 0 slowdown for pending_compaction_bytes, 0 memtable_compaction, 0 memtable_slowdown, interval 0 total count

** Compaction Ring Stats [default] **
Ring  Files   Size  Frag(%)
----------------------------
 Sum        0  0.00 KB  -nan 
VLog Read Latency over 0 reads with average length 0:   0.000 usec
VLog Decompress Latency over 0 reads with average length 0:   0.000 usec

** File Read Latency Histogram By Level [default] **

** Compaction Stats [usertable] **
Level    Files   Size     Score Read(GB)  Rn(GB) Rnp1(GB) Write(GB) Wnew(GB) Moved(GB) W-Amp Rd(MB/s) Wr(MB/s) Comp(sec) CompMergeCPU(sec) Comp(cnt) Avg(sec) KeyIn KeyDropWVCmp(GB) WVRaw(GB) WVRemap(GB) WVFiles
-------------------------------------------------------------------------------------------------------------------------------------------------------------------------------------------------------------------
 Sum      0/0    0.00 KB   0.0      0.0     0.0      0.0       0.0      0.0       0.0   0.0      0.0      0.0      0.00              0.00         0    0.000       0      0      0.0      0.0        0.0       0
 Int      0/0    0.00 KB   0.0      0.0     0.0      0.0       0.0      0.0       0.0   0.0      0.0      0.0      0.00              0.00         0    0.000       0      0      0.0      0.0        0.0       0

** Compaction Stats [usertable] **
Priority    Files   Size     Score Read(GB)  Rn(GB) Rnp1(GB) Write(GB) Wnew(GB) Moved(GB) W-Amp Rd(MB/s) Wr(MB/s) Comp(sec) CompMergeCPU(sec) Comp(cnt) Avg(sec) KeyIn KeyDropWVCmp(GB) WVRaw(GB) WVRemap(GB) WVFiles
----------------------------------------------------------------------------------------------------------------------------------------------------------------------------------------------------------------------
Uptime(secs): 0.1 total, 0.0 interval
Flush(GB): cumulative 0.000, interval 0.000
AddFile(GB): cumulative 0.000, interval 0.000
AddFile(Total Files): cumulative 0, interval 0
AddFile(L0 Files): cumulative 0, interval 0
AddFile(Keys): cumulative 0, interval 0
Cumulative compaction: 0.00 GB write, 0.00 MB/s write, 0.00 GB read, 0.00 MB/s read, 0.0 seconds
Interval compaction: 0.00 GB write, 0.00 MB/s write, 0.00 GB read, 0.00 MB/s read, 0.0 seconds
Stalls(count): 0 level0_slowdown, 0 level0_slowdown_with_compaction, 0 level0_numfiles, 0 level0_numfiles_with_compaction, 0 stop for pending_compaction_bytes, 0 slowdown for pending_compaction_bytes, 0 memtable_compaction, 0 memtable_slowdown, interval 0 total count

** Compaction Ring Stats [usertable] **
Ring  Files   Size  Frag(%)
----------------------------
 Sum        0  0.00 KB  -nan 
VLog Read Latency over 0 reads with average length 0:   0.000 usec
VLog Decompress Latency over 0 reads with average length 0:   0.000 usec

** File Read Latency Histogram By Level [usertable] **
2020/01/22-16:59:10.468116 7feea07f8700 [/db_impl_write.cc:1470] [usertable] New memtable created with log file: #9. Immutable memtables: 0.
2020/01/22-16:59:19.257218 7feeb04f5700 [/db_impl_write.cc:1470] [usertable] New memtable created with log file: #10. Immutable memtables: 1.
2020/01/22-16:59:19.258179 7fed4effd700 [/db_impl_compaction_flush.cc:108] [JOB 38] Syncing log #3
2020/01/22-16:59:19.491589 7fed4effd700 [/db_impl_compaction_flush.cc:108] [JOB 38] Syncing log #9
2020/01/22-16:59:19.994308 7fed4effd700 (Original Log Time 2020/01/22-16:59:19.258033) [/db_impl_compaction_flush.cc:2087] Calling FlushMemTableToOutputFile with column family [usertable], flush slots available 24, compaction slots available 1, flush slots scheduled 24, compaction slots scheduled 0
2020/01/22-16:59:19.994327 7fed4effd700 [/flush_job.cc:325] [usertable] [JOB 38] Flushing memtable with next log file: 9
2020/01/22-16:59:19.994369 7fed4effd700 [/flush_job.cc:325] [usertable] [JOB 38] Flushing memtable with next log file: 10
2020/01/22-16:59:19.994479 7fed4effd700 EVENT_LOG_v1 {"time_micros": 1579741159994439, "job": 38, "event": "flush_started", "num_memtables": 2, "num_entries": 61517, "num_deletes": 0, "total_data_size": 253634591, "memory_usage": 260123224, "flush_reason": "Write Buffer Full"}
2020/01/22-16:59:19.994493 7fed4effd700 [/flush_job.cc:354] [usertable] [JOB 38] Level-0 flush table #11: started
