2020/02/20-02:31:43.420590 7f82352200 RocksDB version: 6.5.3
2020/02/20-02:31:43.420748 7f82352200 Git sha rocksdb_build_git_sha:
2020/02/20-02:31:43.420755 7f82352200 Compile date Jan 21 2020
2020/02/20-02:31:43.420789 7f82352200 DB SUMMARY
2020/02/20-02:31:43.420839 7f82352200 SST files in /mnt/sda/mbwu-rocksdb-data dir, Total Num: 0, files: 
2020/02/20-02:31:43.420850 7f82352200 Write Ahead Log file in /mnt/sda/mbwu-rocksdb-data: 
2020/02/20-02:31:43.420856 7f82352200                         Options.error_if_exists: 0
2020/02/20-02:31:43.420859 7f82352200                       Options.create_if_missing: 1
2020/02/20-02:31:43.420862 7f82352200                         Options.paranoid_checks: 1
2020/02/20-02:31:43.420865 7f82352200                                     Options.env: 0x7f82090c50
2020/02/20-02:31:43.420868 7f82352200                                Options.info_log: 0x7f40094f60
2020/02/20-02:31:43.420871 7f82352200                Options.max_file_opening_threads: 16
2020/02/20-02:31:43.420874 7f82352200                              Options.statistics: (nil)
2020/02/20-02:31:43.420877 7f82352200                               Options.use_fsync: 0
2020/02/20-02:31:43.420879 7f82352200                       Options.max_log_file_size: 0
2020/02/20-02:31:43.420882 7f82352200                  Options.max_manifest_file_size: 1073741824
2020/02/20-02:31:43.420885 7f82352200                   Options.log_file_time_to_roll: 0
2020/02/20-02:31:43.420888 7f82352200                       Options.keep_log_file_num: 1000
2020/02/20-02:31:43.420890 7f82352200                    Options.recycle_log_file_num: 0
2020/02/20-02:31:43.420893 7f82352200                         Options.allow_fallocate: 1
2020/02/20-02:31:43.420896 7f82352200                        Options.allow_mmap_reads: 0
2020/02/20-02:31:43.420899 7f82352200                       Options.allow_mmap_writes: 0
2020/02/20-02:31:43.420901 7f82352200                        Options.use_direct_reads: 0
2020/02/20-02:31:43.420904 7f82352200                        Options.use_direct_io_for_flush_and_compaction: 0
2020/02/20-02:31:43.420907 7f82352200          Options.create_missing_column_families: 1
2020/02/20-02:31:43.420910 7f82352200                              Options.db_log_dir: 
2020/02/20-02:31:43.420912 7f82352200                                 Options.wal_dir: /mnt/sda/mbwu-rocksdb-data
2020/02/20-02:31:43.420915 7f82352200                Options.table_cache_numshardbits: 6
2020/02/20-02:31:43.420918 7f82352200                      Options.max_subcompactions: 1
2020/02/20-02:31:43.420920 7f82352200                  Options.max_background_flushes: 6
2020/02/20-02:31:43.420923 7f82352200                         Options.WAL_ttl_seconds: 0
2020/02/20-02:31:43.420926 7f82352200                       Options.WAL_size_limit_MB: 0
2020/02/20-02:31:43.420928 7f82352200                        Options.max_write_batch_group_size_bytes: 1048576
2020/02/20-02:31:43.420931 7f82352200             Options.manifest_preallocation_size: 4194304
2020/02/20-02:31:43.420934 7f82352200                     Options.is_fd_close_on_exec: 1
2020/02/20-02:31:43.420936 7f82352200                   Options.advise_random_on_open: 1
2020/02/20-02:31:43.420939 7f82352200                    Options.db_write_buffer_size: 0
2020/02/20-02:31:43.420942 7f82352200                    Options.write_buffer_manager: 0x7f40097730
2020/02/20-02:31:43.420945 7f82352200         Options.access_hint_on_compaction_start: 1
2020/02/20-02:31:43.420947 7f82352200  Options.new_table_reader_for_compaction_inputs: 0
2020/02/20-02:31:43.420950 7f82352200           Options.random_access_max_buffer_size: 1048576
2020/02/20-02:31:43.420952 7f82352200                      Options.use_adaptive_mutex: 0
2020/02/20-02:31:43.420955 7f82352200                            Options.rate_limiter: (nil)
2020/02/20-02:31:43.420960 7f82352200     Options.sst_file_manager.rate_bytes_per_sec: 0
2020/02/20-02:31:43.420962 7f82352200                       Options.wal_recovery_mode: 2
2020/02/20-02:31:43.420965 7f82352200                  Options.enable_thread_tracking: 0
2020/02/20-02:31:43.420967 7f82352200                  Options.enable_pipelined_write: 0
2020/02/20-02:31:43.420985 7f82352200                  Options.unordered_write: 0
2020/02/20-02:31:43.420990 7f82352200         Options.allow_concurrent_memtable_write: 1
2020/02/20-02:31:43.420992 7f82352200      Options.enable_write_thread_adaptive_yield: 1
2020/02/20-02:31:43.420995 7f82352200             Options.write_thread_max_yield_usec: 100
2020/02/20-02:31:43.420998 7f82352200            Options.write_thread_slow_yield_usec: 3
2020/02/20-02:31:43.421001 7f82352200                               Options.row_cache: None
2020/02/20-02:31:43.421003 7f82352200                              Options.wal_filter: None
2020/02/20-02:31:43.421006 7f82352200             Options.avoid_flush_during_recovery: 0
2020/02/20-02:31:43.421009 7f82352200             Options.allow_ingest_behind: 0
2020/02/20-02:31:43.421011 7f82352200             Options.preserve_deletes: 0
2020/02/20-02:31:43.421013 7f82352200             Options.two_write_queues: 0
2020/02/20-02:31:43.421016 7f82352200             Options.manual_wal_flush: 0
2020/02/20-02:31:43.421019 7f82352200             Options.atomic_flush: 0
2020/02/20-02:31:43.421021 7f82352200             Options.avoid_unnecessary_blocking_io: 0
2020/02/20-02:31:43.421024 7f82352200                 Options.persist_stats_to_disk: 0
2020/02/20-02:31:43.421026 7f82352200                 Options.write_dbid_to_manifest: 0
2020/02/20-02:31:43.421029 7f82352200                 Options.log_readahead_size: 0
2020/02/20-02:31:43.421034 7f82352200             Options.max_background_jobs: 6
2020/02/20-02:31:43.421037 7f82352200             Options.max_background_compactions: 6
2020/02/20-02:31:43.421039 7f82352200             Options.avoid_flush_during_shutdown: 0
2020/02/20-02:31:43.421042 7f82352200           Options.writable_file_max_buffer_size: 1048576
2020/02/20-02:31:43.421044 7f82352200             Options.delayed_write_rate : 16777216
2020/02/20-02:31:43.421047 7f82352200             Options.max_total_wal_size: 0
2020/02/20-02:31:43.421050 7f82352200             Options.delete_obsolete_files_period_micros: 21600000000
2020/02/20-02:31:43.421052 7f82352200                   Options.stats_dump_period_sec: 600
2020/02/20-02:31:43.421055 7f82352200                 Options.stats_persist_period_sec: 600
2020/02/20-02:31:43.421058 7f82352200                 Options.stats_history_buffer_size: 1048576
2020/02/20-02:31:43.421060 7f82352200                          Options.max_open_files: -1
2020/02/20-02:31:43.421063 7f82352200                          Options.bytes_per_sync: 1048576
2020/02/20-02:31:43.421066 7f82352200                      Options.wal_bytes_per_sync: 0
2020/02/20-02:31:43.421068 7f82352200                   Options.strict_bytes_per_sync: 0
2020/02/20-02:31:43.421071 7f82352200       Options.compaction_readahead_size: 0
2020/02/20-02:31:43.421074 7f82352200 Compression algorithms supported:
2020/02/20-02:31:43.421077 7f82352200 	kZSTDNotFinalCompression supported: 1
2020/02/20-02:31:43.421110 7f82352200 	kZSTD supported: 1
2020/02/20-02:31:43.421115 7f82352200 	kXpressCompression supported: 0
2020/02/20-02:31:43.421118 7f82352200 	kLZ4HCCompression supported: 1
2020/02/20-02:31:43.421121 7f82352200 	kLZ4Compression supported: 1
2020/02/20-02:31:43.421124 7f82352200 	kBZip2Compression supported: 1
2020/02/20-02:31:43.421126 7f82352200 	kZlibCompression supported: 1
2020/02/20-02:31:43.421129 7f82352200 	kSnappyCompression supported: 1
2020/02/20-02:31:43.421137 7f82352200 Fast CRC32 supported: Not supported on x86
2020/02/20-02:31:43.450564 7f82352200 [_impl/db_impl_open.cc:247] Creating manifest 1 
2020/02/20-02:31:43.524284 7f82352200 [rsion_set.cc:4319] Recovering from manifest file: /mnt/sda/mbwu-rocksdb-data/MANIFEST-000001
2020/02/20-02:31:43.524480 7f82352200 [lumn_family.cc:489] --------------- Options for column family [default]:
2020/02/20-02:31:43.524489 7f82352200               Options.comparator: leveldb.BytewiseComparator
2020/02/20-02:31:43.524493 7f82352200           Options.merge_operator: None
2020/02/20-02:31:43.524496 7f82352200        Options.compaction_filter: None
2020/02/20-02:31:43.524538 7f82352200        Options.compaction_filter_factory: None
2020/02/20-02:31:43.524543 7f82352200         Options.memtable_factory: SkipListFactory
2020/02/20-02:31:43.524546 7f82352200            Options.table_factory: BlockBasedTable
2020/02/20-02:31:43.524601 7f82352200            table_factory options:   flush_block_policy_factory: FlushBlockBySizePolicyFactory (0x7f40090870)
  cache_index_and_filter_blocks: 0
  cache_index_and_filter_blocks_with_high_priority: 1
  pin_l0_filter_and_index_blocks_in_cache: 0
  pin_top_level_index_and_filter: 1
  index_type: 0
  data_block_index_type: 0
  index_shortening: 1
  data_block_hash_table_util_ratio: 0.750000
  hash_index_allow_collision: 1
  checksum: 1
  no_block_cache: 0
  block_cache: 0x7f40091290
  block_cache_name: LRUCache
  block_cache_options:
    capacity : 8388608
    num_shard_bits : 4
    strict_capacity_limit : 0
    memory_allocator : None
    high_pri_pool_ratio: 0.000
  block_cache_compressed: (nil)
  persistent_cache: (nil)
  block_size: 4096
  block_size_deviation: 10
  block_restart_interval: 16
  index_block_restart_interval: 1
  metadata_block_size: 4096
  partition_filters: 0
  use_delta_encoding: 1
  filter_policy: nullptr
  whole_key_filtering: 1
  verify_compression: 0
  read_amp_bytes_per_bit: 0
  format_version: 2
  enable_index_compression: 1
  block_align: 0
2020/02/20-02:31:43.524606 7f82352200        Options.write_buffer_size: 134217728
2020/02/20-02:31:43.524609 7f82352200  Options.max_write_buffer_number: 6
2020/02/20-02:31:43.524613 7f82352200        Options.compression[0]: NoCompression
2020/02/20-02:31:43.524616 7f82352200        Options.compression[1]: NoCompression
2020/02/20-02:31:43.524619 7f82352200        Options.compression[2]: LZ4
2020/02/20-02:31:43.524622 7f82352200        Options.compression[3]: LZ4
2020/02/20-02:31:43.524625 7f82352200        Options.compression[4]: LZ4
2020/02/20-02:31:43.524628 7f82352200        Options.compression[5]: LZ4
2020/02/20-02:31:43.524630 7f82352200        Options.compression[6]: LZ4
2020/02/20-02:31:43.524633 7f82352200                  Options.bottommost_compression: Disabled
2020/02/20-02:31:43.524636 7f82352200       Options.prefix_extractor: nullptr
2020/02/20-02:31:43.524639 7f82352200   Options.memtable_insert_with_hint_prefix_extractor: nullptr
2020/02/20-02:31:43.524641 7f82352200             Options.num_levels: 7
2020/02/20-02:31:43.524644 7f82352200        Options.min_write_buffer_number_to_merge: 2
2020/02/20-02:31:43.524647 7f82352200     Options.max_write_buffer_number_to_maintain: 0
2020/02/20-02:31:43.524649 7f82352200     Options.max_write_buffer_size_to_maintain: 0
2020/02/20-02:31:43.524652 7f82352200            Options.bottommost_compression_opts.window_bits: -14
2020/02/20-02:31:43.524655 7f82352200                  Options.bottommost_compression_opts.level: 32767
2020/02/20-02:31:43.524657 7f82352200               Options.bottommost_compression_opts.strategy: 0
2020/02/20-02:31:43.524660 7f82352200         Options.bottommost_compression_opts.max_dict_bytes: 0
2020/02/20-02:31:43.524662 7f82352200         Options.bottommost_compression_opts.zstd_max_train_bytes: 0
2020/02/20-02:31:43.524665 7f82352200                  Options.bottommost_compression_opts.enabled: false
2020/02/20-02:31:43.524668 7f82352200            Options.compression_opts.window_bits: -14
2020/02/20-02:31:43.524671 7f82352200                  Options.compression_opts.level: 32767
2020/02/20-02:31:43.524673 7f82352200               Options.compression_opts.strategy: 0
2020/02/20-02:31:43.524676 7f82352200         Options.compression_opts.max_dict_bytes: 0
2020/02/20-02:31:43.524678 7f82352200         Options.compression_opts.zstd_max_train_bytes: 0
2020/02/20-02:31:43.524681 7f82352200                  Options.compression_opts.enabled: false
2020/02/20-02:31:43.524683 7f82352200      Options.level0_file_num_compaction_trigger: 2
2020/02/20-02:31:43.524686 7f82352200          Options.level0_slowdown_writes_trigger: 20
2020/02/20-02:31:43.524689 7f82352200              Options.level0_stop_writes_trigger: 36
2020/02/20-02:31:43.524704 7f82352200                   Options.target_file_size_base: 67108864
2020/02/20-02:31:43.524709 7f82352200             Options.target_file_size_multiplier: 1
2020/02/20-02:31:43.524711 7f82352200                Options.max_bytes_for_level_base: 536870912
2020/02/20-02:31:43.524714 7f82352200                      Options.snap_refresh_nanos: 0
2020/02/20-02:31:43.524717 7f82352200 Options.level_compaction_dynamic_level_bytes: 0
2020/02/20-02:31:43.524719 7f82352200          Options.max_bytes_for_level_multiplier: 10.000000
2020/02/20-02:31:43.524724 7f82352200 Options.max_bytes_for_level_multiplier_addtl[0]: 1
2020/02/20-02:31:43.524727 7f82352200 Options.max_bytes_for_level_multiplier_addtl[1]: 1
2020/02/20-02:31:43.524729 7f82352200 Options.max_bytes_for_level_multiplier_addtl[2]: 1
2020/02/20-02:31:43.524732 7f82352200 Options.max_bytes_for_level_multiplier_addtl[3]: 1
2020/02/20-02:31:43.524735 7f82352200 Options.max_bytes_for_level_multiplier_addtl[4]: 1
2020/02/20-02:31:43.524737 7f82352200 Options.max_bytes_for_level_multiplier_addtl[5]: 1
2020/02/20-02:31:43.524740 7f82352200 Options.max_bytes_for_level_multiplier_addtl[6]: 1
2020/02/20-02:31:43.524743 7f82352200       Options.max_sequential_skip_in_iterations: 8
2020/02/20-02:31:43.524745 7f82352200                    Options.max_compaction_bytes: 1677721600
2020/02/20-02:31:43.524748 7f82352200                        Options.arena_block_size: 16777216
2020/02/20-02:31:43.524750 7f82352200   Options.soft_pending_compaction_bytes_limit: 68719476736
2020/02/20-02:31:43.524753 7f82352200   Options.hard_pending_compaction_bytes_limit: 274877906944
2020/02/20-02:31:43.524755 7f82352200       Options.rate_limit_delay_max_milliseconds: 100
2020/02/20-02:31:43.524758 7f82352200                Options.disable_auto_compactions: 0
2020/02/20-02:31:43.524762 7f82352200                        Options.compaction_style: kCompactionStyleLevel
2020/02/20-02:31:43.524765 7f82352200                          Options.compaction_pri: kMinOverlappingRatio
2020/02/20-02:31:43.524767 7f82352200 Options.compaction_options_universal.size_ratio: 1
2020/02/20-02:31:43.524770 7f82352200 Options.compaction_options_universal.min_merge_width: 2
2020/02/20-02:31:43.524773 7f82352200 Options.compaction_options_universal.max_merge_width: 4294967295
2020/02/20-02:31:43.524775 7f82352200 Options.compaction_options_universal.max_size_amplification_percent: 200
2020/02/20-02:31:43.524778 7f82352200 Options.compaction_options_universal.compression_size_percent: -1
2020/02/20-02:31:43.524781 7f82352200 Options.compaction_options_universal.stop_style: kCompactionStopStyleTotalSize
2020/02/20-02:31:43.524784 7f82352200 Options.compaction_options_fifo.max_table_files_size: 1073741824
2020/02/20-02:31:43.524787 7f82352200 Options.compaction_options_fifo.allow_compaction: 0
2020/02/20-02:31:43.524789 7f82352200                   Options.table_properties_collectors: 
2020/02/20-02:31:43.524792 7f82352200                   Options.inplace_update_support: 0
2020/02/20-02:31:43.524794 7f82352200                 Options.inplace_update_num_locks: 10000
2020/02/20-02:31:43.524797 7f82352200               Options.memtable_prefix_bloom_size_ratio: 0.000000
2020/02/20-02:31:43.524800 7f82352200               Options.memtable_whole_key_filtering: 0
2020/02/20-02:31:43.524802 7f82352200   Options.memtable_huge_page_size: 0
2020/02/20-02:31:43.524805 7f82352200                           Options.bloom_locality: 0
2020/02/20-02:31:43.524807 7f82352200                    Options.max_successive_merges: 0
2020/02/20-02:31:43.524810 7f82352200                Options.optimize_filters_for_hits: 0
2020/02/20-02:31:43.524812 7f82352200                Options.paranoid_file_checks: 0
2020/02/20-02:31:43.524815 7f82352200                Options.force_consistency_checks: 0
2020/02/20-02:31:43.524817 7f82352200                Options.report_bg_io_stats: 0
2020/02/20-02:31:43.524820 7f82352200                               Options.ttl: 0
2020/02/20-02:31:43.524834 7f82352200          Options.periodic_compaction_seconds: 0
2020/02/20-02:31:43.526687 7f82352200 [rsion_set.cc:4469] Recovered from manifest file:/mnt/sda/mbwu-rocksdb-data/MANIFEST-000001 succeeded,manifest_file_number is 1, next_file_number is 3, last_sequence is 0, log_number is 0,prev_log_number is 0,max_column_family is 0,min_log_number_to_keep is 0
2020/02/20-02:31:43.526730 7f82352200 [rsion_set.cc:4478] Column family [default] (ID 0), log number is 0
2020/02/20-02:31:43.527849 7f82352200 [rsion_set.cc:3734] Creating manifest 4
2020/02/20-02:31:43.602991 7f82352200 [lumn_family.cc:489] --------------- Options for column family [usertable]:
2020/02/20-02:31:43.603023 7f82352200               Options.comparator: leveldb.BytewiseComparator
2020/02/20-02:31:43.603030 7f82352200           Options.merge_operator: None
2020/02/20-02:31:43.603036 7f82352200        Options.compaction_filter: None
2020/02/20-02:31:43.603042 7f82352200        Options.compaction_filter_factory: None
2020/02/20-02:31:43.603048 7f82352200         Options.memtable_factory: SkipListFactory
2020/02/20-02:31:43.603054 7f82352200            Options.table_factory: BlockBasedTable
2020/02/20-02:31:43.603151 7f82352200            table_factory options:   flush_block_policy_factory: FlushBlockBySizePolicyFactory (0x7f40091ea0)
  cache_index_and_filter_blocks: 0
  cache_index_and_filter_blocks_with_high_priority: 1
  pin_l0_filter_and_index_blocks_in_cache: 0
  pin_top_level_index_and_filter: 1
  index_type: 0
  data_block_index_type: 0
  index_shortening: 1
  data_block_hash_table_util_ratio: 0.750000
  hash_index_allow_collision: 1
  checksum: 1
  no_block_cache: 0
  block_cache: 0x7f40094230
  block_cache_name: LRUCache
  block_cache_options:
    capacity : 8388608
    num_shard_bits : 4
    strict_capacity_limit : 0
    memory_allocator : None
    high_pri_pool_ratio: 0.000
  block_cache_compressed: (nil)
  persistent_cache: (nil)
  block_size: 4096
  block_size_deviation: 10
  block_restart_interval: 16
  index_block_restart_interval: 1
  metadata_block_size: 4096
  partition_filters: 0
  use_delta_encoding: 1
  filter_policy: nullptr
  whole_key_filtering: 1
  verify_compression: 0
  read_amp_bytes_per_bit: 0
  format_version: 2
  enable_index_compression: 1
  block_align: 0
2020/02/20-02:31:43.603163 7f82352200        Options.write_buffer_size: 134217728
2020/02/20-02:31:43.603169 7f82352200  Options.max_write_buffer_number: 6
2020/02/20-02:31:43.603176 7f82352200        Options.compression[0]: NoCompression
2020/02/20-02:31:43.603183 7f82352200        Options.compression[1]: NoCompression
2020/02/20-02:31:43.603190 7f82352200        Options.compression[2]: LZ4
2020/02/20-02:31:43.603196 7f82352200        Options.compression[3]: LZ4
2020/02/20-02:31:43.603203 7f82352200        Options.compression[4]: LZ4
2020/02/20-02:31:43.603209 7f82352200        Options.compression[5]: LZ4
2020/02/20-02:31:43.603215 7f82352200        Options.compression[6]: LZ4
2020/02/20-02:31:43.603222 7f82352200                  Options.bottommost_compression: Disabled
2020/02/20-02:31:43.603228 7f82352200       Options.prefix_extractor: nullptr
2020/02/20-02:31:43.603234 7f82352200   Options.memtable_insert_with_hint_prefix_extractor: nullptr
2020/02/20-02:31:43.603240 7f82352200             Options.num_levels: 7
2020/02/20-02:31:43.603245 7f82352200        Options.min_write_buffer_number_to_merge: 2
2020/02/20-02:31:43.603251 7f82352200     Options.max_write_buffer_number_to_maintain: 0
2020/02/20-02:31:43.603257 7f82352200     Options.max_write_buffer_size_to_maintain: 0
2020/02/20-02:31:43.603263 7f82352200            Options.bottommost_compression_opts.window_bits: -14
2020/02/20-02:31:43.603269 7f82352200                  Options.bottommost_compression_opts.level: 32767
2020/02/20-02:31:43.603275 7f82352200               Options.bottommost_compression_opts.strategy: 0
2020/02/20-02:31:43.603280 7f82352200         Options.bottommost_compression_opts.max_dict_bytes: 0
2020/02/20-02:31:43.603286 7f82352200         Options.bottommost_compression_opts.zstd_max_train_bytes: 0
2020/02/20-02:31:43.603292 7f82352200                  Options.bottommost_compression_opts.enabled: false
2020/02/20-02:31:43.603299 7f82352200            Options.compression_opts.window_bits: -14
2020/02/20-02:31:43.603304 7f82352200                  Options.compression_opts.level: 32767
2020/02/20-02:31:43.603310 7f82352200               Options.compression_opts.strategy: 0
2020/02/20-02:31:43.603316 7f82352200         Options.compression_opts.max_dict_bytes: 0
2020/02/20-02:31:43.603322 7f82352200         Options.compression_opts.zstd_max_train_bytes: 0
2020/02/20-02:31:43.603369 7f82352200                  Options.compression_opts.enabled: false
2020/02/20-02:31:43.603376 7f82352200      Options.level0_file_num_compaction_trigger: 2
2020/02/20-02:31:43.603382 7f82352200          Options.level0_slowdown_writes_trigger: 20
2020/02/20-02:31:43.603388 7f82352200              Options.level0_stop_writes_trigger: 36
2020/02/20-02:31:43.603394 7f82352200                   Options.target_file_size_base: 67108864
2020/02/20-02:31:43.603399 7f82352200             Options.target_file_size_multiplier: 1
2020/02/20-02:31:43.603405 7f82352200                Options.max_bytes_for_level_base: 536870912
2020/02/20-02:31:43.603411 7f82352200                      Options.snap_refresh_nanos: 0
2020/02/20-02:31:43.603417 7f82352200 Options.level_compaction_dynamic_level_bytes: 0
2020/02/20-02:31:43.603422 7f82352200          Options.max_bytes_for_level_multiplier: 10.000000
2020/02/20-02:31:43.603432 7f82352200 Options.max_bytes_for_level_multiplier_addtl[0]: 1
2020/02/20-02:31:43.603439 7f82352200 Options.max_bytes_for_level_multiplier_addtl[1]: 1
2020/02/20-02:31:43.603444 7f82352200 Options.max_bytes_for_level_multiplier_addtl[2]: 1
2020/02/20-02:31:43.603450 7f82352200 Options.max_bytes_for_level_multiplier_addtl[3]: 1
2020/02/20-02:31:43.603456 7f82352200 Options.max_bytes_for_level_multiplier_addtl[4]: 1
2020/02/20-02:31:43.603462 7f82352200 Options.max_bytes_for_level_multiplier_addtl[5]: 1
2020/02/20-02:31:43.603467 7f82352200 Options.max_bytes_for_level_multiplier_addtl[6]: 1
2020/02/20-02:31:43.603473 7f82352200       Options.max_sequential_skip_in_iterations: 8
2020/02/20-02:31:43.603479 7f82352200                    Options.max_compaction_bytes: 1677721600
2020/02/20-02:31:43.603485 7f82352200                        Options.arena_block_size: 16777216
2020/02/20-02:31:43.603490 7f82352200   Options.soft_pending_compaction_bytes_limit: 68719476736
2020/02/20-02:31:43.603496 7f82352200   Options.hard_pending_compaction_bytes_limit: 274877906944
2020/02/20-02:31:43.603502 7f82352200       Options.rate_limit_delay_max_milliseconds: 100
2020/02/20-02:31:43.603508 7f82352200                Options.disable_auto_compactions: 0
2020/02/20-02:31:43.603515 7f82352200                        Options.compaction_style: kCompactionStyleLevel
2020/02/20-02:31:43.603522 7f82352200                          Options.compaction_pri: kMinOverlappingRatio
2020/02/20-02:31:43.603528 7f82352200 Options.compaction_options_universal.size_ratio: 1
2020/02/20-02:31:43.603533 7f82352200 Options.compaction_options_universal.min_merge_width: 2
2020/02/20-02:31:43.603539 7f82352200 Options.compaction_options_universal.max_merge_width: 4294967295
2020/02/20-02:31:43.603545 7f82352200 Options.compaction_options_universal.max_size_amplification_percent: 200
2020/02/20-02:31:43.603551 7f82352200 Options.compaction_options_universal.compression_size_percent: -1
2020/02/20-02:31:43.603557 7f82352200 Options.compaction_options_universal.stop_style: kCompactionStopStyleTotalSize
2020/02/20-02:31:43.603563 7f82352200 Options.compaction_options_fifo.max_table_files_size: 1073741824
2020/02/20-02:31:43.603569 7f82352200 Options.compaction_options_fifo.allow_compaction: 0
2020/02/20-02:31:43.603575 7f82352200                   Options.table_properties_collectors: 
2020/02/20-02:31:43.603581 7f82352200                   Options.inplace_update_support: 0
2020/02/20-02:31:43.603586 7f82352200                 Options.inplace_update_num_locks: 10000
2020/02/20-02:31:43.603592 7f82352200               Options.memtable_prefix_bloom_size_ratio: 0.000000
2020/02/20-02:31:43.603599 7f82352200               Options.memtable_whole_key_filtering: 0
2020/02/20-02:31:43.603605 7f82352200   Options.memtable_huge_page_size: 0
2020/02/20-02:31:43.603611 7f82352200                           Options.bloom_locality: 0
2020/02/20-02:31:43.603616 7f82352200                    Options.max_successive_merges: 0
2020/02/20-02:31:43.603622 7f82352200                Options.optimize_filters_for_hits: 0
2020/02/20-02:31:43.603628 7f82352200                Options.paranoid_file_checks: 0
2020/02/20-02:31:43.603654 7f82352200                Options.force_consistency_checks: 0
2020/02/20-02:31:43.603661 7f82352200                Options.report_bg_io_stats: 0
2020/02/20-02:31:43.603667 7f82352200                               Options.ttl: 0
2020/02/20-02:31:43.603672 7f82352200          Options.periodic_compaction_seconds: 0
2020/02/20-02:31:43.603861 7f82352200 [_impl/db_impl.cc:2167] Created column family [usertable] (ID 1)
2020/02/20-02:31:43.685826 7f82352200 DB pointer 0x7f4008ea80
2020/02/20-02:31:43.689652 7efbfff200 [_impl/db_impl.cc:853] ------- DUMPING STATS -------
2020/02/20-02:31:43.689843 7efbfff200 [_impl/db_impl.cc:854] 
** DB Stats **
Uptime(secs): 0.2 total, 0.2 interval
Cumulative writes: 0 writes, 0 keys, 0 commit groups, 0.0 writes per commit group, ingest: 0.00 GB, 0.00 MB/s
Cumulative WAL: 0 writes, 0 syncs, 0.00 writes per sync, written: 0.00 GB, 0.00 MB/s
Cumulative stall: 00:00:0.000 H:M:S, 0.0 percent
Interval writes: 0 writes, 0 keys, 0 commit groups, 0.0 writes per commit group, ingest: 0.00 MB, 0.00 MB/s
Interval WAL: 0 writes, 0 syncs, 0.00 writes per sync, written: 0.00 MB, 0.00 MB/s
Interval stall: 00:00:0.000 H:M:S, 0.0 percent

** Compaction Stats [default] **
Level    Files   Size     Score Read(GB)  Rn(GB) Rnp1(GB) Write(GB) Wnew(GB) Moved(GB) W-Amp Rd(MB/s) Wr(MB/s) Comp(sec) CompMergeCPU(sec) Comp(cnt) Avg(sec) KeyIn KeyDrop
----------------------------------------------------------------------------------------------------------------------------------------------------------------------------
 Sum      0/0    0.00 KB   0.0      0.0     0.0      0.0       0.0      0.0       0.0   0.0      0.0      0.0      0.00              0.00         0    0.000       0      0
 Int      0/0    0.00 KB   0.0      0.0     0.0      0.0       0.0      0.0       0.0   0.0      0.0      0.0      0.00              0.00         0    0.000       0      0

** Compaction Stats [default] **
Priority    Files   Size     Score Read(GB)  Rn(GB) Rnp1(GB) Write(GB) Wnew(GB) Moved(GB) W-Amp Rd(MB/s) Wr(MB/s) Comp(sec) CompMergeCPU(sec) Comp(cnt) Avg(sec) KeyIn KeyDrop
-------------------------------------------------------------------------------------------------------------------------------------------------------------------------------
Uptime(secs): 0.2 total, 0.2 interval
Flush(GB): cumulative 0.000, interval 0.000
AddFile(GB): cumulative 0.000, interval 0.000
AddFile(Total Files): cumulative 0, interval 0
AddFile(L0 Files): cumulative 0, interval 0
AddFile(Keys): cumulative 0, interval 0
Cumulative compaction: 0.00 GB write, 0.00 MB/s write, 0.00 GB read, 0.00 MB/s read, 0.0 seconds
Interval compaction: 0.00 GB write, 0.00 MB/s write, 0.00 GB read, 0.00 MB/s read, 0.0 seconds
Stalls(count): 0 level0_slowdown, 0 level0_slowdown_with_compaction, 0 level0_numfiles, 0 level0_numfiles_with_compaction, 0 stop for pending_compaction_bytes, 0 slowdown for pending_compaction_bytes, 0 memtable_compaction, 0 memtable_slowdown, interval 0 total count

** File Read Latency Histogram By Level [default] **

** Compaction Stats [usertable] **
Level    Files   Size     Score Read(GB)  Rn(GB) Rnp1(GB) Write(GB) Wnew(GB) Moved(GB) W-Amp Rd(MB/s) Wr(MB/s) Comp(sec) CompMergeCPU(sec) Comp(cnt) Avg(sec) KeyIn KeyDrop
----------------------------------------------------------------------------------------------------------------------------------------------------------------------------
 Sum      0/0    0.00 KB   0.0      0.0     0.0      0.0       0.0      0.0       0.0   0.0      0.0      0.0      0.00              0.00         0    0.000       0      0
 Int      0/0    0.00 KB   0.0      0.0     0.0      0.0       0.0      0.0       0.0   0.0      0.0      0.0      0.00              0.00         0    0.000       0      0

** Compaction Stats [usertable] **
Priority    Files   Size     Score Read(GB)  Rn(GB) Rnp1(GB) Write(GB) Wnew(GB) Moved(GB) W-Amp Rd(MB/s) Wr(MB/s) Comp(sec) CompMergeCPU(sec) Comp(cnt) Avg(sec) KeyIn KeyDrop
-------------------------------------------------------------------------------------------------------------------------------------------------------------------------------
Uptime(secs): 0.1 total, 0.1 interval
Flush(GB): cumulative 0.000, interval 0.000
AddFile(GB): cumulative 0.000, interval 0.000
AddFile(Total Files): cumulative 0, interval 0
AddFile(L0 Files): cumulative 0, interval 0
AddFile(Keys): cumulative 0, interval 0
Cumulative compaction: 0.00 GB write, 0.00 MB/s write, 0.00 GB read, 0.00 MB/s read, 0.0 seconds
Interval compaction: 0.00 GB write, 0.00 MB/s write, 0.00 GB read, 0.00 MB/s read, 0.0 seconds
Stalls(count): 0 level0_slowdown, 0 level0_slowdown_with_compaction, 0 level0_numfiles, 0 level0_numfiles_with_compaction, 0 stop for pending_compaction_bytes, 0 slowdown for pending_compaction_bytes, 0 memtable_compaction, 0 memtable_slowdown, interval 0 total count

** File Read Latency Histogram By Level [usertable] **

** Compaction Stats [default] **
Level    Files   Size     Score Read(GB)  Rn(GB) Rnp1(GB) Write(GB) Wnew(GB) Moved(GB) W-Amp Rd(MB/s) Wr(MB/s) Comp(sec) CompMergeCPU(sec) Comp(cnt) Avg(sec) KeyIn KeyDrop
----------------------------------------------------------------------------------------------------------------------------------------------------------------------------
 Sum      0/0    0.00 KB   0.0      0.0     0.0      0.0       0.0      0.0       0.0   0.0      0.0      0.0      0.00              0.00         0    0.000       0      0
 Int      0/0    0.00 KB   0.0      0.0     0.0      0.0       0.0      0.0       0.0   0.0      0.0      0.0      0.00              0.00         0    0.000       0      0

** Compaction Stats [default] **
Priority    Files   Size     Score Read(GB)  Rn(GB) Rnp1(GB) Write(GB) Wnew(GB) Moved(GB) W-Amp Rd(MB/s) Wr(MB/s) Comp(sec) CompMergeCPU(sec) Comp(cnt) Avg(sec) KeyIn KeyDrop
-------------------------------------------------------------------------------------------------------------------------------------------------------------------------------
Uptime(secs): 0.2 total, 0.0 interval
Flush(GB): cumulative 0.000, interval 0.000
AddFile(GB): cumulative 0.000, interval 0.000
AddFile(Total Files): cumulative 0, interval 0
AddFile(L0 Files): cumulative 0, interval 0
AddFile(Keys): cumulative 0, interval 0
Cumulative compaction: 0.00 GB write, 0.00 MB/s write, 0.00 GB read, 0.00 MB/s read, 0.0 seconds
Interval compaction: 0.00 GB write, 0.00 MB/s write, 0.00 GB read, 0.00 MB/s read, 0.0 seconds
Stalls(count): 0 level0_slowdown, 0 level0_slowdown_with_compaction, 0 level0_numfiles, 0 level0_numfiles_with_compaction, 0 stop for pending_compaction_bytes, 0 slowdown for pending_compaction_bytes, 0 memtable_compaction, 0 memtable_slowdown, interval 0 total count

** File Read Latency Histogram By Level [default] **

** Compaction Stats [usertable] **
Level    Files   Size     Score Read(GB)  Rn(GB) Rnp1(GB) Write(GB) Wnew(GB) Moved(GB) W-Amp Rd(MB/s) Wr(MB/s) Comp(sec) CompMergeCPU(sec) Comp(cnt) Avg(sec) KeyIn KeyDrop
----------------------------------------------------------------------------------------------------------------------------------------------------------------------------
 Sum      0/0    0.00 KB   0.0      0.0     0.0      0.0       0.0      0.0       0.0   0.0      0.0      0.0      0.00              0.00         0    0.000       0      0
 Int      0/0    0.00 KB   0.0      0.0     0.0      0.0       0.0      0.0       0.0   0.0      0.0      0.0      0.00              0.00         0    0.000       0      0

** Compaction Stats [usertable] **
Priority    Files   Size     Score Read(GB)  Rn(GB) Rnp1(GB) Write(GB) Wnew(GB) Moved(GB) W-Amp Rd(MB/s) Wr(MB/s) Comp(sec) CompMergeCPU(sec) Comp(cnt) Avg(sec) KeyIn KeyDrop
-------------------------------------------------------------------------------------------------------------------------------------------------------------------------------
Uptime(secs): 0.1 total, 0.0 interval
Flush(GB): cumulative 0.000, interval 0.000
AddFile(GB): cumulative 0.000, interval 0.000
AddFile(Total Files): cumulative 0, interval 0
AddFile(L0 Files): cumulative 0, interval 0
AddFile(Keys): cumulative 0, interval 0
Cumulative compaction: 0.00 GB write, 0.00 MB/s write, 0.00 GB read, 0.00 MB/s read, 0.0 seconds
Interval compaction: 0.00 GB write, 0.00 MB/s write, 0.00 GB read, 0.00 MB/s read, 0.0 seconds
Stalls(count): 0 level0_slowdown, 0 level0_slowdown_with_compaction, 0 level0_numfiles, 0 level0_numfiles_with_compaction, 0 stop for pending_compaction_bytes, 0 slowdown for pending_compaction_bytes, 0 memtable_compaction, 0 memtable_slowdown, interval 0 total count

** File Read Latency Histogram By Level [usertable] **
2020/02/20-02:31:53.478080 7f80204200 [_impl/db_impl_write.cc:1656] [usertable] New memtable created with log file: #9. Immutable memtables: 0.
2020/02/20-02:32:01.989305 7f10fff200 [_impl/db_impl_write.cc:1656] [usertable] New memtable created with log file: #10. Immutable memtables: 1.
2020/02/20-02:32:01.989747 7f317ff200 [_impl/db_impl_compaction_flush.cc:106] [JOB 8] Syncing log #3
2020/02/20-02:32:02.317865 7f317ff200 [_impl/db_impl_compaction_flush.cc:106] [JOB 8] Syncing log #9
2020/02/20-02:32:02.823282 7f317ff200 (Original Log Time 2020/02/20-02:32:01.989560) [_impl/db_impl_compaction_flush.cc:2188] Calling FlushMemTableToOutputFile with column family [usertable], flush slots available 6, compaction slots available 1, flush slots scheduled 6, compaction slots scheduled 0
2020/02/20-02:32:02.823313 7f317ff200 [ush_job.cc:320] [usertable] [JOB 8] Flushing memtable with next log file: 9
2020/02/20-02:32:02.823337 7f317ff200 [ush_job.cc:320] [usertable] [JOB 8] Flushing memtable with next log file: 10
2020/02/20-02:32:02.823421 7f317ff200 EVENT_LOG_v1 {"time_micros": 1582165922823388, "job": 8, "event": "flush_started", "num_memtables": 2, "num_entries": 61514, "num_deletes": 0, "total_data_size": 253622222, "memory_usage": 260131544, "flush_reason": "Write Buffer Full"}
2020/02/20-02:32:02.823433 7f317ff200 [ush_job.cc:349] [usertable] [JOB 8] Level-0 flush table #11: started
2020/02/20-02:32:04.182674 7f317ff200 EVENT_LOG_v1 {"time_micros": 1582165924182596, "cf_name": "usertable", "job": 8, "event": "table_file_creation", "file_number": 11, "file_size": 256752875, "table_properties": {"data_size": 254483418, "index_size": 2268682, "index_partitions": 0, "top_level_index_size": 0, "index_key_is_user_key": 0, "index_value_is_delta_encoded": 0, "filter_size": 0, "raw_key_size": 1476336, "raw_average_key_size": 24, "raw_value_size": 251961344, "raw_average_value_size": 4096, "num_data_blocks": 61514, "num_entries": 61514, "num_deletions": 0, "num_merge_operands": 0, "num_range_deletions": 0, "format_version": 0, "fixed_key_len": 0, "filter_policy": "", "column_family_name": "usertable", "column_family_id": 1, "comparator": "leveldb.BytewiseComparator", "merge_operator": "nullptr", "prefix_extractor_name": "nullptr", "property_collectors": "[]", "compression": "NoCompression", "compression_options": "window_bits=-14; level=32767; strategy=0; max_dict_bytes=0; zstd_max_train_bytes=0; enabled=0; ", "creation_time": 1582165922, "oldest_key_time": 1582165903, "file_creation_time": 1582165922}}
2020/02/20-02:32:04.182745 7f317ff200 [ush_job.cc:390] [usertable] [JOB 8] Level-0 flush table #11: 256752875 bytes OK
2020/02/20-02:32:04.211211 7f317ff200 (Original Log Time 2020/02/20-02:32:04.182785) [mtable_list.cc:432] [usertable] Level-0 commit table #11 started
2020/02/20-02:32:04.211219 7f317ff200 (Original Log Time 2020/02/20-02:32:04.210905) [mtable_list.cc:480] [usertable] Level-0 commit table #11: memtable #1 done
2020/02/20-02:32:04.211224 7f317ff200 (Original Log Time 2020/02/20-02:32:04.210931) [mtable_list.cc:480] [usertable] Level-0 commit table #11: memtable #2 done
2020/02/20-02:32:04.211229 7f317ff200 (Original Log Time 2020/02/20-02:32:04.211023) EVENT_LOG_v1 {"time_micros": 1582165924210995, "job": 8, "event": "flush_finished", "output_compression": "NoCompression", "lsm_state": [1, 0, 0, 0, 0, 0, 0], "immutable_memtables": 0}
2020/02/20-02:32:04.211233 7f317ff200 (Original Log Time 2020/02/20-02:32:04.211076) [_impl/db_impl_compaction_flush.cc:206] [usertable] Level summary: files[1 0 0 0 0 0 0] max score 0.50
2020/02/20-02:32:04.211256 7f317ff200 [_impl/db_impl_files.cc:352] [JOB 8] Try to delete WAL files size 253662638, prev total WAL file size 275333822, number of live WAL files 3.
2020/02/20-02:32:12.097093 7f11fff200 [_impl/db_impl_write.cc:1656] [usertable] New memtable created with log file: #12. Immutable memtables: 0.
2020/02/20-02:32:21.369979 7f5c5fe200 [_impl/db_impl_write.cc:1656] [usertable] New memtable created with log file: #13. Immutable memtables: 1.
2020/02/20-02:32:21.370293 7f307ff200 [_impl/db_impl_compaction_flush.cc:106] [JOB 20] Syncing log #10
2020/02/20-02:32:21.916843 7f307ff200 [_impl/db_impl_compaction_flush.cc:106] [JOB 20] Syncing log #12
2020/02/20-02:32:22.469662 7f307ff200 (Original Log Time 2020/02/20-02:32:21.370217) [_impl/db_impl_compaction_flush.cc:2188] Calling FlushMemTableToOutputFile with column family [usertable], flush slots available 6, compaction slots available 1, flush slots scheduled 6, compaction slots scheduled 0
2020/02/20-02:32:22.469705 7f307ff200 [ush_job.cc:320] [usertable] [JOB 20] Flushing memtable with next log file: 12
2020/02/20-02:32:22.469801 7f307ff200 [ush_job.cc:320] [usertable] [JOB 20] Flushing memtable with next log file: 13
2020/02/20-02:32:22.469977 7f307ff200 EVENT_LOG_v1 {"time_micros": 1582165942469873, "job": 20, "event": "flush_started", "num_memtables": 2, "num_entries": 61515, "num_deletes": 0, "total_data_size": 253626345, "memory_usage": 260077312, "flush_reason": "Write Buffer Full"}
2020/02/20-02:32:22.470003 7f307ff200 [ush_job.cc:349] [usertable] [JOB 20] Level-0 flush table #14: started
