2020/02/18-23:55:05.320464 7f487fe200 RocksDB version: 6.5.3
2020/02/18-23:55:05.320620 7f487fe200 Git sha rocksdb_build_git_sha:
2020/02/18-23:55:05.320627 7f487fe200 Compile date Jan 21 2020
2020/02/18-23:55:05.320635 7f487fe200 DB SUMMARY
2020/02/18-23:55:05.320685 7f487fe200 SST files in /mnt/sda/mbwu-rocksdb-data dir, Total Num: 0, files: 
2020/02/18-23:55:05.320695 7f487fe200 Write Ahead Log file in /mnt/sda/mbwu-rocksdb-data: 
2020/02/18-23:55:05.320702 7f487fe200                         Options.error_if_exists: 0
2020/02/18-23:55:05.320705 7f487fe200                       Options.create_if_missing: 1
2020/02/18-23:55:05.320708 7f487fe200                         Options.paranoid_checks: 1
2020/02/18-23:55:05.320711 7f487fe200                                     Options.env: 0x7f2bffbc50
2020/02/18-23:55:05.320714 7f487fe200                                Options.info_log: 0x7f3008ec30
2020/02/18-23:55:05.320717 7f487fe200                Options.max_file_opening_threads: 16
2020/02/18-23:55:05.320720 7f487fe200                              Options.statistics: (nil)
2020/02/18-23:55:05.320723 7f487fe200                               Options.use_fsync: 0
2020/02/18-23:55:05.320726 7f487fe200                       Options.max_log_file_size: 0
2020/02/18-23:55:05.320729 7f487fe200                  Options.max_manifest_file_size: 1073741824
2020/02/18-23:55:05.320732 7f487fe200                   Options.log_file_time_to_roll: 0
2020/02/18-23:55:05.320734 7f487fe200                       Options.keep_log_file_num: 1000
2020/02/18-23:55:05.320737 7f487fe200                    Options.recycle_log_file_num: 0
2020/02/18-23:55:05.320740 7f487fe200                         Options.allow_fallocate: 1
2020/02/18-23:55:05.320743 7f487fe200                        Options.allow_mmap_reads: 0
2020/02/18-23:55:05.320746 7f487fe200                       Options.allow_mmap_writes: 0
2020/02/18-23:55:05.320749 7f487fe200                        Options.use_direct_reads: 0
2020/02/18-23:55:05.320751 7f487fe200                        Options.use_direct_io_for_flush_and_compaction: 0
2020/02/18-23:55:05.320754 7f487fe200          Options.create_missing_column_families: 1
2020/02/18-23:55:05.320757 7f487fe200                              Options.db_log_dir: 
2020/02/18-23:55:05.320760 7f487fe200                                 Options.wal_dir: /mnt/sda/mbwu-rocksdb-data
2020/02/18-23:55:05.320762 7f487fe200                Options.table_cache_numshardbits: 6
2020/02/18-23:55:05.320765 7f487fe200                      Options.max_subcompactions: 1
2020/02/18-23:55:05.320768 7f487fe200                  Options.max_background_flushes: 6
2020/02/18-23:55:05.320770 7f487fe200                         Options.WAL_ttl_seconds: 0
2020/02/18-23:55:05.320773 7f487fe200                       Options.WAL_size_limit_MB: 0
2020/02/18-23:55:05.320776 7f487fe200                        Options.max_write_batch_group_size_bytes: 1048576
2020/02/18-23:55:05.320778 7f487fe200             Options.manifest_preallocation_size: 4194304
2020/02/18-23:55:05.320781 7f487fe200                     Options.is_fd_close_on_exec: 1
2020/02/18-23:55:05.320784 7f487fe200                   Options.advise_random_on_open: 1
2020/02/18-23:55:05.320786 7f487fe200                    Options.db_write_buffer_size: 0
2020/02/18-23:55:05.320789 7f487fe200                    Options.write_buffer_manager: 0x7f300915d0
2020/02/18-23:55:05.320792 7f487fe200         Options.access_hint_on_compaction_start: 1
2020/02/18-23:55:05.320794 7f487fe200  Options.new_table_reader_for_compaction_inputs: 0
2020/02/18-23:55:05.320797 7f487fe200           Options.random_access_max_buffer_size: 1048576
2020/02/18-23:55:05.320799 7f487fe200                      Options.use_adaptive_mutex: 0
2020/02/18-23:55:05.320802 7f487fe200                            Options.rate_limiter: (nil)
2020/02/18-23:55:05.320807 7f487fe200     Options.sst_file_manager.rate_bytes_per_sec: 0
2020/02/18-23:55:05.320809 7f487fe200                       Options.wal_recovery_mode: 2
2020/02/18-23:55:05.320812 7f487fe200                  Options.enable_thread_tracking: 0
2020/02/18-23:55:05.320814 7f487fe200                  Options.enable_pipelined_write: 0
2020/02/18-23:55:05.320833 7f487fe200                  Options.unordered_write: 0
2020/02/18-23:55:05.320837 7f487fe200         Options.allow_concurrent_memtable_write: 1
2020/02/18-23:55:05.320840 7f487fe200      Options.enable_write_thread_adaptive_yield: 1
2020/02/18-23:55:05.320842 7f487fe200             Options.write_thread_max_yield_usec: 100
2020/02/18-23:55:05.320845 7f487fe200            Options.write_thread_slow_yield_usec: 3
2020/02/18-23:55:05.320848 7f487fe200                               Options.row_cache: None
2020/02/18-23:55:05.320851 7f487fe200                              Options.wal_filter: None
2020/02/18-23:55:05.320853 7f487fe200             Options.avoid_flush_during_recovery: 0
2020/02/18-23:55:05.320856 7f487fe200             Options.allow_ingest_behind: 0
2020/02/18-23:55:05.320859 7f487fe200             Options.preserve_deletes: 0
2020/02/18-23:55:05.320861 7f487fe200             Options.two_write_queues: 0
2020/02/18-23:55:05.320864 7f487fe200             Options.manual_wal_flush: 0
2020/02/18-23:55:05.320866 7f487fe200             Options.atomic_flush: 0
2020/02/18-23:55:05.320869 7f487fe200             Options.avoid_unnecessary_blocking_io: 0
2020/02/18-23:55:05.320871 7f487fe200                 Options.persist_stats_to_disk: 0
2020/02/18-23:55:05.320874 7f487fe200                 Options.write_dbid_to_manifest: 0
2020/02/18-23:55:05.320877 7f487fe200                 Options.log_readahead_size: 0
2020/02/18-23:55:05.320882 7f487fe200             Options.max_background_jobs: 6
2020/02/18-23:55:05.320884 7f487fe200             Options.max_background_compactions: 6
2020/02/18-23:55:05.320887 7f487fe200             Options.avoid_flush_during_shutdown: 0
2020/02/18-23:55:05.320889 7f487fe200           Options.writable_file_max_buffer_size: 1048576
2020/02/18-23:55:05.320892 7f487fe200             Options.delayed_write_rate : 16777216
2020/02/18-23:55:05.320895 7f487fe200             Options.max_total_wal_size: 0
2020/02/18-23:55:05.320898 7f487fe200             Options.delete_obsolete_files_period_micros: 21600000000
2020/02/18-23:55:05.320901 7f487fe200                   Options.stats_dump_period_sec: 600
2020/02/18-23:55:05.320903 7f487fe200                 Options.stats_persist_period_sec: 600
2020/02/18-23:55:05.320905 7f487fe200                 Options.stats_history_buffer_size: 1048576
2020/02/18-23:55:05.320908 7f487fe200                          Options.max_open_files: -1
2020/02/18-23:55:05.320911 7f487fe200                          Options.bytes_per_sync: 1048576
2020/02/18-23:55:05.320913 7f487fe200                      Options.wal_bytes_per_sync: 0
2020/02/18-23:55:05.320916 7f487fe200                   Options.strict_bytes_per_sync: 0
2020/02/18-23:55:05.320919 7f487fe200       Options.compaction_readahead_size: 0
2020/02/18-23:55:05.320921 7f487fe200 Compression algorithms supported:
2020/02/18-23:55:05.320924 7f487fe200 	kZSTDNotFinalCompression supported: 1
2020/02/18-23:55:05.320956 7f487fe200 	kZSTD supported: 1
2020/02/18-23:55:05.320961 7f487fe200 	kXpressCompression supported: 0
2020/02/18-23:55:05.320964 7f487fe200 	kLZ4HCCompression supported: 1
2020/02/18-23:55:05.320966 7f487fe200 	kLZ4Compression supported: 1
2020/02/18-23:55:05.320969 7f487fe200 	kBZip2Compression supported: 1
2020/02/18-23:55:05.320972 7f487fe200 	kZlibCompression supported: 1
2020/02/18-23:55:05.320974 7f487fe200 	kSnappyCompression supported: 1
2020/02/18-23:55:05.320983 7f487fe200 Fast CRC32 supported: Not supported on x86
2020/02/18-23:55:05.349791 7f487fe200 [_impl/db_impl_open.cc:247] Creating manifest 1 
2020/02/18-23:55:05.422652 7f487fe200 [rsion_set.cc:4319] Recovering from manifest file: /mnt/sda/mbwu-rocksdb-data/MANIFEST-000001
2020/02/18-23:55:05.422879 7f487fe200 [lumn_family.cc:489] --------------- Options for column family [default]:
2020/02/18-23:55:05.422888 7f487fe200               Options.comparator: leveldb.BytewiseComparator
2020/02/18-23:55:05.422892 7f487fe200           Options.merge_operator: None
2020/02/18-23:55:05.422895 7f487fe200        Options.compaction_filter: None
2020/02/18-23:55:05.422936 7f487fe200        Options.compaction_filter_factory: None
2020/02/18-23:55:05.422941 7f487fe200         Options.memtable_factory: SkipListFactory
2020/02/18-23:55:05.422945 7f487fe200            Options.table_factory: BlockBasedTable
2020/02/18-23:55:05.423001 7f487fe200            table_factory options:   flush_block_policy_factory: FlushBlockBySizePolicyFactory (0x7f30089eb0)
  cache_index_and_filter_blocks: 0
  cache_index_and_filter_blocks_with_high_priority: 1
  pin_l0_filter_and_index_blocks_in_cache: 0
  pin_top_level_index_and_filter: 1
  index_type: 0
  data_block_index_type: 0
  index_shortening: 1
  data_block_hash_table_util_ratio: 0.750000
  hash_index_allow_collision: 1
  checksum: 1
  no_block_cache: 0
  block_cache: 0x7f30089430
  block_cache_name: LRUCache
  block_cache_options:
    capacity : 8388608
    num_shard_bits : 4
    strict_capacity_limit : 0
    memory_allocator : None
    high_pri_pool_ratio: 0.000
  block_cache_compressed: (nil)
  persistent_cache: (nil)
  block_size: 4096
  block_size_deviation: 10
  block_restart_interval: 16
  index_block_restart_interval: 1
  metadata_block_size: 4096
  partition_filters: 0
  use_delta_encoding: 1
  filter_policy: nullptr
  whole_key_filtering: 1
  verify_compression: 0
  read_amp_bytes_per_bit: 0
  format_version: 2
  enable_index_compression: 1
  block_align: 0
2020/02/18-23:55:05.423006 7f487fe200        Options.write_buffer_size: 134217728
2020/02/18-23:55:05.423009 7f487fe200  Options.max_write_buffer_number: 6
2020/02/18-23:55:05.423012 7f487fe200        Options.compression[0]: NoCompression
2020/02/18-23:55:05.423016 7f487fe200        Options.compression[1]: NoCompression
2020/02/18-23:55:05.423019 7f487fe200        Options.compression[2]: LZ4
2020/02/18-23:55:05.423022 7f487fe200        Options.compression[3]: LZ4
2020/02/18-23:55:05.423025 7f487fe200        Options.compression[4]: LZ4
2020/02/18-23:55:05.423027 7f487fe200        Options.compression[5]: LZ4
2020/02/18-23:55:05.423030 7f487fe200        Options.compression[6]: LZ4
2020/02/18-23:55:05.423033 7f487fe200                  Options.bottommost_compression: Disabled
2020/02/18-23:55:05.423035 7f487fe200       Options.prefix_extractor: nullptr
2020/02/18-23:55:05.423038 7f487fe200   Options.memtable_insert_with_hint_prefix_extractor: nullptr
2020/02/18-23:55:05.423040 7f487fe200             Options.num_levels: 7
2020/02/18-23:55:05.423043 7f487fe200        Options.min_write_buffer_number_to_merge: 2
2020/02/18-23:55:05.423046 7f487fe200     Options.max_write_buffer_number_to_maintain: 0
2020/02/18-23:55:05.423048 7f487fe200     Options.max_write_buffer_size_to_maintain: 0
2020/02/18-23:55:05.423051 7f487fe200            Options.bottommost_compression_opts.window_bits: -14
2020/02/18-23:55:05.423054 7f487fe200                  Options.bottommost_compression_opts.level: 32767
2020/02/18-23:55:05.423056 7f487fe200               Options.bottommost_compression_opts.strategy: 0
2020/02/18-23:55:05.423059 7f487fe200         Options.bottommost_compression_opts.max_dict_bytes: 0
2020/02/18-23:55:05.423062 7f487fe200         Options.bottommost_compression_opts.zstd_max_train_bytes: 0
2020/02/18-23:55:05.423065 7f487fe200                  Options.bottommost_compression_opts.enabled: false
2020/02/18-23:55:05.423068 7f487fe200            Options.compression_opts.window_bits: -14
2020/02/18-23:55:05.423070 7f487fe200                  Options.compression_opts.level: 32767
2020/02/18-23:55:05.423073 7f487fe200               Options.compression_opts.strategy: 0
2020/02/18-23:55:05.423076 7f487fe200         Options.compression_opts.max_dict_bytes: 0
2020/02/18-23:55:05.423078 7f487fe200         Options.compression_opts.zstd_max_train_bytes: 0
2020/02/18-23:55:05.423081 7f487fe200                  Options.compression_opts.enabled: false
2020/02/18-23:55:05.423084 7f487fe200      Options.level0_file_num_compaction_trigger: 2
2020/02/18-23:55:05.423086 7f487fe200          Options.level0_slowdown_writes_trigger: 20
2020/02/18-23:55:05.423089 7f487fe200              Options.level0_stop_writes_trigger: 36
2020/02/18-23:55:05.423104 7f487fe200                   Options.target_file_size_base: 67108864
2020/02/18-23:55:05.423108 7f487fe200             Options.target_file_size_multiplier: 1
2020/02/18-23:55:05.423111 7f487fe200                Options.max_bytes_for_level_base: 536870912
2020/02/18-23:55:05.423114 7f487fe200                      Options.snap_refresh_nanos: 0
2020/02/18-23:55:05.423116 7f487fe200 Options.level_compaction_dynamic_level_bytes: 0
2020/02/18-23:55:05.423119 7f487fe200          Options.max_bytes_for_level_multiplier: 10.000000
2020/02/18-23:55:05.423123 7f487fe200 Options.max_bytes_for_level_multiplier_addtl[0]: 1
2020/02/18-23:55:05.423126 7f487fe200 Options.max_bytes_for_level_multiplier_addtl[1]: 1
2020/02/18-23:55:05.423129 7f487fe200 Options.max_bytes_for_level_multiplier_addtl[2]: 1
2020/02/18-23:55:05.423131 7f487fe200 Options.max_bytes_for_level_multiplier_addtl[3]: 1
2020/02/18-23:55:05.423134 7f487fe200 Options.max_bytes_for_level_multiplier_addtl[4]: 1
2020/02/18-23:55:05.423136 7f487fe200 Options.max_bytes_for_level_multiplier_addtl[5]: 1
2020/02/18-23:55:05.423139 7f487fe200 Options.max_bytes_for_level_multiplier_addtl[6]: 1
2020/02/18-23:55:05.423141 7f487fe200       Options.max_sequential_skip_in_iterations: 8
2020/02/18-23:55:05.423144 7f487fe200                    Options.max_compaction_bytes: 1677721600
2020/02/18-23:55:05.423147 7f487fe200                        Options.arena_block_size: 16777216
2020/02/18-23:55:05.423149 7f487fe200   Options.soft_pending_compaction_bytes_limit: 68719476736
2020/02/18-23:55:05.423152 7f487fe200   Options.hard_pending_compaction_bytes_limit: 274877906944
2020/02/18-23:55:05.423154 7f487fe200       Options.rate_limit_delay_max_milliseconds: 100
2020/02/18-23:55:05.423157 7f487fe200                Options.disable_auto_compactions: 0
2020/02/18-23:55:05.423161 7f487fe200                        Options.compaction_style: kCompactionStyleLevel
2020/02/18-23:55:05.423164 7f487fe200                          Options.compaction_pri: kMinOverlappingRatio
2020/02/18-23:55:05.423167 7f487fe200 Options.compaction_options_universal.size_ratio: 1
2020/02/18-23:55:05.423169 7f487fe200 Options.compaction_options_universal.min_merge_width: 2
2020/02/18-23:55:05.423172 7f487fe200 Options.compaction_options_universal.max_merge_width: 4294967295
2020/02/18-23:55:05.423175 7f487fe200 Options.compaction_options_universal.max_size_amplification_percent: 200
2020/02/18-23:55:05.423177 7f487fe200 Options.compaction_options_universal.compression_size_percent: -1
2020/02/18-23:55:05.423181 7f487fe200 Options.compaction_options_universal.stop_style: kCompactionStopStyleTotalSize
2020/02/18-23:55:05.423183 7f487fe200 Options.compaction_options_fifo.max_table_files_size: 1073741824
2020/02/18-23:55:05.423186 7f487fe200 Options.compaction_options_fifo.allow_compaction: 0
2020/02/18-23:55:05.423188 7f487fe200                   Options.table_properties_collectors: 
2020/02/18-23:55:05.423191 7f487fe200                   Options.inplace_update_support: 0
2020/02/18-23:55:05.423193 7f487fe200                 Options.inplace_update_num_locks: 10000
2020/02/18-23:55:05.423196 7f487fe200               Options.memtable_prefix_bloom_size_ratio: 0.000000
2020/02/18-23:55:05.423199 7f487fe200               Options.memtable_whole_key_filtering: 0
2020/02/18-23:55:05.423201 7f487fe200   Options.memtable_huge_page_size: 0
2020/02/18-23:55:05.423204 7f487fe200                           Options.bloom_locality: 0
2020/02/18-23:55:05.423206 7f487fe200                    Options.max_successive_merges: 0
2020/02/18-23:55:05.423209 7f487fe200                Options.optimize_filters_for_hits: 0
2020/02/18-23:55:05.423211 7f487fe200                Options.paranoid_file_checks: 0
2020/02/18-23:55:05.423214 7f487fe200                Options.force_consistency_checks: 0
2020/02/18-23:55:05.423216 7f487fe200                Options.report_bg_io_stats: 0
2020/02/18-23:55:05.423219 7f487fe200                               Options.ttl: 0
2020/02/18-23:55:05.423233 7f487fe200          Options.periodic_compaction_seconds: 0
2020/02/18-23:55:05.425147 7f487fe200 [rsion_set.cc:4469] Recovered from manifest file:/mnt/sda/mbwu-rocksdb-data/MANIFEST-000001 succeeded,manifest_file_number is 1, next_file_number is 3, last_sequence is 0, log_number is 0,prev_log_number is 0,max_column_family is 0,min_log_number_to_keep is 0
2020/02/18-23:55:05.425171 7f487fe200 [rsion_set.cc:4478] Column family [default] (ID 0), log number is 0
2020/02/18-23:55:05.425800 7f487fe200 [rsion_set.cc:3734] Creating manifest 4
2020/02/18-23:55:05.499066 7f487fe200 [lumn_family.cc:489] --------------- Options for column family [usertable]:
2020/02/18-23:55:05.499106 7f487fe200               Options.comparator: leveldb.BytewiseComparator
2020/02/18-23:55:05.499114 7f487fe200           Options.merge_operator: None
2020/02/18-23:55:05.499120 7f487fe200        Options.compaction_filter: None
2020/02/18-23:55:05.499126 7f487fe200        Options.compaction_filter_factory: None
2020/02/18-23:55:05.499132 7f487fe200         Options.memtable_factory: SkipListFactory
2020/02/18-23:55:05.499138 7f487fe200            Options.table_factory: BlockBasedTable
2020/02/18-23:55:05.499244 7f487fe200            table_factory options:   flush_block_policy_factory: FlushBlockBySizePolicyFactory (0x7f30089d90)
  cache_index_and_filter_blocks: 0
  cache_index_and_filter_blocks_with_high_priority: 1
  pin_l0_filter_and_index_blocks_in_cache: 0
  pin_top_level_index_and_filter: 1
  index_type: 0
  data_block_index_type: 0
  index_shortening: 1
  data_block_hash_table_util_ratio: 0.750000
  hash_index_allow_collision: 1
  checksum: 1
  no_block_cache: 0
  block_cache: 0x7f3008e410
  block_cache_name: LRUCache
  block_cache_options:
    capacity : 8388608
    num_shard_bits : 4
    strict_capacity_limit : 0
    memory_allocator : None
    high_pri_pool_ratio: 0.000
  block_cache_compressed: (nil)
  persistent_cache: (nil)
  block_size: 4096
  block_size_deviation: 10
  block_restart_interval: 16
  index_block_restart_interval: 1
  metadata_block_size: 4096
  partition_filters: 0
  use_delta_encoding: 1
  filter_policy: nullptr
  whole_key_filtering: 1
  verify_compression: 0
  read_amp_bytes_per_bit: 0
  format_version: 2
  enable_index_compression: 1
  block_align: 0
2020/02/18-23:55:05.499254 7f487fe200        Options.write_buffer_size: 134217728
2020/02/18-23:55:05.499261 7f487fe200  Options.max_write_buffer_number: 6
2020/02/18-23:55:05.499269 7f487fe200        Options.compression[0]: NoCompression
2020/02/18-23:55:05.499276 7f487fe200        Options.compression[1]: NoCompression
2020/02/18-23:55:05.499283 7f487fe200        Options.compression[2]: LZ4
2020/02/18-23:55:05.499289 7f487fe200        Options.compression[3]: LZ4
2020/02/18-23:55:05.499296 7f487fe200        Options.compression[4]: LZ4
2020/02/18-23:55:05.499302 7f487fe200        Options.compression[5]: LZ4
2020/02/18-23:55:05.499308 7f487fe200        Options.compression[6]: LZ4
2020/02/18-23:55:05.499315 7f487fe200                  Options.bottommost_compression: Disabled
2020/02/18-23:55:05.499321 7f487fe200       Options.prefix_extractor: nullptr
2020/02/18-23:55:05.499327 7f487fe200   Options.memtable_insert_with_hint_prefix_extractor: nullptr
2020/02/18-23:55:05.499333 7f487fe200             Options.num_levels: 7
2020/02/18-23:55:05.499339 7f487fe200        Options.min_write_buffer_number_to_merge: 2
2020/02/18-23:55:05.499345 7f487fe200     Options.max_write_buffer_number_to_maintain: 0
2020/02/18-23:55:05.499351 7f487fe200     Options.max_write_buffer_size_to_maintain: 0
2020/02/18-23:55:05.499357 7f487fe200            Options.bottommost_compression_opts.window_bits: -14
2020/02/18-23:55:05.499363 7f487fe200                  Options.bottommost_compression_opts.level: 32767
2020/02/18-23:55:05.499369 7f487fe200               Options.bottommost_compression_opts.strategy: 0
2020/02/18-23:55:05.499375 7f487fe200         Options.bottommost_compression_opts.max_dict_bytes: 0
2020/02/18-23:55:05.499381 7f487fe200         Options.bottommost_compression_opts.zstd_max_train_bytes: 0
2020/02/18-23:55:05.499388 7f487fe200                  Options.bottommost_compression_opts.enabled: false
2020/02/18-23:55:05.499393 7f487fe200            Options.compression_opts.window_bits: -14
2020/02/18-23:55:05.499399 7f487fe200                  Options.compression_opts.level: 32767
2020/02/18-23:55:05.499405 7f487fe200               Options.compression_opts.strategy: 0
2020/02/18-23:55:05.499411 7f487fe200         Options.compression_opts.max_dict_bytes: 0
2020/02/18-23:55:05.499417 7f487fe200         Options.compression_opts.zstd_max_train_bytes: 0
2020/02/18-23:55:05.499472 7f487fe200                  Options.compression_opts.enabled: false
2020/02/18-23:55:05.499480 7f487fe200      Options.level0_file_num_compaction_trigger: 2
2020/02/18-23:55:05.499486 7f487fe200          Options.level0_slowdown_writes_trigger: 20
2020/02/18-23:55:05.499493 7f487fe200              Options.level0_stop_writes_trigger: 36
2020/02/18-23:55:05.499498 7f487fe200                   Options.target_file_size_base: 67108864
2020/02/18-23:55:05.499504 7f487fe200             Options.target_file_size_multiplier: 1
2020/02/18-23:55:05.499510 7f487fe200                Options.max_bytes_for_level_base: 536870912
2020/02/18-23:55:05.499516 7f487fe200                      Options.snap_refresh_nanos: 0
2020/02/18-23:55:05.499521 7f487fe200 Options.level_compaction_dynamic_level_bytes: 0
2020/02/18-23:55:05.499527 7f487fe200          Options.max_bytes_for_level_multiplier: 10.000000
2020/02/18-23:55:05.499538 7f487fe200 Options.max_bytes_for_level_multiplier_addtl[0]: 1
2020/02/18-23:55:05.499544 7f487fe200 Options.max_bytes_for_level_multiplier_addtl[1]: 1
2020/02/18-23:55:05.499550 7f487fe200 Options.max_bytes_for_level_multiplier_addtl[2]: 1
2020/02/18-23:55:05.499556 7f487fe200 Options.max_bytes_for_level_multiplier_addtl[3]: 1
2020/02/18-23:55:05.499562 7f487fe200 Options.max_bytes_for_level_multiplier_addtl[4]: 1
2020/02/18-23:55:05.499567 7f487fe200 Options.max_bytes_for_level_multiplier_addtl[5]: 1
2020/02/18-23:55:05.499573 7f487fe200 Options.max_bytes_for_level_multiplier_addtl[6]: 1
2020/02/18-23:55:05.499579 7f487fe200       Options.max_sequential_skip_in_iterations: 8
2020/02/18-23:55:05.499585 7f487fe200                    Options.max_compaction_bytes: 1677721600
2020/02/18-23:55:05.499591 7f487fe200                        Options.arena_block_size: 16777216
2020/02/18-23:55:05.499597 7f487fe200   Options.soft_pending_compaction_bytes_limit: 68719476736
2020/02/18-23:55:05.499603 7f487fe200   Options.hard_pending_compaction_bytes_limit: 274877906944
2020/02/18-23:55:05.499609 7f487fe200       Options.rate_limit_delay_max_milliseconds: 100
2020/02/18-23:55:05.499614 7f487fe200                Options.disable_auto_compactions: 0
2020/02/18-23:55:05.499622 7f487fe200                        Options.compaction_style: kCompactionStyleLevel
2020/02/18-23:55:05.499629 7f487fe200                          Options.compaction_pri: kMinOverlappingRatio
2020/02/18-23:55:05.499635 7f487fe200 Options.compaction_options_universal.size_ratio: 1
2020/02/18-23:55:05.499641 7f487fe200 Options.compaction_options_universal.min_merge_width: 2
2020/02/18-23:55:05.499647 7f487fe200 Options.compaction_options_universal.max_merge_width: 4294967295
2020/02/18-23:55:05.499653 7f487fe200 Options.compaction_options_universal.max_size_amplification_percent: 200
2020/02/18-23:55:05.499658 7f487fe200 Options.compaction_options_universal.compression_size_percent: -1
2020/02/18-23:55:05.499665 7f487fe200 Options.compaction_options_universal.stop_style: kCompactionStopStyleTotalSize
2020/02/18-23:55:05.499671 7f487fe200 Options.compaction_options_fifo.max_table_files_size: 1073741824
2020/02/18-23:55:05.499677 7f487fe200 Options.compaction_options_fifo.allow_compaction: 0
2020/02/18-23:55:05.499683 7f487fe200                   Options.table_properties_collectors: 
2020/02/18-23:55:05.499689 7f487fe200                   Options.inplace_update_support: 0
2020/02/18-23:55:05.499695 7f487fe200                 Options.inplace_update_num_locks: 10000
2020/02/18-23:55:05.499700 7f487fe200               Options.memtable_prefix_bloom_size_ratio: 0.000000
2020/02/18-23:55:05.499707 7f487fe200               Options.memtable_whole_key_filtering: 0
2020/02/18-23:55:05.499713 7f487fe200   Options.memtable_huge_page_size: 0
2020/02/18-23:55:05.499719 7f487fe200                           Options.bloom_locality: 0
2020/02/18-23:55:05.499725 7f487fe200                    Options.max_successive_merges: 0
2020/02/18-23:55:05.499731 7f487fe200                Options.optimize_filters_for_hits: 0
2020/02/18-23:55:05.499736 7f487fe200                Options.paranoid_file_checks: 0
2020/02/18-23:55:05.499762 7f487fe200                Options.force_consistency_checks: 0
2020/02/18-23:55:05.499770 7f487fe200                Options.report_bg_io_stats: 0
2020/02/18-23:55:05.499775 7f487fe200                               Options.ttl: 0
2020/02/18-23:55:05.499781 7f487fe200          Options.periodic_compaction_seconds: 0
2020/02/18-23:55:05.499997 7f487fe200 [_impl/db_impl.cc:2167] Created column family [usertable] (ID 1)
2020/02/18-23:55:05.576711 7f487fe200 DB pointer 0x7f30090090
2020/02/18-23:55:05.580980 7ee5fff200 [_impl/db_impl.cc:853] ------- DUMPING STATS -------
2020/02/18-23:55:05.581168 7ee5fff200 [_impl/db_impl.cc:854] 
** DB Stats **
Uptime(secs): 0.2 total, 0.2 interval
Cumulative writes: 0 writes, 0 keys, 0 commit groups, 0.0 writes per commit group, ingest: 0.00 GB, 0.00 MB/s
Cumulative WAL: 0 writes, 0 syncs, 0.00 writes per sync, written: 0.00 GB, 0.00 MB/s
Cumulative stall: 00:00:0.000 H:M:S, 0.0 percent
Interval writes: 0 writes, 0 keys, 0 commit groups, 0.0 writes per commit group, ingest: 0.00 MB, 0.00 MB/s
Interval WAL: 0 writes, 0 syncs, 0.00 writes per sync, written: 0.00 MB, 0.00 MB/s
Interval stall: 00:00:0.000 H:M:S, 0.0 percent

** Compaction Stats [default] **
Level    Files   Size     Score Read(GB)  Rn(GB) Rnp1(GB) Write(GB) Wnew(GB) Moved(GB) W-Amp Rd(MB/s) Wr(MB/s) Comp(sec) CompMergeCPU(sec) Comp(cnt) Avg(sec) KeyIn KeyDrop
----------------------------------------------------------------------------------------------------------------------------------------------------------------------------
 Sum      0/0    0.00 KB   0.0      0.0     0.0      0.0       0.0      0.0       0.0   0.0      0.0      0.0      0.00              0.00         0    0.000       0      0
 Int      0/0    0.00 KB   0.0      0.0     0.0      0.0       0.0      0.0       0.0   0.0      0.0      0.0      0.00              0.00         0    0.000       0      0

** Compaction Stats [default] **
Priority    Files   Size     Score Read(GB)  Rn(GB) Rnp1(GB) Write(GB) Wnew(GB) Moved(GB) W-Amp Rd(MB/s) Wr(MB/s) Comp(sec) CompMergeCPU(sec) Comp(cnt) Avg(sec) KeyIn KeyDrop
-------------------------------------------------------------------------------------------------------------------------------------------------------------------------------
Uptime(secs): 0.2 total, 0.2 interval
Flush(GB): cumulative 0.000, interval 0.000
AddFile(GB): cumulative 0.000, interval 0.000
AddFile(Total Files): cumulative 0, interval 0
AddFile(L0 Files): cumulative 0, interval 0
AddFile(Keys): cumulative 0, interval 0
Cumulative compaction: 0.00 GB write, 0.00 MB/s write, 0.00 GB read, 0.00 MB/s read, 0.0 seconds
Interval compaction: 0.00 GB write, 0.00 MB/s write, 0.00 GB read, 0.00 MB/s read, 0.0 seconds
Stalls(count): 0 level0_slowdown, 0 level0_slowdown_with_compaction, 0 level0_numfiles, 0 level0_numfiles_with_compaction, 0 stop for pending_compaction_bytes, 0 slowdown for pending_compaction_bytes, 0 memtable_compaction, 0 memtable_slowdown, interval 0 total count

** File Read Latency Histogram By Level [default] **

** Compaction Stats [usertable] **
Level    Files   Size     Score Read(GB)  Rn(GB) Rnp1(GB) Write(GB) Wnew(GB) Moved(GB) W-Amp Rd(MB/s) Wr(MB/s) Comp(sec) CompMergeCPU(sec) Comp(cnt) Avg(sec) KeyIn KeyDrop
----------------------------------------------------------------------------------------------------------------------------------------------------------------------------
 Sum      0/0    0.00 KB   0.0      0.0     0.0      0.0       0.0      0.0       0.0   0.0      0.0      0.0      0.00              0.00         0    0.000       0      0
 Int      0/0    0.00 KB   0.0      0.0     0.0      0.0       0.0      0.0       0.0   0.0      0.0      0.0      0.00              0.00         0    0.000       0      0

** Compaction Stats [usertable] **
Priority    Files   Size     Score Read(GB)  Rn(GB) Rnp1(GB) Write(GB) Wnew(GB) Moved(GB) W-Amp Rd(MB/s) Wr(MB/s) Comp(sec) CompMergeCPU(sec) Comp(cnt) Avg(sec) KeyIn KeyDrop
-------------------------------------------------------------------------------------------------------------------------------------------------------------------------------
Uptime(secs): 0.1 total, 0.1 interval
Flush(GB): cumulative 0.000, interval 0.000
AddFile(GB): cumulative 0.000, interval 0.000
AddFile(Total Files): cumulative 0, interval 0
AddFile(L0 Files): cumulative 0, interval 0
AddFile(Keys): cumulative 0, interval 0
Cumulative compaction: 0.00 GB write, 0.00 MB/s write, 0.00 GB read, 0.00 MB/s read, 0.0 seconds
Interval compaction: 0.00 GB write, 0.00 MB/s write, 0.00 GB read, 0.00 MB/s read, 0.0 seconds
Stalls(count): 0 level0_slowdown, 0 level0_slowdown_with_compaction, 0 level0_numfiles, 0 level0_numfiles_with_compaction, 0 stop for pending_compaction_bytes, 0 slowdown for pending_compaction_bytes, 0 memtable_compaction, 0 memtable_slowdown, interval 0 total count

** File Read Latency Histogram By Level [usertable] **

** Compaction Stats [default] **
Level    Files   Size     Score Read(GB)  Rn(GB) Rnp1(GB) Write(GB) Wnew(GB) Moved(GB) W-Amp Rd(MB/s) Wr(MB/s) Comp(sec) CompMergeCPU(sec) Comp(cnt) Avg(sec) KeyIn KeyDrop
----------------------------------------------------------------------------------------------------------------------------------------------------------------------------
 Sum      0/0    0.00 KB   0.0      0.0     0.0      0.0       0.0      0.0       0.0   0.0      0.0      0.0      0.00              0.00         0    0.000       0      0
 Int      0/0    0.00 KB   0.0      0.0     0.0      0.0       0.0      0.0       0.0   0.0      0.0      0.0      0.00              0.00         0    0.000       0      0

** Compaction Stats [default] **
Priority    Files   Size     Score Read(GB)  Rn(GB) Rnp1(GB) Write(GB) Wnew(GB) Moved(GB) W-Amp Rd(MB/s) Wr(MB/s) Comp(sec) CompMergeCPU(sec) Comp(cnt) Avg(sec) KeyIn KeyDrop
-------------------------------------------------------------------------------------------------------------------------------------------------------------------------------
Uptime(secs): 0.2 total, 0.0 interval
Flush(GB): cumulative 0.000, interval 0.000
AddFile(GB): cumulative 0.000, interval 0.000
AddFile(Total Files): cumulative 0, interval 0
AddFile(L0 Files): cumulative 0, interval 0
AddFile(Keys): cumulative 0, interval 0
Cumulative compaction: 0.00 GB write, 0.00 MB/s write, 0.00 GB read, 0.00 MB/s read, 0.0 seconds
Interval compaction: 0.00 GB write, 0.00 MB/s write, 0.00 GB read, 0.00 MB/s read, 0.0 seconds
Stalls(count): 0 level0_slowdown, 0 level0_slowdown_with_compaction, 0 level0_numfiles, 0 level0_numfiles_with_compaction, 0 stop for pending_compaction_bytes, 0 slowdown for pending_compaction_bytes, 0 memtable_compaction, 0 memtable_slowdown, interval 0 total count

** File Read Latency Histogram By Level [default] **

** Compaction Stats [usertable] **
Level    Files   Size     Score Read(GB)  Rn(GB) Rnp1(GB) Write(GB) Wnew(GB) Moved(GB) W-Amp Rd(MB/s) Wr(MB/s) Comp(sec) CompMergeCPU(sec) Comp(cnt) Avg(sec) KeyIn KeyDrop
----------------------------------------------------------------------------------------------------------------------------------------------------------------------------
 Sum      0/0    0.00 KB   0.0      0.0     0.0      0.0       0.0      0.0       0.0   0.0      0.0      0.0      0.00              0.00         0    0.000       0      0
 Int      0/0    0.00 KB   0.0      0.0     0.0      0.0       0.0      0.0       0.0   0.0      0.0      0.0      0.00              0.00         0    0.000       0      0

** Compaction Stats [usertable] **
Priority    Files   Size     Score Read(GB)  Rn(GB) Rnp1(GB) Write(GB) Wnew(GB) Moved(GB) W-Amp Rd(MB/s) Wr(MB/s) Comp(sec) CompMergeCPU(sec) Comp(cnt) Avg(sec) KeyIn KeyDrop
-------------------------------------------------------------------------------------------------------------------------------------------------------------------------------
Uptime(secs): 0.1 total, 0.0 interval
Flush(GB): cumulative 0.000, interval 0.000
AddFile(GB): cumulative 0.000, interval 0.000
AddFile(Total Files): cumulative 0, interval 0
AddFile(L0 Files): cumulative 0, interval 0
AddFile(Keys): cumulative 0, interval 0
Cumulative compaction: 0.00 GB write, 0.00 MB/s write, 0.00 GB read, 0.00 MB/s read, 0.0 seconds
Interval compaction: 0.00 GB write, 0.00 MB/s write, 0.00 GB read, 0.00 MB/s read, 0.0 seconds
Stalls(count): 0 level0_slowdown, 0 level0_slowdown_with_compaction, 0 level0_numfiles, 0 level0_numfiles_with_compaction, 0 stop for pending_compaction_bytes, 0 slowdown for pending_compaction_bytes, 0 memtable_compaction, 0 memtable_slowdown, interval 0 total count

** File Read Latency Histogram By Level [usertable] **
2020/02/18-23:55:15.388672 7ee6fff200 [_impl/db_impl_write.cc:1656] [usertable] New memtable created with log file: #9. Immutable memtables: 0.
2020/02/18-23:55:25.851256 7f487fe200 [_impl/db_impl_write.cc:1656] [usertable] New memtable created with log file: #10. Immutable memtables: 1.
2020/02/18-23:55:25.851957 7f0ffff200 [_impl/db_impl_compaction_flush.cc:106] [JOB 12] Syncing log #3
2020/02/18-23:55:26.081582 7f0ffff200 [_impl/db_impl_compaction_flush.cc:106] [JOB 12] Syncing log #9
2020/02/18-23:55:26.644107 7f0ffff200 (Original Log Time 2020/02/18-23:55:25.851837) [_impl/db_impl_compaction_flush.cc:2188] Calling FlushMemTableToOutputFile with column family [usertable], flush slots available 6, compaction slots available 1, flush slots scheduled 6, compaction slots scheduled 0
2020/02/18-23:55:26.644156 7f0ffff200 [ush_job.cc:320] [usertable] [JOB 12] Flushing memtable with next log file: 9
2020/02/18-23:55:26.644193 7f0ffff200 [ush_job.cc:320] [usertable] [JOB 12] Flushing memtable with next log file: 10
2020/02/18-23:55:26.644331 7f0ffff200 EVENT_LOG_v1 {"time_micros": 1582070126644272, "job": 12, "event": "flush_started", "num_memtables": 2, "num_entries": 61512, "num_deletes": 0, "total_data_size": 253613976, "memory_usage": 260123456, "flush_reason": "Write Buffer Full"}
2020/02/18-23:55:26.644355 7f0ffff200 [ush_job.cc:349] [usertable] [JOB 12] Level-0 flush table #11: started
2020/02/18-23:55:28.025354 7f0ffff200 EVENT_LOG_v1 {"time_micros": 1582070128025258, "cf_name": "usertable", "job": 12, "event": "table_file_creation", "file_number": 11, "file_size": 256744527, "table_properties": {"data_size": 254475144, "index_size": 2268608, "index_partitions": 0, "top_level_index_size": 0, "index_key_is_user_key": 0, "index_value_is_delta_encoded": 0, "filter_size": 0, "raw_key_size": 1476288, "raw_average_key_size": 24, "raw_value_size": 251953152, "raw_average_value_size": 4096, "num_data_blocks": 61512, "num_entries": 61512, "num_deletions": 0, "num_merge_operands": 0, "num_range_deletions": 0, "format_version": 0, "fixed_key_len": 0, "filter_policy": "", "column_family_name": "usertable", "column_family_id": 1, "comparator": "leveldb.BytewiseComparator", "merge_operator": "nullptr", "prefix_extractor_name": "nullptr", "property_collectors": "[]", "compression": "NoCompression", "compression_options": "window_bits=-14; level=32767; strategy=0; max_dict_bytes=0; zstd_max_train_bytes=0; enabled=0; ", "creation_time": 1582070126, "oldest_key_time": 1582070105, "file_creation_time": 1582070126}}
2020/02/18-23:55:28.025410 7f0ffff200 [ush_job.cc:390] [usertable] [JOB 12] Level-0 flush table #11: 256744527 bytes OK
2020/02/18-23:55:28.053997 7f0ffff200 (Original Log Time 2020/02/18-23:55:28.025455) [mtable_list.cc:432] [usertable] Level-0 commit table #11 started
2020/02/18-23:55:28.054004 7f0ffff200 (Original Log Time 2020/02/18-23:55:28.053766) [mtable_list.cc:480] [usertable] Level-0 commit table #11: memtable #1 done
2020/02/18-23:55:28.054009 7f0ffff200 (Original Log Time 2020/02/18-23:55:28.053793) [mtable_list.cc:480] [usertable] Level-0 commit table #11: memtable #2 done
2020/02/18-23:55:28.054013 7f0ffff200 (Original Log Time 2020/02/18-23:55:28.053853) EVENT_LOG_v1 {"time_micros": 1582070128053832, "job": 12, "event": "flush_finished", "output_compression": "NoCompression", "lsm_state": [1, 0, 0, 0, 0, 0, 0], "immutable_memtables": 0}
2020/02/18-23:55:28.054017 7f0ffff200 (Original Log Time 2020/02/18-23:55:28.053893) [_impl/db_impl_compaction_flush.cc:206] [usertable] Level summary: files[1 0 0 0 0 0 0] max score 0.50
2020/02/18-23:55:28.054038 7f0ffff200 [_impl/db_impl_files.cc:352] [JOB 12] Try to delete WAL files size 253535388, prev total WAL file size 291566304, number of live WAL files 3.
2020/02/18-23:55:32.242692 7ee7fff200 [_impl/db_impl_write.cc:1656] [usertable] New memtable created with log file: #12. Immutable memtables: 0.
2020/02/18-23:55:41.635807 7ee7fff200 [_impl/db_impl_write.cc:1656] [usertable] New memtable created with log file: #13. Immutable memtables: 1.
2020/02/18-23:55:41.636347 7f0e7ff200 [_impl/db_impl_compaction_flush.cc:106] [JOB 20] Syncing log #10
2020/02/18-23:55:42.209987 7f0e7ff200 [_impl/db_impl_compaction_flush.cc:106] [JOB 20] Syncing log #12
2020/02/18-23:55:42.805490 7f0e7ff200 (Original Log Time 2020/02/18-23:55:41.636254) [_impl/db_impl_compaction_flush.cc:2188] Calling FlushMemTableToOutputFile with column family [usertable], flush slots available 6, compaction slots available 1, flush slots scheduled 6, compaction slots scheduled 0
2020/02/18-23:55:42.805539 7f0e7ff200 [ush_job.cc:320] [usertable] [JOB 20] Flushing memtable with next log file: 12
2020/02/18-23:55:42.805594 7f0e7ff200 [ush_job.cc:320] [usertable] [JOB 20] Flushing memtable with next log file: 13
2020/02/18-23:55:42.805681 7f0e7ff200 EVENT_LOG_v1 {"time_micros": 1582070142805653, "job": 20, "event": "flush_started", "num_memtables": 2, "num_entries": 61511, "num_deletes": 0, "total_data_size": 253609853, "memory_usage": 260073128, "flush_reason": "Write Buffer Full"}
2020/02/18-23:55:42.805699 7f0e7ff200 [ush_job.cc:349] [usertable] [JOB 20] Level-0 flush table #14: started
