2020/02/18-09:58:15.201869 7f80e8e200 RocksDB version: 6.5.3
2020/02/18-09:58:15.202026 7f80e8e200 Git sha rocksdb_build_git_sha:
2020/02/18-09:58:15.202033 7f80e8e200 Compile date Jan 21 2020
2020/02/18-09:58:15.202066 7f80e8e200 DB SUMMARY
2020/02/18-09:58:15.202119 7f80e8e200 SST files in /mnt/sda/mbwu-rocksdb-data dir, Total Num: 0, files: 
2020/02/18-09:58:15.202130 7f80e8e200 Write Ahead Log file in /mnt/sda/mbwu-rocksdb-data: 
2020/02/18-09:58:15.202137 7f80e8e200                         Options.error_if_exists: 0
2020/02/18-09:58:15.202140 7f80e8e200                       Options.create_if_missing: 1
2020/02/18-09:58:15.202143 7f80e8e200                         Options.paranoid_checks: 1
2020/02/18-09:58:15.202146 7f80e8e200                                     Options.env: 0x7f80bccc50
2020/02/18-09:58:15.202149 7f80e8e200                                Options.info_log: 0x7f3c08dba0
2020/02/18-09:58:15.202152 7f80e8e200                Options.max_file_opening_threads: 16
2020/02/18-09:58:15.202154 7f80e8e200                              Options.statistics: (nil)
2020/02/18-09:58:15.202157 7f80e8e200                               Options.use_fsync: 0
2020/02/18-09:58:15.202159 7f80e8e200                       Options.max_log_file_size: 0
2020/02/18-09:58:15.202162 7f80e8e200                  Options.max_manifest_file_size: 1073741824
2020/02/18-09:58:15.202165 7f80e8e200                   Options.log_file_time_to_roll: 0
2020/02/18-09:58:15.202167 7f80e8e200                       Options.keep_log_file_num: 1000
2020/02/18-09:58:15.202170 7f80e8e200                    Options.recycle_log_file_num: 0
2020/02/18-09:58:15.202173 7f80e8e200                         Options.allow_fallocate: 1
2020/02/18-09:58:15.202175 7f80e8e200                        Options.allow_mmap_reads: 0
2020/02/18-09:58:15.202178 7f80e8e200                       Options.allow_mmap_writes: 0
2020/02/18-09:58:15.202180 7f80e8e200                        Options.use_direct_reads: 0
2020/02/18-09:58:15.202182 7f80e8e200                        Options.use_direct_io_for_flush_and_compaction: 0
2020/02/18-09:58:15.202185 7f80e8e200          Options.create_missing_column_families: 1
2020/02/18-09:58:15.202187 7f80e8e200                              Options.db_log_dir: 
2020/02/18-09:58:15.202190 7f80e8e200                                 Options.wal_dir: /mnt/sda/mbwu-rocksdb-data
2020/02/18-09:58:15.202193 7f80e8e200                Options.table_cache_numshardbits: 6
2020/02/18-09:58:15.202195 7f80e8e200                      Options.max_subcompactions: 1
2020/02/18-09:58:15.202198 7f80e8e200                  Options.max_background_flushes: 6
2020/02/18-09:58:15.202201 7f80e8e200                         Options.WAL_ttl_seconds: 0
2020/02/18-09:58:15.202203 7f80e8e200                       Options.WAL_size_limit_MB: 0
2020/02/18-09:58:15.202206 7f80e8e200                        Options.max_write_batch_group_size_bytes: 1048576
2020/02/18-09:58:15.202208 7f80e8e200             Options.manifest_preallocation_size: 4194304
2020/02/18-09:58:15.202211 7f80e8e200                     Options.is_fd_close_on_exec: 1
2020/02/18-09:58:15.202214 7f80e8e200                   Options.advise_random_on_open: 1
2020/02/18-09:58:15.202216 7f80e8e200                    Options.db_write_buffer_size: 0
2020/02/18-09:58:15.202219 7f80e8e200                    Options.write_buffer_manager: 0x7f3c096b60
2020/02/18-09:58:15.202222 7f80e8e200         Options.access_hint_on_compaction_start: 1
2020/02/18-09:58:15.202224 7f80e8e200  Options.new_table_reader_for_compaction_inputs: 0
2020/02/18-09:58:15.202227 7f80e8e200           Options.random_access_max_buffer_size: 1048576
2020/02/18-09:58:15.202229 7f80e8e200                      Options.use_adaptive_mutex: 0
2020/02/18-09:58:15.202232 7f80e8e200                            Options.rate_limiter: (nil)
2020/02/18-09:58:15.202237 7f80e8e200     Options.sst_file_manager.rate_bytes_per_sec: 0
2020/02/18-09:58:15.202240 7f80e8e200                       Options.wal_recovery_mode: 2
2020/02/18-09:58:15.202243 7f80e8e200                  Options.enable_thread_tracking: 0
2020/02/18-09:58:15.202245 7f80e8e200                  Options.enable_pipelined_write: 0
2020/02/18-09:58:15.202263 7f80e8e200                  Options.unordered_write: 0
2020/02/18-09:58:15.202268 7f80e8e200         Options.allow_concurrent_memtable_write: 1
2020/02/18-09:58:15.202270 7f80e8e200      Options.enable_write_thread_adaptive_yield: 1
2020/02/18-09:58:15.202273 7f80e8e200             Options.write_thread_max_yield_usec: 100
2020/02/18-09:58:15.202275 7f80e8e200            Options.write_thread_slow_yield_usec: 3
2020/02/18-09:58:15.202278 7f80e8e200                               Options.row_cache: None
2020/02/18-09:58:15.202280 7f80e8e200                              Options.wal_filter: None
2020/02/18-09:58:15.202283 7f80e8e200             Options.avoid_flush_during_recovery: 0
2020/02/18-09:58:15.202285 7f80e8e200             Options.allow_ingest_behind: 0
2020/02/18-09:58:15.202288 7f80e8e200             Options.preserve_deletes: 0
2020/02/18-09:58:15.202290 7f80e8e200             Options.two_write_queues: 0
2020/02/18-09:58:15.202293 7f80e8e200             Options.manual_wal_flush: 0
2020/02/18-09:58:15.202295 7f80e8e200             Options.atomic_flush: 0
2020/02/18-09:58:15.202297 7f80e8e200             Options.avoid_unnecessary_blocking_io: 0
2020/02/18-09:58:15.202300 7f80e8e200                 Options.persist_stats_to_disk: 0
2020/02/18-09:58:15.202302 7f80e8e200                 Options.write_dbid_to_manifest: 0
2020/02/18-09:58:15.202305 7f80e8e200                 Options.log_readahead_size: 0
2020/02/18-09:58:15.202310 7f80e8e200             Options.max_background_jobs: 6
2020/02/18-09:58:15.202312 7f80e8e200             Options.max_background_compactions: 6
2020/02/18-09:58:15.202315 7f80e8e200             Options.avoid_flush_during_shutdown: 0
2020/02/18-09:58:15.202317 7f80e8e200           Options.writable_file_max_buffer_size: 1048576
2020/02/18-09:58:15.202320 7f80e8e200             Options.delayed_write_rate : 16777216
2020/02/18-09:58:15.202322 7f80e8e200             Options.max_total_wal_size: 0
2020/02/18-09:58:15.202325 7f80e8e200             Options.delete_obsolete_files_period_micros: 21600000000
2020/02/18-09:58:15.202327 7f80e8e200                   Options.stats_dump_period_sec: 600
2020/02/18-09:58:15.202330 7f80e8e200                 Options.stats_persist_period_sec: 600
2020/02/18-09:58:15.202332 7f80e8e200                 Options.stats_history_buffer_size: 1048576
2020/02/18-09:58:15.202334 7f80e8e200                          Options.max_open_files: -1
2020/02/18-09:58:15.202337 7f80e8e200                          Options.bytes_per_sync: 1048576
2020/02/18-09:58:15.202340 7f80e8e200                      Options.wal_bytes_per_sync: 0
2020/02/18-09:58:15.202342 7f80e8e200                   Options.strict_bytes_per_sync: 0
2020/02/18-09:58:15.202344 7f80e8e200       Options.compaction_readahead_size: 0
2020/02/18-09:58:15.202347 7f80e8e200 Compression algorithms supported:
2020/02/18-09:58:15.202350 7f80e8e200 	kZSTDNotFinalCompression supported: 1
2020/02/18-09:58:15.202382 7f80e8e200 	kZSTD supported: 1
2020/02/18-09:58:15.202386 7f80e8e200 	kXpressCompression supported: 0
2020/02/18-09:58:15.202389 7f80e8e200 	kLZ4HCCompression supported: 1
2020/02/18-09:58:15.202392 7f80e8e200 	kLZ4Compression supported: 1
2020/02/18-09:58:15.202395 7f80e8e200 	kBZip2Compression supported: 1
2020/02/18-09:58:15.202397 7f80e8e200 	kZlibCompression supported: 1
2020/02/18-09:58:15.202400 7f80e8e200 	kSnappyCompression supported: 1
2020/02/18-09:58:15.202407 7f80e8e200 Fast CRC32 supported: Not supported on x86
2020/02/18-09:58:15.232850 7f80e8e200 [_impl/db_impl_open.cc:247] Creating manifest 1 
2020/02/18-09:58:15.308963 7f80e8e200 [rsion_set.cc:4319] Recovering from manifest file: /mnt/sda/mbwu-rocksdb-data/MANIFEST-000001
2020/02/18-09:58:15.309384 7f80e8e200 [lumn_family.cc:489] --------------- Options for column family [default]:
2020/02/18-09:58:15.309399 7f80e8e200               Options.comparator: leveldb.BytewiseComparator
2020/02/18-09:58:15.309406 7f80e8e200           Options.merge_operator: None
2020/02/18-09:58:15.309412 7f80e8e200        Options.compaction_filter: None
2020/02/18-09:58:15.309489 7f80e8e200        Options.compaction_filter_factory: None
2020/02/18-09:58:15.309497 7f80e8e200         Options.memtable_factory: SkipListFactory
2020/02/18-09:58:15.309504 7f80e8e200            Options.table_factory: BlockBasedTable
2020/02/18-09:58:15.309611 7f80e8e200            table_factory options:   flush_block_policy_factory: FlushBlockBySizePolicyFactory (0x7f3c08e390)
  cache_index_and_filter_blocks: 0
  cache_index_and_filter_blocks_with_high_priority: 1
  pin_l0_filter_and_index_blocks_in_cache: 0
  pin_top_level_index_and_filter: 1
  index_type: 0
  data_block_index_type: 0
  index_shortening: 1
  data_block_hash_table_util_ratio: 0.750000
  hash_index_allow_collision: 1
  checksum: 1
  no_block_cache: 0
  block_cache: 0x7f3c08f730
  block_cache_name: LRUCache
  block_cache_options:
    capacity : 8388608
    num_shard_bits : 4
    strict_capacity_limit : 0
    memory_allocator : None
    high_pri_pool_ratio: 0.000
  block_cache_compressed: (nil)
  persistent_cache: (nil)
  block_size: 4096
  block_size_deviation: 10
  block_restart_interval: 16
  index_block_restart_interval: 1
  metadata_block_size: 4096
  partition_filters: 0
  use_delta_encoding: 1
  filter_policy: nullptr
  whole_key_filtering: 1
  verify_compression: 0
  read_amp_bytes_per_bit: 0
  format_version: 2
  enable_index_compression: 1
  block_align: 0
2020/02/18-09:58:15.309625 7f80e8e200        Options.write_buffer_size: 134217728
2020/02/18-09:58:15.309631 7f80e8e200  Options.max_write_buffer_number: 6
2020/02/18-09:58:15.309639 7f80e8e200        Options.compression[0]: NoCompression
2020/02/18-09:58:15.309646 7f80e8e200        Options.compression[1]: NoCompression
2020/02/18-09:58:15.309652 7f80e8e200        Options.compression[2]: LZ4
2020/02/18-09:58:15.309659 7f80e8e200        Options.compression[3]: LZ4
2020/02/18-09:58:15.309665 7f80e8e200        Options.compression[4]: LZ4
2020/02/18-09:58:15.309671 7f80e8e200        Options.compression[5]: LZ4
2020/02/18-09:58:15.309678 7f80e8e200        Options.compression[6]: LZ4
2020/02/18-09:58:15.309684 7f80e8e200                  Options.bottommost_compression: Disabled
2020/02/18-09:58:15.309690 7f80e8e200       Options.prefix_extractor: nullptr
2020/02/18-09:58:15.309696 7f80e8e200   Options.memtable_insert_with_hint_prefix_extractor: nullptr
2020/02/18-09:58:15.309702 7f80e8e200             Options.num_levels: 7
2020/02/18-09:58:15.309707 7f80e8e200        Options.min_write_buffer_number_to_merge: 2
2020/02/18-09:58:15.309713 7f80e8e200     Options.max_write_buffer_number_to_maintain: 0
2020/02/18-09:58:15.309719 7f80e8e200     Options.max_write_buffer_size_to_maintain: 0
2020/02/18-09:58:15.309725 7f80e8e200            Options.bottommost_compression_opts.window_bits: -14
2020/02/18-09:58:15.309730 7f80e8e200                  Options.bottommost_compression_opts.level: 32767
2020/02/18-09:58:15.309736 7f80e8e200               Options.bottommost_compression_opts.strategy: 0
2020/02/18-09:58:15.309742 7f80e8e200         Options.bottommost_compression_opts.max_dict_bytes: 0
2020/02/18-09:58:15.309748 7f80e8e200         Options.bottommost_compression_opts.zstd_max_train_bytes: 0
2020/02/18-09:58:15.309754 7f80e8e200                  Options.bottommost_compression_opts.enabled: false
2020/02/18-09:58:15.309760 7f80e8e200            Options.compression_opts.window_bits: -14
2020/02/18-09:58:15.309765 7f80e8e200                  Options.compression_opts.level: 32767
2020/02/18-09:58:15.309771 7f80e8e200               Options.compression_opts.strategy: 0
2020/02/18-09:58:15.309777 7f80e8e200         Options.compression_opts.max_dict_bytes: 0
2020/02/18-09:58:15.309783 7f80e8e200         Options.compression_opts.zstd_max_train_bytes: 0
2020/02/18-09:58:15.309789 7f80e8e200                  Options.compression_opts.enabled: false
2020/02/18-09:58:15.309794 7f80e8e200      Options.level0_file_num_compaction_trigger: 2
2020/02/18-09:58:15.309800 7f80e8e200          Options.level0_slowdown_writes_trigger: 20
2020/02/18-09:58:15.309806 7f80e8e200              Options.level0_stop_writes_trigger: 36
2020/02/18-09:58:15.309833 7f80e8e200                   Options.target_file_size_base: 67108864
2020/02/18-09:58:15.309841 7f80e8e200             Options.target_file_size_multiplier: 1
2020/02/18-09:58:15.309847 7f80e8e200                Options.max_bytes_for_level_base: 536870912
2020/02/18-09:58:15.309852 7f80e8e200                      Options.snap_refresh_nanos: 0
2020/02/18-09:58:15.309858 7f80e8e200 Options.level_compaction_dynamic_level_bytes: 0
2020/02/18-09:58:15.309864 7f80e8e200          Options.max_bytes_for_level_multiplier: 10.000000
2020/02/18-09:58:15.309875 7f80e8e200 Options.max_bytes_for_level_multiplier_addtl[0]: 1
2020/02/18-09:58:15.309881 7f80e8e200 Options.max_bytes_for_level_multiplier_addtl[1]: 1
2020/02/18-09:58:15.309887 7f80e8e200 Options.max_bytes_for_level_multiplier_addtl[2]: 1
2020/02/18-09:58:15.309893 7f80e8e200 Options.max_bytes_for_level_multiplier_addtl[3]: 1
2020/02/18-09:58:15.309898 7f80e8e200 Options.max_bytes_for_level_multiplier_addtl[4]: 1
2020/02/18-09:58:15.309904 7f80e8e200 Options.max_bytes_for_level_multiplier_addtl[5]: 1
2020/02/18-09:58:15.309910 7f80e8e200 Options.max_bytes_for_level_multiplier_addtl[6]: 1
2020/02/18-09:58:15.309916 7f80e8e200       Options.max_sequential_skip_in_iterations: 8
2020/02/18-09:58:15.309922 7f80e8e200                    Options.max_compaction_bytes: 1677721600
2020/02/18-09:58:15.309927 7f80e8e200                        Options.arena_block_size: 16777216
2020/02/18-09:58:15.309933 7f80e8e200   Options.soft_pending_compaction_bytes_limit: 68719476736
2020/02/18-09:58:15.309939 7f80e8e200   Options.hard_pending_compaction_bytes_limit: 274877906944
2020/02/18-09:58:15.309945 7f80e8e200       Options.rate_limit_delay_max_milliseconds: 100
2020/02/18-09:58:15.309951 7f80e8e200                Options.disable_auto_compactions: 0
2020/02/18-09:58:15.309958 7f80e8e200                        Options.compaction_style: kCompactionStyleLevel
2020/02/18-09:58:15.309965 7f80e8e200                          Options.compaction_pri: kMinOverlappingRatio
2020/02/18-09:58:15.309971 7f80e8e200 Options.compaction_options_universal.size_ratio: 1
2020/02/18-09:58:15.309976 7f80e8e200 Options.compaction_options_universal.min_merge_width: 2
2020/02/18-09:58:15.309982 7f80e8e200 Options.compaction_options_universal.max_merge_width: 4294967295
2020/02/18-09:58:15.309988 7f80e8e200 Options.compaction_options_universal.max_size_amplification_percent: 200
2020/02/18-09:58:15.309994 7f80e8e200 Options.compaction_options_universal.compression_size_percent: -1
2020/02/18-09:58:15.310000 7f80e8e200 Options.compaction_options_universal.stop_style: kCompactionStopStyleTotalSize
2020/02/18-09:58:15.310006 7f80e8e200 Options.compaction_options_fifo.max_table_files_size: 1073741824
2020/02/18-09:58:15.310012 7f80e8e200 Options.compaction_options_fifo.allow_compaction: 0
2020/02/18-09:58:15.310018 7f80e8e200                   Options.table_properties_collectors: 
2020/02/18-09:58:15.310024 7f80e8e200                   Options.inplace_update_support: 0
2020/02/18-09:58:15.310030 7f80e8e200                 Options.inplace_update_num_locks: 10000
2020/02/18-09:58:15.310036 7f80e8e200               Options.memtable_prefix_bloom_size_ratio: 0.000000
2020/02/18-09:58:15.310043 7f80e8e200               Options.memtable_whole_key_filtering: 0
2020/02/18-09:58:15.310048 7f80e8e200   Options.memtable_huge_page_size: 0
2020/02/18-09:58:15.310054 7f80e8e200                           Options.bloom_locality: 0
2020/02/18-09:58:15.310059 7f80e8e200                    Options.max_successive_merges: 0
2020/02/18-09:58:15.310065 7f80e8e200                Options.optimize_filters_for_hits: 0
2020/02/18-09:58:15.310071 7f80e8e200                Options.paranoid_file_checks: 0
2020/02/18-09:58:15.310077 7f80e8e200                Options.force_consistency_checks: 0
2020/02/18-09:58:15.310083 7f80e8e200                Options.report_bg_io_stats: 0
2020/02/18-09:58:15.310088 7f80e8e200                               Options.ttl: 0
2020/02/18-09:58:15.310114 7f80e8e200          Options.periodic_compaction_seconds: 0
2020/02/18-09:58:15.313237 7f80e8e200 [rsion_set.cc:4469] Recovered from manifest file:/mnt/sda/mbwu-rocksdb-data/MANIFEST-000001 succeeded,manifest_file_number is 1, next_file_number is 3, last_sequence is 0, log_number is 0,prev_log_number is 0,max_column_family is 0,min_log_number_to_keep is 0
2020/02/18-09:58:15.313282 7f80e8e200 [rsion_set.cc:4478] Column family [default] (ID 0), log number is 0
2020/02/18-09:58:15.314510 7f80e8e200 [rsion_set.cc:3734] Creating manifest 4
2020/02/18-09:58:15.391362 7f80e8e200 [lumn_family.cc:489] --------------- Options for column family [usertable]:
2020/02/18-09:58:15.391402 7f80e8e200               Options.comparator: leveldb.BytewiseComparator
2020/02/18-09:58:15.391410 7f80e8e200           Options.merge_operator: None
2020/02/18-09:58:15.391416 7f80e8e200        Options.compaction_filter: None
2020/02/18-09:58:15.391421 7f80e8e200        Options.compaction_filter_factory: None
2020/02/18-09:58:15.391427 7f80e8e200         Options.memtable_factory: SkipListFactory
2020/02/18-09:58:15.391434 7f80e8e200            Options.table_factory: BlockBasedTable
2020/02/18-09:58:15.391532 7f80e8e200            table_factory options:   flush_block_policy_factory: FlushBlockBySizePolicyFactory (0x7f3c0908f0)
  cache_index_and_filter_blocks: 0
  cache_index_and_filter_blocks_with_high_priority: 1
  pin_l0_filter_and_index_blocks_in_cache: 0
  pin_top_level_index_and_filter: 1
  index_type: 0
  data_block_index_type: 0
  index_shortening: 1
  data_block_hash_table_util_ratio: 0.750000
  hash_index_allow_collision: 1
  checksum: 1
  no_block_cache: 0
  block_cache: 0x7f3c091d60
  block_cache_name: LRUCache
  block_cache_options:
    capacity : 8388608
    num_shard_bits : 4
    strict_capacity_limit : 0
    memory_allocator : None
    high_pri_pool_ratio: 0.000
  block_cache_compressed: (nil)
  persistent_cache: (nil)
  block_size: 4096
  block_size_deviation: 10
  block_restart_interval: 16
  index_block_restart_interval: 1
  metadata_block_size: 4096
  partition_filters: 0
  use_delta_encoding: 1
  filter_policy: nullptr
  whole_key_filtering: 1
  verify_compression: 0
  read_amp_bytes_per_bit: 0
  format_version: 2
  enable_index_compression: 1
  block_align: 0
2020/02/18-09:58:15.391542 7f80e8e200        Options.write_buffer_size: 134217728
2020/02/18-09:58:15.391548 7f80e8e200  Options.max_write_buffer_number: 6
2020/02/18-09:58:15.391556 7f80e8e200        Options.compression[0]: NoCompression
2020/02/18-09:58:15.391564 7f80e8e200        Options.compression[1]: NoCompression
2020/02/18-09:58:15.391570 7f80e8e200        Options.compression[2]: LZ4
2020/02/18-09:58:15.391577 7f80e8e200        Options.compression[3]: LZ4
2020/02/18-09:58:15.391583 7f80e8e200        Options.compression[4]: LZ4
2020/02/18-09:58:15.391590 7f80e8e200        Options.compression[5]: LZ4
2020/02/18-09:58:15.391596 7f80e8e200        Options.compression[6]: LZ4
2020/02/18-09:58:15.391603 7f80e8e200                  Options.bottommost_compression: Disabled
2020/02/18-09:58:15.391609 7f80e8e200       Options.prefix_extractor: nullptr
2020/02/18-09:58:15.391615 7f80e8e200   Options.memtable_insert_with_hint_prefix_extractor: nullptr
2020/02/18-09:58:15.391621 7f80e8e200             Options.num_levels: 7
2020/02/18-09:58:15.391627 7f80e8e200        Options.min_write_buffer_number_to_merge: 2
2020/02/18-09:58:15.391633 7f80e8e200     Options.max_write_buffer_number_to_maintain: 0
2020/02/18-09:58:15.391638 7f80e8e200     Options.max_write_buffer_size_to_maintain: 0
2020/02/18-09:58:15.391644 7f80e8e200            Options.bottommost_compression_opts.window_bits: -14
2020/02/18-09:58:15.391650 7f80e8e200                  Options.bottommost_compression_opts.level: 32767
2020/02/18-09:58:15.391656 7f80e8e200               Options.bottommost_compression_opts.strategy: 0
2020/02/18-09:58:15.391662 7f80e8e200         Options.bottommost_compression_opts.max_dict_bytes: 0
2020/02/18-09:58:15.391668 7f80e8e200         Options.bottommost_compression_opts.zstd_max_train_bytes: 0
2020/02/18-09:58:15.391674 7f80e8e200                  Options.bottommost_compression_opts.enabled: false
2020/02/18-09:58:15.391680 7f80e8e200            Options.compression_opts.window_bits: -14
2020/02/18-09:58:15.391686 7f80e8e200                  Options.compression_opts.level: 32767
2020/02/18-09:58:15.391692 7f80e8e200               Options.compression_opts.strategy: 0
2020/02/18-09:58:15.391698 7f80e8e200         Options.compression_opts.max_dict_bytes: 0
2020/02/18-09:58:15.391704 7f80e8e200         Options.compression_opts.zstd_max_train_bytes: 0
2020/02/18-09:58:15.391757 7f80e8e200                  Options.compression_opts.enabled: false
2020/02/18-09:58:15.391764 7f80e8e200      Options.level0_file_num_compaction_trigger: 2
2020/02/18-09:58:15.391770 7f80e8e200          Options.level0_slowdown_writes_trigger: 20
2020/02/18-09:58:15.391776 7f80e8e200              Options.level0_stop_writes_trigger: 36
2020/02/18-09:58:15.391782 7f80e8e200                   Options.target_file_size_base: 67108864
2020/02/18-09:58:15.391788 7f80e8e200             Options.target_file_size_multiplier: 1
2020/02/18-09:58:15.391794 7f80e8e200                Options.max_bytes_for_level_base: 536870912
2020/02/18-09:58:15.391799 7f80e8e200                      Options.snap_refresh_nanos: 0
2020/02/18-09:58:15.391805 7f80e8e200 Options.level_compaction_dynamic_level_bytes: 0
2020/02/18-09:58:15.391811 7f80e8e200          Options.max_bytes_for_level_multiplier: 10.000000
2020/02/18-09:58:15.391821 7f80e8e200 Options.max_bytes_for_level_multiplier_addtl[0]: 1
2020/02/18-09:58:15.391828 7f80e8e200 Options.max_bytes_for_level_multiplier_addtl[1]: 1
2020/02/18-09:58:15.391834 7f80e8e200 Options.max_bytes_for_level_multiplier_addtl[2]: 1
2020/02/18-09:58:15.391839 7f80e8e200 Options.max_bytes_for_level_multiplier_addtl[3]: 1
2020/02/18-09:58:15.391845 7f80e8e200 Options.max_bytes_for_level_multiplier_addtl[4]: 1
2020/02/18-09:58:15.391851 7f80e8e200 Options.max_bytes_for_level_multiplier_addtl[5]: 1
2020/02/18-09:58:15.391857 7f80e8e200 Options.max_bytes_for_level_multiplier_addtl[6]: 1
2020/02/18-09:58:15.391862 7f80e8e200       Options.max_sequential_skip_in_iterations: 8
2020/02/18-09:58:15.391868 7f80e8e200                    Options.max_compaction_bytes: 1677721600
2020/02/18-09:58:15.391874 7f80e8e200                        Options.arena_block_size: 16777216
2020/02/18-09:58:15.391880 7f80e8e200   Options.soft_pending_compaction_bytes_limit: 68719476736
2020/02/18-09:58:15.391886 7f80e8e200   Options.hard_pending_compaction_bytes_limit: 274877906944
2020/02/18-09:58:15.391892 7f80e8e200       Options.rate_limit_delay_max_milliseconds: 100
2020/02/18-09:58:15.391897 7f80e8e200                Options.disable_auto_compactions: 0
2020/02/18-09:58:15.391905 7f80e8e200                        Options.compaction_style: kCompactionStyleLevel
2020/02/18-09:58:15.391912 7f80e8e200                          Options.compaction_pri: kMinOverlappingRatio
2020/02/18-09:58:15.391918 7f80e8e200 Options.compaction_options_universal.size_ratio: 1
2020/02/18-09:58:15.391924 7f80e8e200 Options.compaction_options_universal.min_merge_width: 2
2020/02/18-09:58:15.391930 7f80e8e200 Options.compaction_options_universal.max_merge_width: 4294967295
2020/02/18-09:58:15.391936 7f80e8e200 Options.compaction_options_universal.max_size_amplification_percent: 200
2020/02/18-09:58:15.391942 7f80e8e200 Options.compaction_options_universal.compression_size_percent: -1
2020/02/18-09:58:15.391949 7f80e8e200 Options.compaction_options_universal.stop_style: kCompactionStopStyleTotalSize
2020/02/18-09:58:15.391954 7f80e8e200 Options.compaction_options_fifo.max_table_files_size: 1073741824
2020/02/18-09:58:15.391960 7f80e8e200 Options.compaction_options_fifo.allow_compaction: 0
2020/02/18-09:58:15.391966 7f80e8e200                   Options.table_properties_collectors: 
2020/02/18-09:58:15.391972 7f80e8e200                   Options.inplace_update_support: 0
2020/02/18-09:58:15.391978 7f80e8e200                 Options.inplace_update_num_locks: 10000
2020/02/18-09:58:15.391984 7f80e8e200               Options.memtable_prefix_bloom_size_ratio: 0.000000
2020/02/18-09:58:15.391990 7f80e8e200               Options.memtable_whole_key_filtering: 0
2020/02/18-09:58:15.391996 7f80e8e200   Options.memtable_huge_page_size: 0
2020/02/18-09:58:15.392002 7f80e8e200                           Options.bloom_locality: 0
2020/02/18-09:58:15.392008 7f80e8e200                    Options.max_successive_merges: 0
2020/02/18-09:58:15.392013 7f80e8e200                Options.optimize_filters_for_hits: 0
2020/02/18-09:58:15.392019 7f80e8e200                Options.paranoid_file_checks: 0
2020/02/18-09:58:15.392044 7f80e8e200                Options.force_consistency_checks: 0
2020/02/18-09:58:15.392052 7f80e8e200                Options.report_bg_io_stats: 0
2020/02/18-09:58:15.392058 7f80e8e200                               Options.ttl: 0
2020/02/18-09:58:15.392064 7f80e8e200          Options.periodic_compaction_seconds: 0
2020/02/18-09:58:15.392280 7f80e8e200 [_impl/db_impl.cc:2167] Created column family [usertable] (ID 1)
2020/02/18-09:58:15.476475 7f80e8e200 DB pointer 0x7f3c08c830
2020/02/18-09:58:15.480545 7ef27ff200 [_impl/db_impl.cc:853] ------- DUMPING STATS -------
2020/02/18-09:58:15.480743 7ef27ff200 [_impl/db_impl.cc:854] 
** DB Stats **
Uptime(secs): 0.2 total, 0.2 interval
Cumulative writes: 0 writes, 0 keys, 0 commit groups, 0.0 writes per commit group, ingest: 0.00 GB, 0.00 MB/s
Cumulative WAL: 0 writes, 0 syncs, 0.00 writes per sync, written: 0.00 GB, 0.00 MB/s
Cumulative stall: 00:00:0.000 H:M:S, 0.0 percent
Interval writes: 0 writes, 0 keys, 0 commit groups, 0.0 writes per commit group, ingest: 0.00 MB, 0.00 MB/s
Interval WAL: 0 writes, 0 syncs, 0.00 writes per sync, written: 0.00 MB, 0.00 MB/s
Interval stall: 00:00:0.000 H:M:S, 0.0 percent

** Compaction Stats [default] **
Level    Files   Size     Score Read(GB)  Rn(GB) Rnp1(GB) Write(GB) Wnew(GB) Moved(GB) W-Amp Rd(MB/s) Wr(MB/s) Comp(sec) CompMergeCPU(sec) Comp(cnt) Avg(sec) KeyIn KeyDrop
----------------------------------------------------------------------------------------------------------------------------------------------------------------------------
 Sum      0/0    0.00 KB   0.0      0.0     0.0      0.0       0.0      0.0       0.0   0.0      0.0      0.0      0.00              0.00         0    0.000       0      0
 Int      0/0    0.00 KB   0.0      0.0     0.0      0.0       0.0      0.0       0.0   0.0      0.0      0.0      0.00              0.00         0    0.000       0      0

** Compaction Stats [default] **
Priority    Files   Size     Score Read(GB)  Rn(GB) Rnp1(GB) Write(GB) Wnew(GB) Moved(GB) W-Amp Rd(MB/s) Wr(MB/s) Comp(sec) CompMergeCPU(sec) Comp(cnt) Avg(sec) KeyIn KeyDrop
-------------------------------------------------------------------------------------------------------------------------------------------------------------------------------
Uptime(secs): 0.2 total, 0.2 interval
Flush(GB): cumulative 0.000, interval 0.000
AddFile(GB): cumulative 0.000, interval 0.000
AddFile(Total Files): cumulative 0, interval 0
AddFile(L0 Files): cumulative 0, interval 0
AddFile(Keys): cumulative 0, interval 0
Cumulative compaction: 0.00 GB write, 0.00 MB/s write, 0.00 GB read, 0.00 MB/s read, 0.0 seconds
Interval compaction: 0.00 GB write, 0.00 MB/s write, 0.00 GB read, 0.00 MB/s read, 0.0 seconds
Stalls(count): 0 level0_slowdown, 0 level0_slowdown_with_compaction, 0 level0_numfiles, 0 level0_numfiles_with_compaction, 0 stop for pending_compaction_bytes, 0 slowdown for pending_compaction_bytes, 0 memtable_compaction, 0 memtable_slowdown, interval 0 total count

** File Read Latency Histogram By Level [default] **

** Compaction Stats [usertable] **
Level    Files   Size     Score Read(GB)  Rn(GB) Rnp1(GB) Write(GB) Wnew(GB) Moved(GB) W-Amp Rd(MB/s) Wr(MB/s) Comp(sec) CompMergeCPU(sec) Comp(cnt) Avg(sec) KeyIn KeyDrop
----------------------------------------------------------------------------------------------------------------------------------------------------------------------------
 Sum      0/0    0.00 KB   0.0      0.0     0.0      0.0       0.0      0.0       0.0   0.0      0.0      0.0      0.00              0.00         0    0.000       0      0
 Int      0/0    0.00 KB   0.0      0.0     0.0      0.0       0.0      0.0       0.0   0.0      0.0      0.0      0.00              0.00         0    0.000       0      0

** Compaction Stats [usertable] **
Priority    Files   Size     Score Read(GB)  Rn(GB) Rnp1(GB) Write(GB) Wnew(GB) Moved(GB) W-Amp Rd(MB/s) Wr(MB/s) Comp(sec) CompMergeCPU(sec) Comp(cnt) Avg(sec) KeyIn KeyDrop
-------------------------------------------------------------------------------------------------------------------------------------------------------------------------------
Uptime(secs): 0.1 total, 0.1 interval
Flush(GB): cumulative 0.000, interval 0.000
AddFile(GB): cumulative 0.000, interval 0.000
AddFile(Total Files): cumulative 0, interval 0
AddFile(L0 Files): cumulative 0, interval 0
AddFile(Keys): cumulative 0, interval 0
Cumulative compaction: 0.00 GB write, 0.00 MB/s write, 0.00 GB read, 0.00 MB/s read, 0.0 seconds
Interval compaction: 0.00 GB write, 0.00 MB/s write, 0.00 GB read, 0.00 MB/s read, 0.0 seconds
Stalls(count): 0 level0_slowdown, 0 level0_slowdown_with_compaction, 0 level0_numfiles, 0 level0_numfiles_with_compaction, 0 stop for pending_compaction_bytes, 0 slowdown for pending_compaction_bytes, 0 memtable_compaction, 0 memtable_slowdown, interval 0 total count

** File Read Latency Histogram By Level [usertable] **

** Compaction Stats [default] **
Level    Files   Size     Score Read(GB)  Rn(GB) Rnp1(GB) Write(GB) Wnew(GB) Moved(GB) W-Amp Rd(MB/s) Wr(MB/s) Comp(sec) CompMergeCPU(sec) Comp(cnt) Avg(sec) KeyIn KeyDrop
----------------------------------------------------------------------------------------------------------------------------------------------------------------------------
 Sum      0/0    0.00 KB   0.0      0.0     0.0      0.0       0.0      0.0       0.0   0.0      0.0      0.0      0.00              0.00         0    0.000       0      0
 Int      0/0    0.00 KB   0.0      0.0     0.0      0.0       0.0      0.0       0.0   0.0      0.0      0.0      0.00              0.00         0    0.000       0      0

** Compaction Stats [default] **
Priority    Files   Size     Score Read(GB)  Rn(GB) Rnp1(GB) Write(GB) Wnew(GB) Moved(GB) W-Amp Rd(MB/s) Wr(MB/s) Comp(sec) CompMergeCPU(sec) Comp(cnt) Avg(sec) KeyIn KeyDrop
-------------------------------------------------------------------------------------------------------------------------------------------------------------------------------
Uptime(secs): 0.2 total, 0.0 interval
Flush(GB): cumulative 0.000, interval 0.000
AddFile(GB): cumulative 0.000, interval 0.000
AddFile(Total Files): cumulative 0, interval 0
AddFile(L0 Files): cumulative 0, interval 0
AddFile(Keys): cumulative 0, interval 0
Cumulative compaction: 0.00 GB write, 0.00 MB/s write, 0.00 GB read, 0.00 MB/s read, 0.0 seconds
Interval compaction: 0.00 GB write, 0.00 MB/s write, 0.00 GB read, 0.00 MB/s read, 0.0 seconds
Stalls(count): 0 level0_slowdown, 0 level0_slowdown_with_compaction, 0 level0_numfiles, 0 level0_numfiles_with_compaction, 0 stop for pending_compaction_bytes, 0 slowdown for pending_compaction_bytes, 0 memtable_compaction, 0 memtable_slowdown, interval 0 total count

** File Read Latency Histogram By Level [default] **

** Compaction Stats [usertable] **
Level    Files   Size     Score Read(GB)  Rn(GB) Rnp1(GB) Write(GB) Wnew(GB) Moved(GB) W-Amp Rd(MB/s) Wr(MB/s) Comp(sec) CompMergeCPU(sec) Comp(cnt) Avg(sec) KeyIn KeyDrop
----------------------------------------------------------------------------------------------------------------------------------------------------------------------------
 Sum      0/0    0.00 KB   0.0      0.0     0.0      0.0       0.0      0.0       0.0   0.0      0.0      0.0      0.00              0.00         0    0.000       0      0
 Int      0/0    0.00 KB   0.0      0.0     0.0      0.0       0.0      0.0       0.0   0.0      0.0      0.0      0.00              0.00         0    0.000       0      0

** Compaction Stats [usertable] **
Priority    Files   Size     Score Read(GB)  Rn(GB) Rnp1(GB) Write(GB) Wnew(GB) Moved(GB) W-Amp Rd(MB/s) Wr(MB/s) Comp(sec) CompMergeCPU(sec) Comp(cnt) Avg(sec) KeyIn KeyDrop
-------------------------------------------------------------------------------------------------------------------------------------------------------------------------------
Uptime(secs): 0.1 total, 0.0 interval
Flush(GB): cumulative 0.000, interval 0.000
AddFile(GB): cumulative 0.000, interval 0.000
AddFile(Total Files): cumulative 0, interval 0
AddFile(L0 Files): cumulative 0, interval 0
AddFile(Keys): cumulative 0, interval 0
Cumulative compaction: 0.00 GB write, 0.00 MB/s write, 0.00 GB read, 0.00 MB/s read, 0.0 seconds
Interval compaction: 0.00 GB write, 0.00 MB/s write, 0.00 GB read, 0.00 MB/s read, 0.0 seconds
Stalls(count): 0 level0_slowdown, 0 level0_slowdown_with_compaction, 0 level0_numfiles, 0 level0_numfiles_with_compaction, 0 stop for pending_compaction_bytes, 0 slowdown for pending_compaction_bytes, 0 memtable_compaction, 0 memtable_slowdown, interval 0 total count

** File Read Latency Histogram By Level [usertable] **
2020/02/18-09:58:26.547992 7ef37ff200 [_impl/db_impl_write.cc:1656] [usertable] New memtable created with log file: #9. Immutable memtables: 0.
2020/02/18-09:58:36.145462 7f80e8e200 [_impl/db_impl_write.cc:1656] [usertable] New memtable created with log file: #10. Immutable memtables: 1.
2020/02/18-09:58:36.145910 7f22fff200 [_impl/db_impl_compaction_flush.cc:106] [JOB 8] Syncing log #3
2020/02/18-09:58:36.477867 7f22fff200 [_impl/db_impl_compaction_flush.cc:106] [JOB 8] Syncing log #9
2020/02/18-09:58:36.973572 7f22fff200 (Original Log Time 2020/02/18-09:58:36.145799) [_impl/db_impl_compaction_flush.cc:2188] Calling FlushMemTableToOutputFile with column family [usertable], flush slots available 6, compaction slots available 1, flush slots scheduled 6, compaction slots scheduled 0
2020/02/18-09:58:36.973598 7f22fff200 [ush_job.cc:320] [usertable] [JOB 8] Flushing memtable with next log file: 9
2020/02/18-09:58:36.973622 7f22fff200 [ush_job.cc:320] [usertable] [JOB 8] Flushing memtable with next log file: 10
2020/02/18-09:58:36.973705 7f22fff200 EVENT_LOG_v1 {"time_micros": 1582019916973672, "job": 8, "event": "flush_started", "num_memtables": 2, "num_entries": 61509, "num_deletes": 0, "total_data_size": 253601607, "memory_usage": 260124736, "flush_reason": "Write Buffer Full"}
2020/02/18-09:58:36.973717 7f22fff200 [ush_job.cc:349] [usertable] [JOB 8] Level-0 flush table #11: started
2020/02/18-09:58:38.329090 7f22fff200 EVENT_LOG_v1 {"time_micros": 1582019918328995, "cf_name": "usertable", "job": 8, "event": "table_file_creation", "file_number": 11, "file_size": 256732006, "table_properties": {"data_size": 254462733, "index_size": 2268498, "index_partitions": 0, "top_level_index_size": 0, "index_key_is_user_key": 0, "index_value_is_delta_encoded": 0, "filter_size": 0, "raw_key_size": 1476216, "raw_average_key_size": 24, "raw_value_size": 251940864, "raw_average_value_size": 4096, "num_data_blocks": 61509, "num_entries": 61509, "num_deletions": 0, "num_merge_operands": 0, "num_range_deletions": 0, "format_version": 0, "fixed_key_len": 0, "filter_policy": "", "column_family_name": "usertable", "column_family_id": 1, "comparator": "leveldb.BytewiseComparator", "merge_operator": "nullptr", "prefix_extractor_name": "nullptr", "property_collectors": "[]", "compression": "NoCompression", "compression_options": "window_bits=-14; level=32767; strategy=0; max_dict_bytes=0; zstd_max_train_bytes=0; enabled=0; ", "creation_time": 1582019916, "oldest_key_time": 1582019895, "file_creation_time": 1582019916}}
2020/02/18-09:58:38.329147 7f22fff200 [ush_job.cc:390] [usertable] [JOB 8] Level-0 flush table #11: 256732006 bytes OK
2020/02/18-09:58:38.357510 7f22fff200 (Original Log Time 2020/02/18-09:58:38.329194) [mtable_list.cc:432] [usertable] Level-0 commit table #11 started
2020/02/18-09:58:38.357518 7f22fff200 (Original Log Time 2020/02/18-09:58:38.357279) [mtable_list.cc:480] [usertable] Level-0 commit table #11: memtable #1 done
2020/02/18-09:58:38.357523 7f22fff200 (Original Log Time 2020/02/18-09:58:38.357305) [mtable_list.cc:480] [usertable] Level-0 commit table #11: memtable #2 done
2020/02/18-09:58:38.357527 7f22fff200 (Original Log Time 2020/02/18-09:58:38.357365) EVENT_LOG_v1 {"time_micros": 1582019918357343, "job": 8, "event": "flush_finished", "output_compression": "NoCompression", "lsm_state": [1, 0, 0, 0, 0, 0, 0], "immutable_memtables": 0}
2020/02/18-09:58:38.357531 7f22fff200 (Original Log Time 2020/02/18-09:58:38.357407) [_impl/db_impl_compaction_flush.cc:206] [usertable] Level summary: files[1 0 0 0 0 0 0] max score 0.50
2020/02/18-09:58:38.357553 7f22fff200 [_impl/db_impl_files.cc:352] [JOB 8] Try to delete WAL files size 253758561, prev total WAL file size 279263300, number of live WAL files 3.
2020/02/18-09:58:50.678702 7f80e8e200 [_impl/db_impl_write.cc:1656] [usertable] New memtable created with log file: #12. Immutable memtables: 0.
2020/02/18-09:59:06.570603 7f80e8e200 [_impl/db_impl_write.cc:1656] [usertable] New memtable created with log file: #13. Immutable memtables: 1.
2020/02/18-09:59:06.571029 7f22fff200 [_impl/db_impl_compaction_flush.cc:106] [JOB 21] Syncing log #10
2020/02/18-09:59:07.080666 7f22fff200 [_impl/db_impl_compaction_flush.cc:106] [JOB 21] Syncing log #12
2020/02/18-09:59:07.609992 7f22fff200 (Original Log Time 2020/02/18-09:59:06.570974) [_impl/db_impl_compaction_flush.cc:2188] Calling FlushMemTableToOutputFile with column family [usertable], flush slots available 6, compaction slots available 1, flush slots scheduled 6, compaction slots scheduled 0
2020/02/18-09:59:07.610024 7f22fff200 [ush_job.cc:320] [usertable] [JOB 21] Flushing memtable with next log file: 12
2020/02/18-09:59:07.610044 7f22fff200 [ush_job.cc:320] [usertable] [JOB 21] Flushing memtable with next log file: 13
2020/02/18-09:59:07.610125 7f22fff200 EVENT_LOG_v1 {"time_micros": 1582019947610097, "job": 21, "event": "flush_started", "num_memtables": 2, "num_entries": 61508, "num_deletes": 0, "total_data_size": 253597484, "memory_usage": 260067816, "flush_reason": "Write Buffer Full"}
2020/02/18-09:59:07.610144 7f22fff200 [ush_job.cc:349] [usertable] [JOB 21] Level-0 flush table #14: started
