2020/02/19-18:22:38.731744 7f91393200 RocksDB version: 6.5.3
2020/02/19-18:22:38.731890 7f91393200 Git sha rocksdb_build_git_sha:
2020/02/19-18:22:38.731896 7f91393200 Compile date Jan 21 2020
2020/02/19-18:22:38.731931 7f91393200 DB SUMMARY
2020/02/19-18:22:38.733028 7f91393200 CURRENT file:  CURRENT
2020/02/19-18:22:38.733039 7f91393200 IDENTITY file:  IDENTITY
2020/02/19-18:22:38.733064 7f91393200 MANIFEST file:  MANIFEST-000004 size: 133558 Bytes
2020/02/19-18:22:38.733072 7f91393200 SST files in /mnt/sda/mbwu-rocksdb-data dir, Total Num: 666, files: 000021.sst 000022.sst 000023.sst 000024.sst 000028.sst 000029.sst 000030.sst 000031.sst 000043.sst 
2020/02/19-18:22:38.733083 7f91393200 Write Ahead Log file in /mnt/sda/mbwu-rocksdb-data: 001336.log size: 127063962 ; 001342.log size: 77432547 ; 
2020/02/19-18:22:38.733148 7f91393200                         Options.error_if_exists: 0
2020/02/19-18:22:38.733151 7f91393200                       Options.create_if_missing: 1
2020/02/19-18:22:38.733154 7f91393200                         Options.paranoid_checks: 1
2020/02/19-18:22:38.733157 7f91393200                                     Options.env: 0x7f910d1c50
2020/02/19-18:22:38.733160 7f91393200                                Options.info_log: 0x7f4009c700
2020/02/19-18:22:38.733162 7f91393200                Options.max_file_opening_threads: 16
2020/02/19-18:22:38.733165 7f91393200                              Options.statistics: (nil)
2020/02/19-18:22:38.733168 7f91393200                               Options.use_fsync: 0
2020/02/19-18:22:38.733170 7f91393200                       Options.max_log_file_size: 0
2020/02/19-18:22:38.733173 7f91393200                  Options.max_manifest_file_size: 1073741824
2020/02/19-18:22:38.733176 7f91393200                   Options.log_file_time_to_roll: 0
2020/02/19-18:22:38.733179 7f91393200                       Options.keep_log_file_num: 1000
2020/02/19-18:22:38.733182 7f91393200                    Options.recycle_log_file_num: 0
2020/02/19-18:22:38.733185 7f91393200                         Options.allow_fallocate: 1
2020/02/19-18:22:38.733187 7f91393200                        Options.allow_mmap_reads: 0
2020/02/19-18:22:38.733190 7f91393200                       Options.allow_mmap_writes: 0
2020/02/19-18:22:38.733193 7f91393200                        Options.use_direct_reads: 0
2020/02/19-18:22:38.733195 7f91393200                        Options.use_direct_io_for_flush_and_compaction: 0
2020/02/19-18:22:38.733198 7f91393200          Options.create_missing_column_families: 1
2020/02/19-18:22:38.733200 7f91393200                              Options.db_log_dir: 
2020/02/19-18:22:38.733203 7f91393200                                 Options.wal_dir: /mnt/sda/mbwu-rocksdb-data
2020/02/19-18:22:38.733206 7f91393200                Options.table_cache_numshardbits: 6
2020/02/19-18:22:38.733209 7f91393200                      Options.max_subcompactions: 1
2020/02/19-18:22:38.733211 7f91393200                  Options.max_background_flushes: 6
2020/02/19-18:22:38.733214 7f91393200                         Options.WAL_ttl_seconds: 0
2020/02/19-18:22:38.733216 7f91393200                       Options.WAL_size_limit_MB: 0
2020/02/19-18:22:38.733219 7f91393200                        Options.max_write_batch_group_size_bytes: 1048576
2020/02/19-18:22:38.733222 7f91393200             Options.manifest_preallocation_size: 4194304
2020/02/19-18:22:38.733225 7f91393200                     Options.is_fd_close_on_exec: 1
2020/02/19-18:22:38.733227 7f91393200                   Options.advise_random_on_open: 1
2020/02/19-18:22:38.733230 7f91393200                    Options.db_write_buffer_size: 0
2020/02/19-18:22:38.733232 7f91393200                    Options.write_buffer_manager: 0x7f4009c650
2020/02/19-18:22:38.733235 7f91393200         Options.access_hint_on_compaction_start: 1
2020/02/19-18:22:38.733238 7f91393200  Options.new_table_reader_for_compaction_inputs: 0
2020/02/19-18:22:38.733241 7f91393200           Options.random_access_max_buffer_size: 1048576
2020/02/19-18:22:38.733243 7f91393200                      Options.use_adaptive_mutex: 0
2020/02/19-18:22:38.733246 7f91393200                            Options.rate_limiter: (nil)
2020/02/19-18:22:38.733285 7f91393200     Options.sst_file_manager.rate_bytes_per_sec: 0
2020/02/19-18:22:38.733290 7f91393200                       Options.wal_recovery_mode: 2
2020/02/19-18:22:38.733293 7f91393200                  Options.enable_thread_tracking: 0
2020/02/19-18:22:38.733295 7f91393200                  Options.enable_pipelined_write: 0
2020/02/19-18:22:38.733298 7f91393200                  Options.unordered_write: 0
2020/02/19-18:22:38.733300 7f91393200         Options.allow_concurrent_memtable_write: 1
2020/02/19-18:22:38.733303 7f91393200      Options.enable_write_thread_adaptive_yield: 1
2020/02/19-18:22:38.733305 7f91393200             Options.write_thread_max_yield_usec: 100
2020/02/19-18:22:38.733308 7f91393200            Options.write_thread_slow_yield_usec: 3
2020/02/19-18:22:38.733311 7f91393200                               Options.row_cache: None
2020/02/19-18:22:38.733313 7f91393200                              Options.wal_filter: None
2020/02/19-18:22:38.733316 7f91393200             Options.avoid_flush_during_recovery: 0
2020/02/19-18:22:38.733319 7f91393200             Options.allow_ingest_behind: 0
2020/02/19-18:22:38.733321 7f91393200             Options.preserve_deletes: 0
2020/02/19-18:22:38.733324 7f91393200             Options.two_write_queues: 0
2020/02/19-18:22:38.733326 7f91393200             Options.manual_wal_flush: 0
2020/02/19-18:22:38.733329 7f91393200             Options.atomic_flush: 0
2020/02/19-18:22:38.733331 7f91393200             Options.avoid_unnecessary_blocking_io: 0
2020/02/19-18:22:38.733334 7f91393200                 Options.persist_stats_to_disk: 0
2020/02/19-18:22:38.733336 7f91393200                 Options.write_dbid_to_manifest: 0
2020/02/19-18:22:38.733339 7f91393200                 Options.log_readahead_size: 0
2020/02/19-18:22:38.733344 7f91393200             Options.max_background_jobs: 6
2020/02/19-18:22:38.733347 7f91393200             Options.max_background_compactions: 6
2020/02/19-18:22:38.733350 7f91393200             Options.avoid_flush_during_shutdown: 0
2020/02/19-18:22:38.733352 7f91393200           Options.writable_file_max_buffer_size: 1048576
2020/02/19-18:22:38.733355 7f91393200             Options.delayed_write_rate : 16777216
2020/02/19-18:22:38.733357 7f91393200             Options.max_total_wal_size: 0
2020/02/19-18:22:38.733360 7f91393200             Options.delete_obsolete_files_period_micros: 21600000000
2020/02/19-18:22:38.733362 7f91393200                   Options.stats_dump_period_sec: 600
2020/02/19-18:22:38.733365 7f91393200                 Options.stats_persist_period_sec: 600
2020/02/19-18:22:38.733368 7f91393200                 Options.stats_history_buffer_size: 1048576
2020/02/19-18:22:38.733370 7f91393200                          Options.max_open_files: -1
2020/02/19-18:22:38.733372 7f91393200                          Options.bytes_per_sync: 1048576
2020/02/19-18:22:38.733375 7f91393200                      Options.wal_bytes_per_sync: 0
2020/02/19-18:22:38.733378 7f91393200                   Options.strict_bytes_per_sync: 0
2020/02/19-18:22:38.733380 7f91393200       Options.compaction_readahead_size: 0
2020/02/19-18:22:38.733383 7f91393200 Compression algorithms supported:
2020/02/19-18:22:38.733386 7f91393200 	kZSTDNotFinalCompression supported: 1
2020/02/19-18:22:38.733421 7f91393200 	kZSTD supported: 1
2020/02/19-18:22:38.733426 7f91393200 	kXpressCompression supported: 0
2020/02/19-18:22:38.733429 7f91393200 	kLZ4HCCompression supported: 1
2020/02/19-18:22:38.733432 7f91393200 	kLZ4Compression supported: 1
2020/02/19-18:22:38.733435 7f91393200 	kBZip2Compression supported: 1
2020/02/19-18:22:38.733438 7f91393200 	kZlibCompression supported: 1
2020/02/19-18:22:38.733440 7f91393200 	kSnappyCompression supported: 1
2020/02/19-18:22:38.733449 7f91393200 Fast CRC32 supported: Not supported on x86
2020/02/19-18:22:38.734118 7f91393200 [rsion_set.cc:4319] Recovering from manifest file: /mnt/sda/mbwu-rocksdb-data/MANIFEST-000004
2020/02/19-18:22:38.734341 7f91393200 [lumn_family.cc:489] --------------- Options for column family [default]:
2020/02/19-18:22:38.734378 7f91393200               Options.comparator: leveldb.BytewiseComparator
2020/02/19-18:22:38.734383 7f91393200           Options.merge_operator: None
2020/02/19-18:22:38.734386 7f91393200        Options.compaction_filter: None
2020/02/19-18:22:38.734389 7f91393200        Options.compaction_filter_factory: None
2020/02/19-18:22:38.734392 7f91393200         Options.memtable_factory: SkipListFactory
2020/02/19-18:22:38.734395 7f91393200            Options.table_factory: BlockBasedTable
2020/02/19-18:22:38.734517 7f91393200            table_factory options:   flush_block_policy_factory: FlushBlockBySizePolicyFactory (0x7f400891e0)
  cache_index_and_filter_blocks: 0
  cache_index_and_filter_blocks_with_high_priority: 1
  pin_l0_filter_and_index_blocks_in_cache: 0
  pin_top_level_index_and_filter: 1
  index_type: 0
  data_block_index_type: 0
  index_shortening: 1
  data_block_hash_table_util_ratio: 0.750000
  hash_index_allow_collision: 1
  checksum: 1
  no_block_cache: 0
  block_cache: 0x7f40096620
  block_cache_name: LRUCache
  block_cache_options:
    capacity : 8388608
    num_shard_bits : 4
    strict_capacity_limit : 0
    memory_allocator : None
    high_pri_pool_ratio: 0.000
  block_cache_compressed: (nil)
  persistent_cache: (nil)
  block_size: 4096
  block_size_deviation: 10
  block_restart_interval: 16
  index_block_restart_interval: 1
  metadata_block_size: 4096
  partition_filters: 0
  use_delta_encoding: 1
  filter_policy: nullptr
  whole_key_filtering: 1
  verify_compression: 0
  read_amp_bytes_per_bit: 0
  format_version: 2
  enable_index_compression: 1
  block_align: 0
2020/02/19-18:22:38.734523 7f91393200        Options.write_buffer_size: 134217728
2020/02/19-18:22:38.734525 7f91393200  Options.max_write_buffer_number: 6
2020/02/19-18:22:38.734529 7f91393200        Options.compression[0]: NoCompression
2020/02/19-18:22:38.734532 7f91393200        Options.compression[1]: NoCompression
2020/02/19-18:22:38.734535 7f91393200        Options.compression[2]: LZ4
2020/02/19-18:22:38.734538 7f91393200        Options.compression[3]: LZ4
2020/02/19-18:22:38.734541 7f91393200        Options.compression[4]: LZ4
2020/02/19-18:22:38.734544 7f91393200        Options.compression[5]: LZ4
2020/02/19-18:22:38.734547 7f91393200        Options.compression[6]: LZ4
2020/02/19-18:22:38.734549 7f91393200                  Options.bottommost_compression: Disabled
2020/02/19-18:22:38.734552 7f91393200       Options.prefix_extractor: nullptr
2020/02/19-18:22:38.734555 7f91393200   Options.memtable_insert_with_hint_prefix_extractor: nullptr
2020/02/19-18:22:38.734558 7f91393200             Options.num_levels: 7
2020/02/19-18:22:38.734560 7f91393200        Options.min_write_buffer_number_to_merge: 2
2020/02/19-18:22:38.734563 7f91393200     Options.max_write_buffer_number_to_maintain: 0
2020/02/19-18:22:38.734566 7f91393200     Options.max_write_buffer_size_to_maintain: 0
2020/02/19-18:22:38.734568 7f91393200            Options.bottommost_compression_opts.window_bits: -14
2020/02/19-18:22:38.734571 7f91393200                  Options.bottommost_compression_opts.level: 32767
2020/02/19-18:22:38.734574 7f91393200               Options.bottommost_compression_opts.strategy: 0
2020/02/19-18:22:38.734576 7f91393200         Options.bottommost_compression_opts.max_dict_bytes: 0
2020/02/19-18:22:38.734579 7f91393200         Options.bottommost_compression_opts.zstd_max_train_bytes: 0
2020/02/19-18:22:38.734582 7f91393200                  Options.bottommost_compression_opts.enabled: false
2020/02/19-18:22:38.734585 7f91393200            Options.compression_opts.window_bits: -14
2020/02/19-18:22:38.734588 7f91393200                  Options.compression_opts.level: 32767
2020/02/19-18:22:38.734590 7f91393200               Options.compression_opts.strategy: 0
2020/02/19-18:22:38.734593 7f91393200         Options.compression_opts.max_dict_bytes: 0
2020/02/19-18:22:38.734595 7f91393200         Options.compression_opts.zstd_max_train_bytes: 0
2020/02/19-18:22:38.734614 7f91393200                  Options.compression_opts.enabled: false
2020/02/19-18:22:38.734618 7f91393200      Options.level0_file_num_compaction_trigger: 2
2020/02/19-18:22:38.734621 7f91393200          Options.level0_slowdown_writes_trigger: 20
2020/02/19-18:22:38.734624 7f91393200              Options.level0_stop_writes_trigger: 36
2020/02/19-18:22:38.734627 7f91393200                   Options.target_file_size_base: 67108864
2020/02/19-18:22:38.734630 7f91393200             Options.target_file_size_multiplier: 1
2020/02/19-18:22:38.734632 7f91393200                Options.max_bytes_for_level_base: 536870912
2020/02/19-18:22:38.734635 7f91393200                      Options.snap_refresh_nanos: 0
2020/02/19-18:22:38.734637 7f91393200 Options.level_compaction_dynamic_level_bytes: 0
2020/02/19-18:22:38.734640 7f91393200          Options.max_bytes_for_level_multiplier: 10.000000
2020/02/19-18:22:38.734645 7f91393200 Options.max_bytes_for_level_multiplier_addtl[0]: 1
2020/02/19-18:22:38.734648 7f91393200 Options.max_bytes_for_level_multiplier_addtl[1]: 1
2020/02/19-18:22:38.734651 7f91393200 Options.max_bytes_for_level_multiplier_addtl[2]: 1
2020/02/19-18:22:38.734653 7f91393200 Options.max_bytes_for_level_multiplier_addtl[3]: 1
2020/02/19-18:22:38.734656 7f91393200 Options.max_bytes_for_level_multiplier_addtl[4]: 1
2020/02/19-18:22:38.734658 7f91393200 Options.max_bytes_for_level_multiplier_addtl[5]: 1
2020/02/19-18:22:38.734661 7f91393200 Options.max_bytes_for_level_multiplier_addtl[6]: 1
2020/02/19-18:22:38.734663 7f91393200       Options.max_sequential_skip_in_iterations: 8
2020/02/19-18:22:38.734666 7f91393200                    Options.max_compaction_bytes: 1677721600
2020/02/19-18:22:38.734668 7f91393200                        Options.arena_block_size: 16777216
2020/02/19-18:22:38.734671 7f91393200   Options.soft_pending_compaction_bytes_limit: 68719476736
2020/02/19-18:22:38.734673 7f91393200   Options.hard_pending_compaction_bytes_limit: 274877906944
2020/02/19-18:22:38.734676 7f91393200       Options.rate_limit_delay_max_milliseconds: 100
2020/02/19-18:22:38.734679 7f91393200                Options.disable_auto_compactions: 0
2020/02/19-18:22:38.734683 7f91393200                        Options.compaction_style: kCompactionStyleLevel
2020/02/19-18:22:38.734687 7f91393200                          Options.compaction_pri: kMinOverlappingRatio
2020/02/19-18:22:38.734690 7f91393200 Options.compaction_options_universal.size_ratio: 1
2020/02/19-18:22:38.734692 7f91393200 Options.compaction_options_universal.min_merge_width: 2
2020/02/19-18:22:38.734695 7f91393200 Options.compaction_options_universal.max_merge_width: 4294967295
2020/02/19-18:22:38.734698 7f91393200 Options.compaction_options_universal.max_size_amplification_percent: 200
2020/02/19-18:22:38.734700 7f91393200 Options.compaction_options_universal.compression_size_percent: -1
2020/02/19-18:22:38.734704 7f91393200 Options.compaction_options_universal.stop_style: kCompactionStopStyleTotalSize
2020/02/19-18:22:38.734707 7f91393200 Options.compaction_options_fifo.max_table_files_size: 1073741824
2020/02/19-18:22:38.734710 7f91393200 Options.compaction_options_fifo.allow_compaction: 0
2020/02/19-18:22:38.734712 7f91393200                   Options.table_properties_collectors: 
2020/02/19-18:22:38.734715 7f91393200                   Options.inplace_update_support: 0
2020/02/19-18:22:38.734718 7f91393200                 Options.inplace_update_num_locks: 10000
2020/02/19-18:22:38.734720 7f91393200               Options.memtable_prefix_bloom_size_ratio: 0.000000
2020/02/19-18:22:38.734723 7f91393200               Options.memtable_whole_key_filtering: 0
2020/02/19-18:22:38.734726 7f91393200   Options.memtable_huge_page_size: 0
2020/02/19-18:22:38.734729 7f91393200                           Options.bloom_locality: 0
2020/02/19-18:22:38.734731 7f91393200                    Options.max_successive_merges: 0
2020/02/19-18:22:38.734734 7f91393200                Options.optimize_filters_for_hits: 0
2020/02/19-18:22:38.734736 7f91393200                Options.paranoid_file_checks: 0
2020/02/19-18:22:38.734751 7f91393200                Options.force_consistency_checks: 0
2020/02/19-18:22:38.734755 7f91393200                Options.report_bg_io_stats: 0
2020/02/19-18:22:38.734758 7f91393200                               Options.ttl: 0
2020/02/19-18:22:38.734761 7f91393200          Options.periodic_compaction_seconds: 0
2020/02/19-18:22:38.735436 7f91393200 [lumn_family.cc:489] --------------- Options for column family [usertable]:
2020/02/19-18:22:38.735447 7f91393200               Options.comparator: leveldb.BytewiseComparator
2020/02/19-18:22:38.735450 7f91393200           Options.merge_operator: None
2020/02/19-18:22:38.735453 7f91393200        Options.compaction_filter: None
2020/02/19-18:22:38.735456 7f91393200        Options.compaction_filter_factory: None
2020/02/19-18:22:38.735458 7f91393200         Options.memtable_factory: SkipListFactory
2020/02/19-18:22:38.735461 7f91393200            Options.table_factory: BlockBasedTable
2020/02/19-18:22:38.735513 7f91393200            table_factory options:   flush_block_policy_factory: FlushBlockBySizePolicyFactory (0x7f40099fa0)
  cache_index_and_filter_blocks: 0
  cache_index_and_filter_blocks_with_high_priority: 1
  pin_l0_filter_and_index_blocks_in_cache: 0
  pin_top_level_index_and_filter: 1
  index_type: 0
  data_block_index_type: 0
  index_shortening: 1
  data_block_hash_table_util_ratio: 0.750000
  hash_index_allow_collision: 1
  checksum: 1
  no_block_cache: 0
  block_cache: 0x7f4009c680
  block_cache_name: LRUCache
  block_cache_options:
    capacity : 8388608
    num_shard_bits : 4
    strict_capacity_limit : 0
    memory_allocator : None
    high_pri_pool_ratio: 0.000
  block_cache_compressed: (nil)
  persistent_cache: (nil)
  block_size: 4096
  block_size_deviation: 10
  block_restart_interval: 16
  index_block_restart_interval: 1
  metadata_block_size: 4096
  partition_filters: 0
  use_delta_encoding: 1
  filter_policy: nullptr
  whole_key_filtering: 1
  verify_compression: 0
  read_amp_bytes_per_bit: 0
  format_version: 2
  enable_index_compression: 1
  block_align: 0
2020/02/19-18:22:38.735517 7f91393200        Options.write_buffer_size: 134217728
2020/02/19-18:22:38.735520 7f91393200  Options.max_write_buffer_number: 6
2020/02/19-18:22:38.735523 7f91393200        Options.compression[0]: NoCompression
2020/02/19-18:22:38.735526 7f91393200        Options.compression[1]: NoCompression
2020/02/19-18:22:38.735529 7f91393200        Options.compression[2]: LZ4
2020/02/19-18:22:38.735532 7f91393200        Options.compression[3]: LZ4
2020/02/19-18:22:38.735535 7f91393200        Options.compression[4]: LZ4
2020/02/19-18:22:38.735538 7f91393200        Options.compression[5]: LZ4
2020/02/19-18:22:38.735540 7f91393200        Options.compression[6]: LZ4
2020/02/19-18:22:38.735543 7f91393200                  Options.bottommost_compression: Disabled
2020/02/19-18:22:38.735546 7f91393200       Options.prefix_extractor: nullptr
2020/02/19-18:22:38.735549 7f91393200   Options.memtable_insert_with_hint_prefix_extractor: nullptr
2020/02/19-18:22:38.735551 7f91393200             Options.num_levels: 7
2020/02/19-18:22:38.735554 7f91393200        Options.min_write_buffer_number_to_merge: 2
2020/02/19-18:22:38.735556 7f91393200     Options.max_write_buffer_number_to_maintain: 0
2020/02/19-18:22:38.735559 7f91393200     Options.max_write_buffer_size_to_maintain: 0
2020/02/19-18:22:38.735561 7f91393200            Options.bottommost_compression_opts.window_bits: -14
2020/02/19-18:22:38.735564 7f91393200                  Options.bottommost_compression_opts.level: 32767
2020/02/19-18:22:38.735566 7f91393200               Options.bottommost_compression_opts.strategy: 0
2020/02/19-18:22:38.735569 7f91393200         Options.bottommost_compression_opts.max_dict_bytes: 0
2020/02/19-18:22:38.735571 7f91393200         Options.bottommost_compression_opts.zstd_max_train_bytes: 0
2020/02/19-18:22:38.735574 7f91393200                  Options.bottommost_compression_opts.enabled: false
2020/02/19-18:22:38.735577 7f91393200            Options.compression_opts.window_bits: -14
2020/02/19-18:22:38.735603 7f91393200                  Options.compression_opts.level: 32767
2020/02/19-18:22:38.735607 7f91393200               Options.compression_opts.strategy: 0
2020/02/19-18:22:38.735610 7f91393200         Options.compression_opts.max_dict_bytes: 0
2020/02/19-18:22:38.735612 7f91393200         Options.compression_opts.zstd_max_train_bytes: 0
2020/02/19-18:22:38.735615 7f91393200                  Options.compression_opts.enabled: false
2020/02/19-18:22:38.735617 7f91393200      Options.level0_file_num_compaction_trigger: 2
2020/02/19-18:22:38.735620 7f91393200          Options.level0_slowdown_writes_trigger: 20
2020/02/19-18:22:38.735622 7f91393200              Options.level0_stop_writes_trigger: 36
2020/02/19-18:22:38.735625 7f91393200                   Options.target_file_size_base: 67108864
2020/02/19-18:22:38.735627 7f91393200             Options.target_file_size_multiplier: 1
2020/02/19-18:22:38.735630 7f91393200                Options.max_bytes_for_level_base: 536870912
2020/02/19-18:22:38.735633 7f91393200                      Options.snap_refresh_nanos: 0
2020/02/19-18:22:38.735635 7f91393200 Options.level_compaction_dynamic_level_bytes: 0
2020/02/19-18:22:38.735638 7f91393200          Options.max_bytes_for_level_multiplier: 10.000000
2020/02/19-18:22:38.735642 7f91393200 Options.max_bytes_for_level_multiplier_addtl[0]: 1
2020/02/19-18:22:38.735645 7f91393200 Options.max_bytes_for_level_multiplier_addtl[1]: 1
2020/02/19-18:22:38.735647 7f91393200 Options.max_bytes_for_level_multiplier_addtl[2]: 1
2020/02/19-18:22:38.735650 7f91393200 Options.max_bytes_for_level_multiplier_addtl[3]: 1
2020/02/19-18:22:38.735652 7f91393200 Options.max_bytes_for_level_multiplier_addtl[4]: 1
2020/02/19-18:22:38.735655 7f91393200 Options.max_bytes_for_level_multiplier_addtl[5]: 1
2020/02/19-18:22:38.735657 7f91393200 Options.max_bytes_for_level_multiplier_addtl[6]: 1
2020/02/19-18:22:38.735660 7f91393200       Options.max_sequential_skip_in_iterations: 8
2020/02/19-18:22:38.735662 7f91393200                    Options.max_compaction_bytes: 1677721600
2020/02/19-18:22:38.735665 7f91393200                        Options.arena_block_size: 16777216
2020/02/19-18:22:38.735668 7f91393200   Options.soft_pending_compaction_bytes_limit: 68719476736
2020/02/19-18:22:38.735670 7f91393200   Options.hard_pending_compaction_bytes_limit: 274877906944
2020/02/19-18:22:38.735673 7f91393200       Options.rate_limit_delay_max_milliseconds: 100
2020/02/19-18:22:38.735675 7f91393200                Options.disable_auto_compactions: 0
2020/02/19-18:22:38.735678 7f91393200                        Options.compaction_style: kCompactionStyleLevel
2020/02/19-18:22:38.735681 7f91393200                          Options.compaction_pri: kMinOverlappingRatio
2020/02/19-18:22:38.735684 7f91393200 Options.compaction_options_universal.size_ratio: 1
2020/02/19-18:22:38.735686 7f91393200 Options.compaction_options_universal.min_merge_width: 2
2020/02/19-18:22:38.735689 7f91393200 Options.compaction_options_universal.max_merge_width: 4294967295
2020/02/19-18:22:38.735691 7f91393200 Options.compaction_options_universal.max_size_amplification_percent: 200
2020/02/19-18:22:38.735694 7f91393200 Options.compaction_options_universal.compression_size_percent: -1
2020/02/19-18:22:38.735696 7f91393200 Options.compaction_options_universal.stop_style: kCompactionStopStyleTotalSize
2020/02/19-18:22:38.735699 7f91393200 Options.compaction_options_fifo.max_table_files_size: 1073741824
2020/02/19-18:22:38.735701 7f91393200 Options.compaction_options_fifo.allow_compaction: 0
2020/02/19-18:22:38.735704 7f91393200                   Options.table_properties_collectors: 
2020/02/19-18:22:38.735706 7f91393200                   Options.inplace_update_support: 0
2020/02/19-18:22:38.735709 7f91393200                 Options.inplace_update_num_locks: 10000
2020/02/19-18:22:38.735711 7f91393200               Options.memtable_prefix_bloom_size_ratio: 0.000000
2020/02/19-18:22:38.735714 7f91393200               Options.memtable_whole_key_filtering: 0
2020/02/19-18:22:38.735729 7f91393200   Options.memtable_huge_page_size: 0
2020/02/19-18:22:38.735733 7f91393200                           Options.bloom_locality: 0
2020/02/19-18:22:38.735736 7f91393200                    Options.max_successive_merges: 0
2020/02/19-18:22:38.735738 7f91393200                Options.optimize_filters_for_hits: 0
2020/02/19-18:22:38.735741 7f91393200                Options.paranoid_file_checks: 0
2020/02/19-18:22:38.735743 7f91393200                Options.force_consistency_checks: 0
2020/02/19-18:22:38.735745 7f91393200                Options.report_bg_io_stats: 0
2020/02/19-18:22:38.735748 7f91393200                               Options.ttl: 0
2020/02/19-18:22:38.735750 7f91393200          Options.periodic_compaction_seconds: 0
2020/02/19-18:22:39.375511 7f91393200 [rsion_set.cc:4469] Recovered from manifest file:/mnt/sda/mbwu-rocksdb-data/MANIFEST-000004 succeeded,manifest_file_number is 4, next_file_number is 1343, last_sequence is 10415941, log_number is 1336,prev_log_number is 0,max_column_family is 1,min_log_number_to_keep is 0
2020/02/19-18:22:39.375567 7f91393200 [rsion_set.cc:4478] Column family [default] (ID 0), log number is 0
2020/02/19-18:22:39.375576 7f91393200 [rsion_set.cc:4478] Column family [usertable] (ID 1), log number is 1336
2020/02/19-18:22:39.391385 7f91393200 EVENT_LOG_v1 {"time_micros": 1582136559391342, "job": 1, "event": "recovery_started", "log_files": [1336, 1342]}
2020/02/19-18:22:39.391459 7f91393200 [_impl/db_impl_open.cc:728] Recovering log #1336 mode 2
2020/02/19-18:22:39.948552 7f91393200 [_impl/db_impl_open.cc:728] Recovering log #1342 mode 2
2020/02/19-18:22:40.634698 7f91393200 EVENT_LOG_v1 {"time_micros": 1582136560634619, "cf_name": "usertable", "job": 1, "event": "table_file_creation", "file_number": 1343, "file_size": 128839845, "table_properties": {"data_size": 127700916, "index_size": 1138182, "index_partitions": 0, "top_level_index_size": 0, "index_key_is_user_key": 0, "index_value_is_delta_encoded": 0, "filter_size": 0, "raw_key_size": 740832, "raw_average_key_size": 24, "raw_value_size": 126435328, "raw_average_value_size": 4096, "num_data_blocks": 30868, "num_entries": 30868, "num_deletions": 0, "num_merge_operands": 0, "num_range_deletions": 0, "format_version": 0, "fixed_key_len": 0, "filter_policy": "", "column_family_name": "usertable", "column_family_id": 1, "comparator": "leveldb.BytewiseComparator", "merge_operator": "nullptr", "prefix_extractor_name": "nullptr", "property_collectors": "[]", "compression": "NoCompression", "compression_options": "window_bits=-14; level=32767; strategy=0; max_dict_bytes=0; zstd_max_train_bytes=0; enabled=0; ", "creation_time": 1582136559, "oldest_key_time": 3, "file_creation_time": 0}}
2020/02/19-18:22:40.981559 7f91393200 [rsion_set.cc:3734] Creating manifest 1344
2020/02/19-18:22:41.460572 7f91393200 EVENT_LOG_v1 {"time_micros": 1582136561460494, "cf_name": "usertable", "job": 1, "event": "table_file_creation", "file_number": 1345, "file_size": 77734752, "table_properties": {"data_size": 77047488, "index_size": 686517, "index_partitions": 0, "top_level_index_size": 0, "index_key_is_user_key": 0, "index_value_is_delta_encoded": 0, "filter_size": 0, "raw_key_size": 446976, "raw_average_key_size": 24, "raw_value_size": 76283904, "raw_average_value_size": 4096, "num_data_blocks": 18624, "num_entries": 18624, "num_deletions": 0, "num_merge_operands": 0, "num_range_deletions": 0, "format_version": 0, "fixed_key_len": 0, "filter_policy": "", "column_family_name": "usertable", "column_family_id": 1, "comparator": "leveldb.BytewiseComparator", "merge_operator": "nullptr", "prefix_extractor_name": "nullptr", "property_collectors": "[]", "compression": "NoCompression", "compression_options": "window_bits=-14; level=32767; strategy=0; max_dict_bytes=0; zstd_max_train_bytes=0; enabled=0; ", "creation_time": 1582136561, "oldest_key_time": 3, "file_creation_time": 0}}
2020/02/19-18:22:41.490846 7f91393200 EVENT_LOG_v1 {"time_micros": 1582136561490836, "job": 1, "event": "recovery_finished"}
2020/02/19-18:22:41.589305 7f91393200 DB pointer 0x7f40093d10
2020/02/19-18:22:41.591866 7f0d7ff200 [_impl/db_impl.cc:853] ------- DUMPING STATS -------
2020/02/19-18:22:41.591957 7f0d7ff200 [_impl/db_impl.cc:854] 
** DB Stats **
Uptime(secs): 2.9 total, 2.9 interval
Cumulative writes: 0 writes, 0 keys, 0 commit groups, 0.0 writes per commit group, ingest: 0.00 GB, 0.00 MB/s
Cumulative WAL: 0 writes, 0 syncs, 0.00 writes per sync, written: 0.00 GB, 0.00 MB/s
Cumulative stall: 00:00:0.000 H:M:S, 0.0 percent
Interval writes: 0 writes, 0 keys, 0 commit groups, 0.0 writes per commit group, ingest: 0.00 MB, 0.00 MB/s
Interval WAL: 0 writes, 0 syncs, 0.00 writes per sync, written: 0.00 MB, 0.00 MB/s
Interval stall: 00:00:0.000 H:M:S, 0.0 percent

** Compaction Stats [default] **
Level    Files   Size     Score Read(GB)  Rn(GB) Rnp1(GB) Write(GB) Wnew(GB) Moved(GB) W-Amp Rd(MB/s) Wr(MB/s) Comp(sec) CompMergeCPU(sec) Comp(cnt) Avg(sec) KeyIn KeyDrop
----------------------------------------------------------------------------------------------------------------------------------------------------------------------------
 Sum      0/0    0.00 KB   0.0      0.0     0.0      0.0       0.0      0.0       0.0   0.0      0.0      0.0      0.00              0.00         0    0.000       0      0
 Int      0/0    0.00 KB   0.0      0.0     0.0      0.0       0.0      0.0       0.0   0.0      0.0      0.0      0.00              0.00         0    0.000       0      0

** Compaction Stats [default] **
Priority    Files   Size     Score Read(GB)  Rn(GB) Rnp1(GB) Write(GB) Wnew(GB) Moved(GB) W-Amp Rd(MB/s) Wr(MB/s) Comp(sec) CompMergeCPU(sec) Comp(cnt) Avg(sec) KeyIn KeyDrop
-------------------------------------------------------------------------------------------------------------------------------------------------------------------------------
Uptime(secs): 2.9 total, 2.9 interval
Flush(GB): cumulative 0.000, interval 0.000
AddFile(GB): cumulative 0.000, interval 0.000
AddFile(Total Files): cumulative 0, interval 0
AddFile(L0 Files): cumulative 0, interval 0
AddFile(Keys): cumulative 0, interval 0
Cumulative compaction: 0.00 GB write, 0.00 MB/s write, 0.00 GB read, 0.00 MB/s read, 0.0 seconds
Interval compaction: 0.00 GB write, 0.00 MB/s write, 0.00 GB read, 0.00 MB/s read, 0.0 seconds
Stalls(count): 0 level0_slowdown, 0 level0_slowdown_with_compaction, 0 level0_numfiles, 0 level0_numfiles_with_compaction, 0 stop for pending_compaction_bytes, 0 slowdown for pending_compaction_bytes, 0 memtable_compaction, 0 memtable_slowdown, interval 0 total count

** File Read Latency Histogram By Level [default] **

** Compaction Stats [usertable] **
Level    Files   Size     Score Read(GB)  Rn(GB) Rnp1(GB) Write(GB) Wnew(GB) Moved(GB) W-Amp Rd(MB/s) Wr(MB/s) Comp(sec) CompMergeCPU(sec) Comp(cnt) Avg(sec) KeyIn KeyDrop
----------------------------------------------------------------------------------------------------------------------------------------------------------------------------
  L0      3/1   441.86 MB   1.0      0.0     0.0      0.0       0.2      0.2       0.0   1.0      0.0    178.7      1.10              0.00         2    0.551       0      0
  L1      2/0   489.69 MB   1.0      0.0     0.0      0.0       0.0      0.0       0.0   0.0      0.0      0.0      0.00              0.00         0    0.000       0      0
  L2     82/0    4.96 GB   1.0      0.0     0.0      0.0       0.0      0.0       0.0   0.0      0.0      0.0      0.00              0.00         0    0.000       0      0
  L3    581/0   34.51 GB   0.7      0.0     0.0      0.0       0.0      0.0       0.0   0.0      0.0      0.0      0.00              0.00         0    0.000       0      0
 Sum    668/1   40.38 GB   0.0      0.0     0.0      0.0       0.2      0.2       0.0   1.0      0.0    178.7      1.10              0.00         2    0.551       0      0
 Int      0/0    0.00 KB   0.0      0.0     0.0      0.0       0.2      0.2       0.0   1.0      0.0    178.7      1.10              0.00         2    0.551       0      0

** Compaction Stats [usertable] **
Priority    Files   Size     Score Read(GB)  Rn(GB) Rnp1(GB) Write(GB) Wnew(GB) Moved(GB) W-Amp Rd(MB/s) Wr(MB/s) Comp(sec) CompMergeCPU(sec) Comp(cnt) Avg(sec) KeyIn KeyDrop
-------------------------------------------------------------------------------------------------------------------------------------------------------------------------------
User      0/0    0.00 KB   0.0      0.0     0.0      0.0       0.2      0.2       0.0   0.0      0.0    178.7      1.10              0.00         2    0.551       0      0
Uptime(secs): 2.9 total, 2.9 interval
Flush(GB): cumulative 0.192, interval 0.192
AddFile(GB): cumulative 0.000, interval 0.000
AddFile(Total Files): cumulative 0, interval 0
AddFile(L0 Files): cumulative 0, interval 0
AddFile(Keys): cumulative 0, interval 0
Cumulative compaction: 0.19 GB write, 68.97 MB/s write, 0.00 GB read, 0.00 MB/s read, 1.1 seconds
Interval compaction: 0.19 GB write, 68.97 MB/s write, 0.00 GB read, 0.00 MB/s read, 1.1 seconds
Stalls(count): 0 level0_slowdown, 0 level0_slowdown_with_compaction, 0 level0_numfiles, 0 level0_numfiles_with_compaction, 0 stop for pending_compaction_bytes, 0 slowdown for pending_compaction_bytes, 0 memtable_compaction, 0 memtable_slowdown, interval 0 total count

** File Read Latency Histogram By Level [usertable] **

** Compaction Stats [default] **
Level    Files   Size     Score Read(GB)  Rn(GB) Rnp1(GB) Write(GB) Wnew(GB) Moved(GB) W-Amp Rd(MB/s) Wr(MB/s) Comp(sec) CompMergeCPU(sec) Comp(cnt) Avg(sec) KeyIn KeyDrop
----------------------------------------------------------------------------------------------------------------------------------------------------------------------------
 Sum      0/0    0.00 KB   0.0      0.0     0.0      0.0       0.0      0.0       0.0   0.0      0.0      0.0      0.00              0.00         0    0.000       0      0
 Int      0/0    0.00 KB   0.0      0.0     0.0      0.0       0.0      0.0       0.0   0.0      0.0      0.0      0.00              0.00         0    0.000       0      0

** Compaction Stats [default] **
Priority    Files   Size     Score Read(GB)  Rn(GB) Rnp1(GB) Write(GB) Wnew(GB) Moved(GB) W-Amp Rd(MB/s) Wr(MB/s) Comp(sec) CompMergeCPU(sec) Comp(cnt) Avg(sec) KeyIn KeyDrop
-------------------------------------------------------------------------------------------------------------------------------------------------------------------------------
Uptime(secs): 2.9 total, 0.0 interval
Flush(GB): cumulative 0.000, interval 0.000
AddFile(GB): cumulative 0.000, interval 0.000
AddFile(Total Files): cumulative 0, interval 0
AddFile(L0 Files): cumulative 0, interval 0
AddFile(Keys): cumulative 0, interval 0
Cumulative compaction: 0.00 GB write, 0.00 MB/s write, 0.00 GB read, 0.00 MB/s read, 0.0 seconds
Interval compaction: 0.00 GB write, 0.00 MB/s write, 0.00 GB read, 0.00 MB/s read, 0.0 seconds
Stalls(count): 0 level0_slowdown, 0 level0_slowdown_with_compaction, 0 level0_numfiles, 0 level0_numfiles_with_compaction, 0 stop for pending_compaction_bytes, 0 slowdown for pending_compaction_bytes, 0 memtable_compaction, 0 memtable_slowdown, interval 0 total count

** File Read Latency Histogram By Level [default] **

** Compaction Stats [usertable] **
Level    Files   Size     Score Read(GB)  Rn(GB) Rnp1(GB) Write(GB) Wnew(GB) Moved(GB) W-Amp Rd(MB/s) Wr(MB/s) Comp(sec) CompMergeCPU(sec) Comp(cnt) Avg(sec) KeyIn KeyDrop
----------------------------------------------------------------------------------------------------------------------------------------------------------------------------
  L0      3/1   441.86 MB   1.0      0.0     0.0      0.0       0.2      0.2       0.0   1.0      0.0    178.7      1.10              0.00         2    0.551       0      0
  L1      2/0   489.69 MB   1.0      0.0     0.0      0.0       0.0      0.0       0.0   0.0      0.0      0.0      0.00              0.00         0    0.000       0      0
  L2     82/0    4.96 GB   1.0      0.0     0.0      0.0       0.0      0.0       0.0   0.0      0.0      0.0      0.00              0.00         0    0.000       0      0
  L3    581/0   34.51 GB   0.7      0.0     0.0      0.0       0.0      0.0       0.0   0.0      0.0      0.0      0.00              0.00         0    0.000       0      0
 Sum    668/1   40.38 GB   0.0      0.0     0.0      0.0       0.2      0.2       0.0   1.0      0.0    178.7      1.10              0.00         2    0.551       0      0
 Int      0/0    0.00 KB   0.0      0.0     0.0      0.0       0.0      0.0       0.0   0.0      0.0      0.0      0.00              0.00         0    0.000       0      0

** Compaction Stats [usertable] **
Priority    Files   Size     Score Read(GB)  Rn(GB) Rnp1(GB) Write(GB) Wnew(GB) Moved(GB) W-Amp Rd(MB/s) Wr(MB/s) Comp(sec) CompMergeCPU(sec) Comp(cnt) Avg(sec) KeyIn KeyDrop
-------------------------------------------------------------------------------------------------------------------------------------------------------------------------------
User      0/0    0.00 KB   0.0      0.0     0.0      0.0       0.2      0.2       0.0   0.0      0.0    178.7      1.10              0.00         2    0.551       0      0
Uptime(secs): 2.9 total, 0.0 interval
Flush(GB): cumulative 0.192, interval 0.000
AddFile(GB): cumulative 0.000, interval 0.000
AddFile(Total Files): cumulative 0, interval 0
AddFile(L0 Files): cumulative 0, interval 0
AddFile(Keys): cumulative 0, interval 0
Cumulative compaction: 0.19 GB write, 68.97 MB/s write, 0.00 GB read, 0.00 MB/s read, 1.1 seconds
Interval compaction: 0.00 GB write, 0.00 MB/s write, 0.00 GB read, 0.00 MB/s read, 0.0 seconds
Stalls(count): 0 level0_slowdown, 0 level0_slowdown_with_compaction, 0 level0_numfiles, 0 level0_numfiles_with_compaction, 0 stop for pending_compaction_bytes, 0 slowdown for pending_compaction_bytes, 0 memtable_compaction, 0 memtable_slowdown, interval 0 total count

** File Read Latency Histogram By Level [usertable] **
2020/02/19-18:22:41.616127 7f90a45200 (Original Log Time 2020/02/19-18:22:41.585692) [_impl/db_impl_compaction_flush.cc:2660] [usertable] Moving #1345 to level-1 77734752 bytes
2020/02/19-18:22:41.616148 7f90a45200 (Original Log Time 2020/02/19-18:22:41.615647) EVENT_LOG_v1 {"time_micros": 1582136561615612, "job": 3, "event": "trivial_move", "destination_level": 1, "files": 1, "total_files_size": 77734752}
2020/02/19-18:22:41.616159 7f90a45200 (Original Log Time 2020/02/19-18:22:41.615689) [_impl/db_impl_compaction_flush.cc:2689] [usertable] Moved #1 files to level-1 77734752 bytes OK: files[2 3 82 581 0 0 0] max score 1.10
2020/02/19-18:22:41.617198 7f90a45200 [mpaction/compaction_job.cc:1646] [usertable] [JOB 4] Compacting 1@1 files to L2, score 1.10
2020/02/19-18:22:41.617288 7f90a45200 [mpaction/compaction_job.cc:1650] [usertable] Compaction start summary: Base version 6 Base level 1, inputs: [1330(244MB)]
2020/02/19-18:22:41.617410 7f90a45200 EVENT_LOG_v1 {"time_micros": 1582136561617337, "job": 4, "event": "compaction_started", "compaction_reason": "LevelMaxLevelSize", "files_L1": [1330], "score": 1.10122, "input_data_size": 256736178}
