2020/01/21-15:50:15.001446 7ff695aef700 RocksDB version: 6.1.2
2020/01/21-15:50:15.001538 7ff695aef700 Git sha rocksdb_build_git_sha:4f1920556570c04d306d3ff0aa9a33db259bb8f0
2020/01/21-15:50:15.001542 7ff695aef700 Compile date Jan  7 2020
2020/01/21-15:50:15.001554 7ff695aef700 DB SUMMARY
2020/01/21-15:50:15.002693 7ff695aef700 CURRENT file:  CURRENT
2020/01/21-15:50:15.002699 7ff695aef700 IDENTITY file:  IDENTITY
2020/01/21-15:50:15.002727 7ff695aef700 MANIFEST file:  MANIFEST-000004 size: 115513 Bytes
2020/01/21-15:50:15.002733 7ff695aef700 SST files in /mnt/sdd/mbwu-rocksdb-data dir, Total Num: 607, files: 000011.sst 000014.sst 000017.sst 000027.sst 000028.sst 000029.sst 000030.sst 000031.sst 000032.sst 
2020/01/21-15:50:15.002737 7ff695aef700 Write Ahead Log file in /mnt/sdd/mbwu-rocksdb-data: 001198.log size: 127228223 ; 001212.log size: 76364715 ; 
2020/01/21-15:50:15.002747 7ff695aef700                         Options.error_if_exists: 0
2020/01/21-15:50:15.002751 7ff695aef700                       Options.create_if_missing: 1
2020/01/21-15:50:15.002753 7ff695aef700                         Options.paranoid_checks: 1
2020/01/21-15:50:15.002755 7ff695aef700                                     Options.env: 0x7ff6957d5ba0
2020/01/21-15:50:15.002758 7ff695aef700                                Options.info_log: 0x7ff5a80b07c0
2020/01/21-15:50:15.002760 7ff695aef700                Options.max_file_opening_threads: 16
2020/01/21-15:50:15.002762 7ff695aef700                              Options.statistics: (nil)
2020/01/21-15:50:15.002765 7ff695aef700                               Options.use_fsync: 0
2020/01/21-15:50:15.002767 7ff695aef700                       Options.max_log_file_size: 0
2020/01/21-15:50:15.002769 7ff695aef700                  Options.max_manifest_file_size: 1073741824
2020/01/21-15:50:15.002772 7ff695aef700                   Options.log_file_time_to_roll: 0
2020/01/21-15:50:15.002774 7ff695aef700                       Options.keep_log_file_num: 1000
2020/01/21-15:50:15.002776 7ff695aef700                    Options.recycle_log_file_num: 0
2020/01/21-15:50:15.002778 7ff695aef700                         Options.allow_fallocate: 1
2020/01/21-15:50:15.002780 7ff695aef700                        Options.allow_mmap_reads: 0
2020/01/21-15:50:15.002782 7ff695aef700                       Options.allow_mmap_writes: 0
2020/01/21-15:50:15.002784 7ff695aef700                        Options.use_direct_reads: 0
2020/01/21-15:50:15.002786 7ff695aef700                        Options.use_direct_io_for_flush_and_compaction: 0
2020/01/21-15:50:15.002788 7ff695aef700          Options.create_missing_column_families: 1
2020/01/21-15:50:15.002790 7ff695aef700                              Options.db_log_dir: 
2020/01/21-15:50:15.002793 7ff695aef700                                 Options.wal_dir: /mnt/sdd/mbwu-rocksdb-data
2020/01/21-15:50:15.002795 7ff695aef700                Options.table_cache_numshardbits: 6
2020/01/21-15:50:15.002797 7ff695aef700                      Options.max_subcompactions: 1
2020/01/21-15:50:15.002799 7ff695aef700                  Options.max_background_flushes: 24
2020/01/21-15:50:15.002801 7ff695aef700                         Options.WAL_ttl_seconds: 0
2020/01/21-15:50:15.002803 7ff695aef700                       Options.WAL_size_limit_MB: 0
2020/01/21-15:50:15.002805 7ff695aef700             Options.manifest_preallocation_size: 4194304
2020/01/21-15:50:15.002807 7ff695aef700                     Options.is_fd_close_on_exec: 1
2020/01/21-15:50:15.002809 7ff695aef700                   Options.advise_random_on_open: 1
2020/01/21-15:50:15.002811 7ff695aef700                    Options.db_write_buffer_size: 0
2020/01/21-15:50:15.002813 7ff695aef700                    Options.write_buffer_manager: 0x7ff5a80a1d20
2020/01/21-15:50:15.002816 7ff695aef700         Options.access_hint_on_compaction_start: 1
2020/01/21-15:50:15.002818 7ff695aef700  Options.new_table_reader_for_compaction_inputs: 0
2020/01/21-15:50:15.002820 7ff695aef700           Options.random_access_max_buffer_size: 1048576
2020/01/21-15:50:15.002822 7ff695aef700                      Options.use_adaptive_mutex: 0
2020/01/21-15:50:15.002854 7ff695aef700                            Options.rate_limiter: (nil)
2020/01/21-15:50:15.002862 7ff695aef700     Options.sst_file_manager.rate_bytes_per_sec: 0
2020/01/21-15:50:15.002864 7ff695aef700                       Options.wal_recovery_mode: 2
2020/01/21-15:50:15.002866 7ff695aef700                  Options.enable_thread_tracking: 0
2020/01/21-15:50:15.002869 7ff695aef700                  Options.enable_pipelined_write: 0
2020/01/21-15:50:15.002871 7ff695aef700         Options.allow_concurrent_memtable_write: 1
2020/01/21-15:50:15.002873 7ff695aef700      Options.enable_write_thread_adaptive_yield: 1
2020/01/21-15:50:15.002875 7ff695aef700             Options.write_thread_max_yield_usec: 100
2020/01/21-15:50:15.002877 7ff695aef700            Options.write_thread_slow_yield_usec: 3
2020/01/21-15:50:15.002879 7ff695aef700                               Options.row_cache: None
2020/01/21-15:50:15.002881 7ff695aef700                              Options.wal_filter: None
2020/01/21-15:50:15.002884 7ff695aef700             Options.avoid_flush_during_recovery: 0
2020/01/21-15:50:15.002886 7ff695aef700             Options.allow_ingest_behind: 0
2020/01/21-15:50:15.002888 7ff695aef700             Options.preserve_deletes: 0
2020/01/21-15:50:15.002890 7ff695aef700             Options.two_write_queues: 0
2020/01/21-15:50:15.002892 7ff695aef700             Options.manual_wal_flush: 0
2020/01/21-15:50:15.002894 7ff695aef700             Options.atomic_flush: 0
2020/01/21-15:50:15.002896 7ff695aef700             Options.avoid_unnecessary_blocking_io: 0
2020/01/21-15:50:15.002902 7ff695aef700             Options.max_background_jobs: 24
2020/01/21-15:50:15.002904 7ff695aef700             Options.max_background_compactions: 24
2020/01/21-15:50:15.002906 7ff695aef700             Options.avoid_flush_during_shutdown: 0
2020/01/21-15:50:15.002908 7ff695aef700           Options.writable_file_max_buffer_size: 1048576
2020/01/21-15:50:15.002910 7ff695aef700             Options.delayed_write_rate : 16777216
2020/01/21-15:50:15.002913 7ff695aef700             Options.max_total_wal_size: 0
2020/01/21-15:50:15.002915 7ff695aef700             Options.delete_obsolete_files_period_micros: 21600000000
2020/01/21-15:50:15.002917 7ff695aef700                   Options.stats_dump_period_sec: 600
2020/01/21-15:50:15.002919 7ff695aef700                 Options.stats_persist_period_sec: 600
2020/01/21-15:50:15.002922 7ff695aef700                 Options.stats_history_buffer_size: 1048576
2020/01/21-15:50:15.002924 7ff695aef700                          Options.max_open_files: -1
2020/01/21-15:50:15.002926 7ff695aef700                          Options.bytes_per_sync: 1048576
2020/01/21-15:50:15.002929 7ff695aef700                      Options.wal_bytes_per_sync: 0
2020/01/21-15:50:15.002931 7ff695aef700       Options.compaction_readahead_size: 0
2020/01/21-15:50:15.002933 7ff695aef700 Compression algorithms supported:
2020/01/21-15:50:15.002936 7ff695aef700 	kZSTDNotFinalCompression supported: 1
2020/01/21-15:50:15.002954 7ff695aef700 	kZSTD supported: 1
2020/01/21-15:50:15.002957 7ff695aef700 	kXpressCompression supported: 0
2020/01/21-15:50:15.002960 7ff695aef700 	kLZ4HCCompression supported: 1
2020/01/21-15:50:15.002962 7ff695aef700 	kLZ4Compression supported: 1
2020/01/21-15:50:15.002964 7ff695aef700 	kBZip2Compression supported: 1
2020/01/21-15:50:15.002967 7ff695aef700 	kZlibCompression supported: 1
2020/01/21-15:50:15.002969 7ff695aef700 	kSnappyCompression supported: 1
2020/01/21-15:50:15.002978 7ff695aef700 Fast CRC32 supported: Supported on x86
2020/01/21-15:50:15.003820 7ff695aef700 [/version_set.cc:3742] Recovering from manifest file: /mnt/sdd/mbwu-rocksdb-data/MANIFEST-000004
2020/01/21-15:50:15.004117 7ff695aef700 [/column_family.cc:698] --------------- Options for column family [default]:
2020/01/21-15:50:15.004126 7ff695aef700               Options.comparator: leveldb.BytewiseComparator
2020/01/21-15:50:15.004129 7ff695aef700           Options.merge_operator: None
2020/01/21-15:50:15.004131 7ff695aef700        Options.compaction_filter: None
2020/01/21-15:50:15.004161 7ff695aef700        Options.compaction_filter_factory: None
2020/01/21-15:50:15.004165 7ff695aef700         Options.memtable_factory: SkipListFactory
2020/01/21-15:50:15.004168 7ff695aef700            Options.table_factory: BlockBasedTable
2020/01/21-15:50:15.004215 7ff695aef700            table_factory options:   flush_block_policy_factory: FlushBlockBySizePolicyFactory (0x7ff5a80a1f00)
  cache_index_and_filter_blocks: 0
  cache_index_and_filter_blocks_with_high_priority: 0
  pin_l0_filter_and_index_blocks_in_cache: 0
  pin_top_level_index_and_filter: 1
  index_type: 0
  data_block_index_type: 0
  data_block_hash_table_util_ratio: 0.750000
  hash_index_allow_collision: 1
  checksum: 1
  no_block_cache: 0
  block_cache: 0x7ff5a80a2db0
  block_cache_name: LRUCache
  block_cache_options:
    capacity : 8388608
    num_shard_bits : 4
    strict_capacity_limit : 0
    memory_allocator : None
    high_pri_pool_ratio: 0.000
  block_cache_compressed: (nil)
  persistent_cache: (nil)
  block_size: 8192
  block_size_deviation: 10
  block_restart_interval: 16
  index_block_restart_interval: 1
  metadata_block_size: 4096
  partition_filters: 0
  use_delta_encoding: 1
  filter_policy: nullptr
  whole_key_filtering: 1
  verify_compression: 0
  read_amp_bytes_per_bit: 0
  format_version: 2
  enable_index_compression: 1
  block_align: 0
2020/01/21-15:50:15.004220 7ff695aef700        Options.write_buffer_size: 134217728
2020/01/21-15:50:15.004222 7ff695aef700  Options.max_write_buffer_number: 8
2020/01/21-15:50:15.004226 7ff695aef700        Options.compression[0]: NoCompression
2020/01/21-15:50:15.004228 7ff695aef700        Options.compression[1]: NoCompression
2020/01/21-15:50:15.004231 7ff695aef700        Options.compression[2]: Snappy
2020/01/21-15:50:15.004233 7ff695aef700        Options.compression[3]: Snappy
2020/01/21-15:50:15.004235 7ff695aef700        Options.compression[4]: Snappy
2020/01/21-15:50:15.004237 7ff695aef700        Options.compression[5]: Snappy
2020/01/21-15:50:15.004240 7ff695aef700        Options.compression[6]: Snappy
2020/01/21-15:50:15.004242 7ff695aef700                  Options.bottommost_compression: Disabled
2020/01/21-15:50:15.004244 7ff695aef700       Options.prefix_extractor: nullptr
2020/01/21-15:50:15.004246 7ff695aef700   Options.memtable_insert_with_hint_prefix_extractor: nullptr
2020/01/21-15:50:15.004249 7ff695aef700             Options.num_levels: 6
2020/01/21-15:50:15.004251 7ff695aef700        Options.min_write_buffer_number_to_merge: 2
2020/01/21-15:50:15.004253 7ff695aef700     Options.max_write_buffer_number_to_maintain: 0
2020/01/21-15:50:15.004255 7ff695aef700            Options.bottommost_compression_opts.window_bits: -14
2020/01/21-15:50:15.004258 7ff695aef700                  Options.bottommost_compression_opts.level: 32767
2020/01/21-15:50:15.004260 7ff695aef700               Options.bottommost_compression_opts.strategy: 0
2020/01/21-15:50:15.004262 7ff695aef700         Options.bottommost_compression_opts.max_dict_bytes: 0
2020/01/21-15:50:15.004264 7ff695aef700         Options.bottommost_compression_opts.zstd_max_train_bytes: 0
2020/01/21-15:50:15.004266 7ff695aef700                  Options.bottommost_compression_opts.enabled: false
2020/01/21-15:50:15.004269 7ff695aef700            Options.compression_opts.window_bits: -14
2020/01/21-15:50:15.004271 7ff695aef700                  Options.compression_opts.level: 32767
2020/01/21-15:50:15.004273 7ff695aef700               Options.compression_opts.strategy: 0
2020/01/21-15:50:15.004275 7ff695aef700         Options.compression_opts.max_dict_bytes: 0
2020/01/21-15:50:15.004277 7ff695aef700         Options.compression_opts.zstd_max_train_bytes: 0
2020/01/21-15:50:15.004279 7ff695aef700                  Options.compression_opts.enabled: false
2020/01/21-15:50:15.004281 7ff695aef700      Options.level0_file_num_compaction_trigger: 4
2020/01/21-15:50:15.004284 7ff695aef700          Options.level0_slowdown_writes_trigger: 20
2020/01/21-15:50:15.004286 7ff695aef700              Options.level0_stop_writes_trigger: 36
2020/01/21-15:50:15.004304 7ff695aef700                   Options.target_file_size_base: 67108864
2020/01/21-15:50:15.004308 7ff695aef700             Options.target_file_size_multiplier: 1
2020/01/21-15:50:15.004310 7ff695aef700                Options.max_bytes_for_level_base: 536870912
2020/01/21-15:50:15.004312 7ff695aef700 Options.level_compaction_dynamic_level_bytes: 1
2020/01/21-15:50:15.004314 7ff695aef700          Options.max_bytes_for_level_multiplier: 8.000000
2020/01/21-15:50:15.004318 7ff695aef700 Options.max_bytes_for_level_multiplier_addtl[0]: 1
2020/01/21-15:50:15.004321 7ff695aef700 Options.max_bytes_for_level_multiplier_addtl[1]: 1
2020/01/21-15:50:15.004323 7ff695aef700 Options.max_bytes_for_level_multiplier_addtl[2]: 1
2020/01/21-15:50:15.004325 7ff695aef700 Options.max_bytes_for_level_multiplier_addtl[3]: 1
2020/01/21-15:50:15.004328 7ff695aef700 Options.max_bytes_for_level_multiplier_addtl[4]: 1
2020/01/21-15:50:15.004330 7ff695aef700 Options.max_bytes_for_level_multiplier_addtl[5]: 1
2020/01/21-15:50:15.004332 7ff695aef700 Options.max_bytes_for_level_multiplier_addtl[6]: 1
2020/01/21-15:50:15.004334 7ff695aef700       Options.max_sequential_skip_in_iterations: 8
2020/01/21-15:50:15.004336 7ff695aef700                    Options.max_compaction_bytes: 1677721600
2020/01/21-15:50:15.004338 7ff695aef700                        Options.arena_block_size: 16777216
2020/01/21-15:50:15.004341 7ff695aef700   Options.soft_pending_compaction_bytes_limit: 68719476736
2020/01/21-15:50:15.004343 7ff695aef700   Options.hard_pending_compaction_bytes_limit: 274877906944
2020/01/21-15:50:15.004345 7ff695aef700       Options.rate_limit_delay_max_milliseconds: 100
2020/01/21-15:50:15.004347 7ff695aef700                Options.disable_auto_compactions: 0
2020/01/21-15:50:15.004349 7ff695aef700                      Options.allow_trivial_move: 0
2020/01/21-15:50:15.004351 7ff695aef700                      Options.vlog_direct_IO: 0
2020/01/21-15:50:15.004354 7ff695aef700               Options.compaction_score_limit_L0: 1000.000000
2020/01/21-15:50:15.004358 7ff695aef700                     Options.min_indirect_val_size[0]: 24
2020/01/21-15:50:15.004361 7ff695aef700       Options.fraction_remapped_during_compaction[0]: 20
2020/01/21-15:50:15.004364 7ff695aef700 Options.fraction_remapped_during_active_recycling[0]: 15
2020/01/21-15:50:15.004366 7ff695aef700    Options.fragmentation_active_recycling_trigger[0]: 25
2020/01/21-15:50:15.004368 7ff695aef700     Options.fragmentation_active_recycling_klaxon[0]: 50
2020/01/21-15:50:15.004370 7ff695aef700                Options.active_recycling_sst_minct[0]: 5
2020/01/21-15:50:15.004373 7ff695aef700                Options.active_recycling_sst_maxct[0]: 15
2020/01/21-15:50:15.004375 7ff695aef700       Options.active_recycling_vlogfile_freed_min[0]: 7
2020/01/21-15:50:15.004377 7ff695aef700    Options.active_recycling_size_trigger[0]: 1073741824
2020/01/21-15:50:15.004380 7ff695aef700                         Options.vlogfile_max_size[0]: 16777216
2020/01/21-15:50:15.004382 7ff695aef700          Options.compaction_picker_age_importance[0]: 100
2020/01/21-15:50:15.004385 7ff695aef700                    Options.ring_compression_style[0]: Zlib
2020/01/21-15:50:15.004389 7ff695aef700                        Options.compaction_style: kCompactionStyleLevel
2020/01/21-15:50:15.004393 7ff695aef700                          Options.compaction_pri: kMinOverlappingRatio
2020/01/21-15:50:15.004395 7ff695aef700 Options.compaction_options_universal.size_ratio: 1
2020/01/21-15:50:15.004397 7ff695aef700 Options.compaction_options_universal.min_merge_width: 2
2020/01/21-15:50:15.004399 7ff695aef700 Options.compaction_options_universal.max_merge_width: 4294967295
2020/01/21-15:50:15.004402 7ff695aef700 Options.compaction_options_universal.max_size_amplification_percent: 200
2020/01/21-15:50:15.004404 7ff695aef700 Options.compaction_options_universal.compression_size_percent: -1
2020/01/21-15:50:15.004408 7ff695aef700 Options.compaction_options_universal.stop_style: kCompactionStopStyleTotalSize
2020/01/21-15:50:15.004424 7ff695aef700 Options.compaction_options_fifo.max_table_files_size: 1073741824
2020/01/21-15:50:15.004428 7ff695aef700 Options.compaction_options_fifo.allow_compaction: 0
2020/01/21-15:50:15.004430 7ff695aef700                   Options.table_properties_collectors: 
2020/01/21-15:50:15.004432 7ff695aef700                   Options.inplace_update_support: 0
2020/01/21-15:50:15.004434 7ff695aef700                 Options.inplace_update_num_locks: 10000
2020/01/21-15:50:15.004436 7ff695aef700               Options.memtable_prefix_bloom_size_ratio: 0.000000
2020/01/21-15:50:15.004440 7ff695aef700               Options.memtable_whole_key_filtering: 0
2020/01/21-15:50:15.004443 7ff695aef700   Options.memtable_huge_page_size: 0
2020/01/21-15:50:15.004445 7ff695aef700                           Options.bloom_locality: 0
2020/01/21-15:50:15.004447 7ff695aef700                    Options.max_successive_merges: 0
2020/01/21-15:50:15.004449 7ff695aef700                Options.optimize_filters_for_hits: 0
2020/01/21-15:50:15.004451 7ff695aef700                Options.paranoid_file_checks: 0
2020/01/21-15:50:15.004454 7ff695aef700                Options.force_consistency_checks: 0
2020/01/21-15:50:15.004456 7ff695aef700                Options.report_bg_io_stats: 0
2020/01/21-15:50:15.004458 7ff695aef700                               Options.ttl: 0
2020/01/21-15:50:15.005091 7ff695aef700 [/column_family.cc:698] --------------- Options for column family [usertable]:
2020/01/21-15:50:15.005100 7ff695aef700               Options.comparator: leveldb.BytewiseComparator
2020/01/21-15:50:15.005103 7ff695aef700           Options.merge_operator: None
2020/01/21-15:50:15.005105 7ff695aef700        Options.compaction_filter: None
2020/01/21-15:50:15.005107 7ff695aef700        Options.compaction_filter_factory: None
2020/01/21-15:50:15.005109 7ff695aef700         Options.memtable_factory: SkipListFactory
2020/01/21-15:50:15.005112 7ff695aef700            Options.table_factory: BlockBasedTable
2020/01/21-15:50:15.005151 7ff695aef700            table_factory options:   flush_block_policy_factory: FlushBlockBySizePolicyFactory (0x7ff5a80b2110)
  cache_index_and_filter_blocks: 0
  cache_index_and_filter_blocks_with_high_priority: 0
  pin_l0_filter_and_index_blocks_in_cache: 0
  pin_top_level_index_and_filter: 1
  index_type: 0
  data_block_index_type: 0
  data_block_hash_table_util_ratio: 0.750000
  hash_index_allow_collision: 1
  checksum: 1
  no_block_cache: 0
  block_cache: 0x7ff5a80ad540
  block_cache_name: LRUCache
  block_cache_options:
    capacity : 8388608
    num_shard_bits : 4
    strict_capacity_limit : 0
    memory_allocator : None
    high_pri_pool_ratio: 0.000
  block_cache_compressed: (nil)
  persistent_cache: (nil)
  block_size: 8192
  block_size_deviation: 10
  block_restart_interval: 16
  index_block_restart_interval: 1
  metadata_block_size: 4096
  partition_filters: 0
  use_delta_encoding: 1
  filter_policy: nullptr
  whole_key_filtering: 1
  verify_compression: 0
  read_amp_bytes_per_bit: 0
  format_version: 2
  enable_index_compression: 1
  block_align: 0
2020/01/21-15:50:15.005157 7ff695aef700        Options.write_buffer_size: 134217728
2020/01/21-15:50:15.005159 7ff695aef700  Options.max_write_buffer_number: 8
2020/01/21-15:50:15.005161 7ff695aef700        Options.compression[0]: NoCompression
2020/01/21-15:50:15.005164 7ff695aef700        Options.compression[1]: NoCompression
2020/01/21-15:50:15.005166 7ff695aef700        Options.compression[2]: Snappy
2020/01/21-15:50:15.005169 7ff695aef700        Options.compression[3]: Snappy
2020/01/21-15:50:15.005171 7ff695aef700        Options.compression[4]: Snappy
2020/01/21-15:50:15.005173 7ff695aef700        Options.compression[5]: Snappy
2020/01/21-15:50:15.005175 7ff695aef700        Options.compression[6]: Snappy
2020/01/21-15:50:15.005177 7ff695aef700                  Options.bottommost_compression: Disabled
2020/01/21-15:50:15.005180 7ff695aef700       Options.prefix_extractor: nullptr
2020/01/21-15:50:15.005182 7ff695aef700   Options.memtable_insert_with_hint_prefix_extractor: nullptr
2020/01/21-15:50:15.005212 7ff695aef700             Options.num_levels: 6
2020/01/21-15:50:15.005216 7ff695aef700        Options.min_write_buffer_number_to_merge: 2
2020/01/21-15:50:15.005218 7ff695aef700     Options.max_write_buffer_number_to_maintain: 0
2020/01/21-15:50:15.005220 7ff695aef700            Options.bottommost_compression_opts.window_bits: -14
2020/01/21-15:50:15.005222 7ff695aef700                  Options.bottommost_compression_opts.level: 32767
2020/01/21-15:50:15.005225 7ff695aef700               Options.bottommost_compression_opts.strategy: 0
2020/01/21-15:50:15.005227 7ff695aef700         Options.bottommost_compression_opts.max_dict_bytes: 0
2020/01/21-15:50:15.005229 7ff695aef700         Options.bottommost_compression_opts.zstd_max_train_bytes: 0
2020/01/21-15:50:15.005231 7ff695aef700                  Options.bottommost_compression_opts.enabled: false
2020/01/21-15:50:15.005233 7ff695aef700            Options.compression_opts.window_bits: -14
2020/01/21-15:50:15.005236 7ff695aef700                  Options.compression_opts.level: 32767
2020/01/21-15:50:15.005238 7ff695aef700               Options.compression_opts.strategy: 0
2020/01/21-15:50:15.005240 7ff695aef700         Options.compression_opts.max_dict_bytes: 0
2020/01/21-15:50:15.005242 7ff695aef700         Options.compression_opts.zstd_max_train_bytes: 0
2020/01/21-15:50:15.005244 7ff695aef700                  Options.compression_opts.enabled: false
2020/01/21-15:50:15.005246 7ff695aef700      Options.level0_file_num_compaction_trigger: 4
2020/01/21-15:50:15.005248 7ff695aef700          Options.level0_slowdown_writes_trigger: 20
2020/01/21-15:50:15.005250 7ff695aef700              Options.level0_stop_writes_trigger: 36
2020/01/21-15:50:15.005252 7ff695aef700                   Options.target_file_size_base: 67108864
2020/01/21-15:50:15.005254 7ff695aef700             Options.target_file_size_multiplier: 1
2020/01/21-15:50:15.005256 7ff695aef700                Options.max_bytes_for_level_base: 536870912
2020/01/21-15:50:15.005258 7ff695aef700 Options.level_compaction_dynamic_level_bytes: 1
2020/01/21-15:50:15.005261 7ff695aef700          Options.max_bytes_for_level_multiplier: 8.000000
2020/01/21-15:50:15.005265 7ff695aef700 Options.max_bytes_for_level_multiplier_addtl[0]: 1
2020/01/21-15:50:15.005267 7ff695aef700 Options.max_bytes_for_level_multiplier_addtl[1]: 1
2020/01/21-15:50:15.005269 7ff695aef700 Options.max_bytes_for_level_multiplier_addtl[2]: 1
2020/01/21-15:50:15.005271 7ff695aef700 Options.max_bytes_for_level_multiplier_addtl[3]: 1
2020/01/21-15:50:15.005274 7ff695aef700 Options.max_bytes_for_level_multiplier_addtl[4]: 1
2020/01/21-15:50:15.005276 7ff695aef700 Options.max_bytes_for_level_multiplier_addtl[5]: 1
2020/01/21-15:50:15.005278 7ff695aef700 Options.max_bytes_for_level_multiplier_addtl[6]: 1
2020/01/21-15:50:15.005280 7ff695aef700       Options.max_sequential_skip_in_iterations: 8
2020/01/21-15:50:15.005282 7ff695aef700                    Options.max_compaction_bytes: 1677721600
2020/01/21-15:50:15.005284 7ff695aef700                        Options.arena_block_size: 16777216
2020/01/21-15:50:15.005286 7ff695aef700   Options.soft_pending_compaction_bytes_limit: 68719476736
2020/01/21-15:50:15.005289 7ff695aef700   Options.hard_pending_compaction_bytes_limit: 274877906944
2020/01/21-15:50:15.005291 7ff695aef700       Options.rate_limit_delay_max_milliseconds: 100
2020/01/21-15:50:15.005293 7ff695aef700                Options.disable_auto_compactions: 0
2020/01/21-15:50:15.005295 7ff695aef700                      Options.allow_trivial_move: 0
2020/01/21-15:50:15.005297 7ff695aef700                      Options.vlog_direct_IO: 0
2020/01/21-15:50:15.005299 7ff695aef700               Options.compaction_score_limit_L0: 1000.000000
2020/01/21-15:50:15.005303 7ff695aef700                     Options.min_indirect_val_size[0]: 24
2020/01/21-15:50:15.005305 7ff695aef700       Options.fraction_remapped_during_compaction[0]: 20
2020/01/21-15:50:15.005307 7ff695aef700 Options.fraction_remapped_during_active_recycling[0]: 15
2020/01/21-15:50:15.005324 7ff695aef700    Options.fragmentation_active_recycling_trigger[0]: 25
2020/01/21-15:50:15.005327 7ff695aef700     Options.fragmentation_active_recycling_klaxon[0]: 50
2020/01/21-15:50:15.005330 7ff695aef700                Options.active_recycling_sst_minct[0]: 5
2020/01/21-15:50:15.005332 7ff695aef700                Options.active_recycling_sst_maxct[0]: 15
2020/01/21-15:50:15.005334 7ff695aef700       Options.active_recycling_vlogfile_freed_min[0]: 7
2020/01/21-15:50:15.005336 7ff695aef700    Options.active_recycling_size_trigger[0]: 1073741824
2020/01/21-15:50:15.005339 7ff695aef700                         Options.vlogfile_max_size[0]: 16777216
2020/01/21-15:50:15.005341 7ff695aef700          Options.compaction_picker_age_importance[0]: 100
2020/01/21-15:50:15.005344 7ff695aef700                    Options.ring_compression_style[0]: Zlib
2020/01/21-15:50:15.005347 7ff695aef700                        Options.compaction_style: kCompactionStyleLevel
2020/01/21-15:50:15.005350 7ff695aef700                          Options.compaction_pri: kMinOverlappingRatio
2020/01/21-15:50:15.005352 7ff695aef700 Options.compaction_options_universal.size_ratio: 1
2020/01/21-15:50:15.005355 7ff695aef700 Options.compaction_options_universal.min_merge_width: 2
2020/01/21-15:50:15.005357 7ff695aef700 Options.compaction_options_universal.max_merge_width: 4294967295
2020/01/21-15:50:15.005359 7ff695aef700 Options.compaction_options_universal.max_size_amplification_percent: 200
2020/01/21-15:50:15.005386 7ff695aef700 Options.compaction_options_universal.compression_size_percent: -1
2020/01/21-15:50:15.005390 7ff695aef700 Options.compaction_options_universal.stop_style: kCompactionStopStyleTotalSize
2020/01/21-15:50:15.005392 7ff695aef700 Options.compaction_options_fifo.max_table_files_size: 1073741824
2020/01/21-15:50:15.005394 7ff695aef700 Options.compaction_options_fifo.allow_compaction: 0
2020/01/21-15:50:15.005396 7ff695aef700                   Options.table_properties_collectors: 
2020/01/21-15:50:15.005398 7ff695aef700                   Options.inplace_update_support: 0
2020/01/21-15:50:15.005401 7ff695aef700                 Options.inplace_update_num_locks: 10000
2020/01/21-15:50:15.005403 7ff695aef700               Options.memtable_prefix_bloom_size_ratio: 0.000000
2020/01/21-15:50:15.005406 7ff695aef700               Options.memtable_whole_key_filtering: 0
2020/01/21-15:50:15.005409 7ff695aef700   Options.memtable_huge_page_size: 0
2020/01/21-15:50:15.005411 7ff695aef700                           Options.bloom_locality: 0
2020/01/21-15:50:15.005413 7ff695aef700                    Options.max_successive_merges: 0
2020/01/21-15:50:15.005415 7ff695aef700                Options.optimize_filters_for_hits: 0
2020/01/21-15:50:15.005417 7ff695aef700                Options.paranoid_file_checks: 0
2020/01/21-15:50:15.005419 7ff695aef700                Options.force_consistency_checks: 0
2020/01/21-15:50:15.005434 7ff695aef700                Options.report_bg_io_stats: 0
2020/01/21-15:50:15.005436 7ff695aef700                               Options.ttl: 0
2020/01/21-15:50:15.425202 7ff695aef700 [/version_set.cc:3959] Recovered from manifest file:/mnt/sdd/mbwu-rocksdb-data/MANIFEST-000004 succeeded,manifest_file_number is 4, next_file_number is 1213, last_sequence is 10422471, log_number is 1198,prev_log_number is 0,max_column_family is 1,min_log_number_to_keep is 0
2020/01/21-15:50:15.425220 7ff695aef700 [/version_set.cc:3968] Column family [default] (ID 0), log number is 0
2020/01/21-15:50:15.425224 7ff695aef700 [/version_set.cc:3968] Column family [usertable] (ID 1), log number is 1198
2020/01/21-15:50:15.429770 7ff695aef700 EVENT_LOG_v1 {"time_micros": 1579650615429742, "job": 1, "event": "recovery_started", "log_files": [1198, 1212]}
2020/01/21-15:50:15.429787 7ff695aef700 [/db_impl_open.cc:583] Recovering log #1198 mode 2
2020/01/21-15:50:15.805097 7ff695aef700 [/db_impl_open.cc:583] Recovering log #1212 mode 2
2020/01/21-15:50:16.324711 7ff695aef700 EVENT_LOG_v1 {"time_micros": 1579650616324681, "cf_name": "usertable", "job": 1, "event": "table_file_creation", "file_number": 1213, "file_size": 129895177, "table_properties": {"data_size": 129317909, "index_size": 576522, "filter_size": 0, "raw_key_size": 752760, "raw_average_key_size": 24, "raw_value_size": 128471040, "raw_average_value_size": 4096, "num_data_blocks": 15683, "num_entries": 31365, "filter_policy_name": ""}}
2020/01/21-15:50:16.557904 7ff695aef700 [/version_set.cc:3196] Creating manifest 1214
2020/01/21-15:50:16.907938 7ff695aef700 EVENT_LOG_v1 {"time_micros": 1579650616907909, "cf_name": "usertable", "job": 1, "event": "table_file_creation", "file_number": 1215, "file_size": 73969656, "table_properties": {"data_size": 73638764, "index_size": 330146, "filter_size": 0, "raw_key_size": 428640, "raw_average_key_size": 24, "raw_value_size": 73154560, "raw_average_value_size": 4096, "num_data_blocks": 8930, "num_entries": 17860, "filter_policy_name": ""}}
2020/01/21-15:50:16.938309 7ff695aef700 EVENT_LOG_v1 {"time_micros": 1579650616938303, "job": 1, "event": "recovery_finished"}
2020/01/21-15:50:17.031645 7ff695aef700 DB pointer 0x7ff5a80a0b80
2020/01/21-15:50:17.032840 7ff4ca7fc700 [/db_impl.cc:777] ------- DUMPING STATS -------
2020/01/21-15:50:17.033025 7ff4ca7fc700 [/db_impl.cc:778] 
** DB Stats **
Uptime(secs): 2.0 total, 2.0 interval
Cumulative writes: 0 writes, 0 keys, 0 commit groups, 0.0 writes per commit group, ingest: 0.00 GB, 0.00 MB/s
Cumulative WAL: 0 writes, 0 syncs, 0.00 writes per sync, written: 0.00 GB, 0.00 MB/s
Cumulative stall: 00:00:0.000 H:M:S, 0.0 percent
Interval writes: 0 writes, 0 keys, 0 commit groups, 0.0 writes per commit group, ingest: 0.00 MB, 0.00 MB/s
Interval WAL: 0 writes, 0 syncs, 0.00 writes per sync, written: 0.00 MB, 0.00 MB/s
Interval stall: 00:00:0.000 H:M:S, 0.0 percent

** Compaction Stats [default] **
Level    Files   Size     Score Read(GB)  Rn(GB) Rnp1(GB) Write(GB) Wnew(GB) Moved(GB) W-Amp Rd(MB/s) Wr(MB/s) Comp(sec) CompMergeCPU(sec) Comp(cnt) Avg(sec) KeyIn KeyDropWVCmp(GB) WVRaw(GB) WVRemap(GB) WVFiles
-------------------------------------------------------------------------------------------------------------------------------------------------------------------------------------------------------------------
 Sum      0/0    0.00 KB   0.0      0.0     0.0      0.0       0.0      0.0       0.0   0.0      0.0      0.0      0.00              0.00         0    0.000       0      0      0.0      0.0        0.0       0
 Int      0/0    0.00 KB   0.0      0.0     0.0      0.0       0.0      0.0       0.0   0.0      0.0      0.0      0.00              0.00         0    0.000       0      0      0.0      0.0        0.0       0

** Compaction Stats [default] **
Priority    Files   Size     Score Read(GB)  Rn(GB) Rnp1(GB) Write(GB) Wnew(GB) Moved(GB) W-Amp Rd(MB/s) Wr(MB/s) Comp(sec) CompMergeCPU(sec) Comp(cnt) Avg(sec) KeyIn KeyDropWVCmp(GB) WVRaw(GB) WVRemap(GB) WVFiles
----------------------------------------------------------------------------------------------------------------------------------------------------------------------------------------------------------------------
Uptime(secs): 2.0 total, 2.0 interval
Flush(GB): cumulative 0.000, interval 0.000
AddFile(GB): cumulative 0.000, interval 0.000
AddFile(Total Files): cumulative 0, interval 0
AddFile(L0 Files): cumulative 0, interval 0
AddFile(Keys): cumulative 0, interval 0
Cumulative compaction: 0.00 GB write, 0.00 MB/s write, 0.00 GB read, 0.00 MB/s read, 0.0 seconds
Interval compaction: 0.00 GB write, 0.00 MB/s write, 0.00 GB read, 0.00 MB/s read, 0.0 seconds
Stalls(count): 0 level0_slowdown, 0 level0_slowdown_with_compaction, 0 level0_numfiles, 0 level0_numfiles_with_compaction, 0 stop for pending_compaction_bytes, 0 slowdown for pending_compaction_bytes, 0 memtable_compaction, 0 memtable_slowdown, interval 0 total count

** Compaction Ring Stats [default] **
Ring  Files   Size  Frag(%)
----------------------------
 Sum        0  0.00 KB  -nan 
VLog Read Latency over 0 reads with average length 0:   0.000 usec
VLog Decompress Latency over 0 reads with average length 0:   0.000 usec

** File Read Latency Histogram By Level [default] **

** Compaction Stats [usertable] **
Level    Files   Size     Score Read(GB)  Rn(GB) Rnp1(GB) Write(GB) Wnew(GB) Moved(GB) W-Amp Rd(MB/s) Wr(MB/s) Comp(sec) CompMergeCPU(sec) Comp(cnt) Avg(sec) KeyIn KeyDropWVCmp(GB) WVRaw(GB) WVRemap(GB) WVFiles
-------------------------------------------------------------------------------------------------------------------------------------------------------------------------------------------------------------------
  L0      2/0   194.42 MB   0.5      0.0     0.0      0.0       0.2      0.2       0.0   1.0      0.0    242.4      0.80              0.00         2    0.401       0      0      0.0      0.0        0.0       0
  L3      9/0   536.03 MB   1.0      0.0     0.0      0.0       0.0      0.0       0.0   0.0      0.0      0.0      0.00              0.00         0    0.000       0      0      0.0      0.0        0.0       0
  L4     44/0    4.24 GB   1.0      0.0     0.0      0.0       0.0      0.0       0.0   0.0      0.0      0.0      0.00              0.00         0    0.000       0      0      0.0      0.0        0.0       0
  L5    554/0   35.24 GB   0.0      0.0     0.0      0.0       0.0      0.0       0.0   0.0      0.0      0.0      0.00              0.00         0    0.000       0      0      0.0      0.0        0.0       0
 Sum    609/0   40.19 GB   0.0      0.0     0.0      0.0       0.2      0.2       0.0   1.0      0.0    242.4      0.80              0.00         2    0.401       0      0      0.0      0.0        0.0       0
 Int      0/0    0.00 KB   0.0      0.0     0.0      0.0       0.2      0.2       0.0   1.0      0.0    242.4      0.80              0.00         2    0.401       0      0      0.0      0.0        0.0       0

** Compaction Stats [usertable] **
Priority    Files   Size     Score Read(GB)  Rn(GB) Rnp1(GB) Write(GB) Wnew(GB) Moved(GB) W-Amp Rd(MB/s) Wr(MB/s) Comp(sec) CompMergeCPU(sec) Comp(cnt) Avg(sec) KeyIn KeyDropWVCmp(GB) WVRaw(GB) WVRemap(GB) WVFiles
----------------------------------------------------------------------------------------------------------------------------------------------------------------------------------------------------------------------
User      0/0    0.00 KB   0.0      0.0     0.0      0.0       0.2      0.2       0.0   0.0      0.0    242.4      0.80              0.00         2    0.401       0      0      0.0      0.0        0.0       0
Uptime(secs): 2.0 total, 2.0 interval
Flush(GB): cumulative 0.190, interval 0.190
AddFile(GB): cumulative 0.000, interval 0.000
AddFile(Total Files): cumulative 0, interval 0
AddFile(L0 Files): cumulative 0, interval 0
AddFile(Keys): cumulative 0, interval 0
Cumulative compaction: 0.19 GB write, 95.90 MB/s write, 0.00 GB read, 0.00 MB/s read, 0.8 seconds
Interval compaction: 0.19 GB write, 95.90 MB/s write, 0.00 GB read, 0.00 MB/s read, 0.8 seconds
Stalls(count): 0 level0_slowdown, 0 level0_slowdown_with_compaction, 0 level0_numfiles, 0 level0_numfiles_with_compaction, 0 stop for pending_compaction_bytes, 0 slowdown for pending_compaction_bytes, 0 memtable_compaction, 0 memtable_slowdown, interval 0 total count

** Compaction Ring Stats [usertable] **
Ring  Files   Size  Frag(%)
----------------------------
 Sum        0  0.00 KB  -nan 
VLog Read Latency over 0 reads with average length 0:   0.000 usec
VLog Decompress Latency over 0 reads with average length 0:   0.000 usec

** File Read Latency Histogram By Level [usertable] **

** Compaction Stats [default] **
Level    Files   Size     Score Read(GB)  Rn(GB) Rnp1(GB) Write(GB) Wnew(GB) Moved(GB) W-Amp Rd(MB/s) Wr(MB/s) Comp(sec) CompMergeCPU(sec) Comp(cnt) Avg(sec) KeyIn KeyDropWVCmp(GB) WVRaw(GB) WVRemap(GB) WVFiles
-------------------------------------------------------------------------------------------------------------------------------------------------------------------------------------------------------------------
 Sum      0/0    0.00 KB   0.0      0.0     0.0      0.0       0.0      0.0       0.0   0.0      0.0      0.0      0.00              0.00         0    0.000       0      0      0.0      0.0        0.0       0
 Int      0/0    0.00 KB   0.0      0.0     0.0      0.0       0.0      0.0       0.0   0.0      0.0      0.0      0.00              0.00         0    0.000       0      0      0.0      0.0        0.0       0

** Compaction Stats [default] **
Priority    Files   Size     Score Read(GB)  Rn(GB) Rnp1(GB) Write(GB) Wnew(GB) Moved(GB) W-Amp Rd(MB/s) Wr(MB/s) Comp(sec) CompMergeCPU(sec) Comp(cnt) Avg(sec) KeyIn KeyDropWVCmp(GB) WVRaw(GB) WVRemap(GB) WVFiles
----------------------------------------------------------------------------------------------------------------------------------------------------------------------------------------------------------------------
Uptime(secs): 2.0 total, 0.0 interval
Flush(GB): cumulative 0.000, interval 0.000
AddFile(GB): cumulative 0.000, interval 0.000
AddFile(Total Files): cumulative 0, interval 0
AddFile(L0 Files): cumulative 0, interval 0
AddFile(Keys): cumulative 0, interval 0
Cumulative compaction: 0.00 GB write, 0.00 MB/s write, 0.00 GB read, 0.00 MB/s read, 0.0 seconds
Interval compaction: 0.00 GB write, 0.00 MB/s write, 0.00 GB read, 0.00 MB/s read, 0.0 seconds
Stalls(count): 0 level0_slowdown, 0 level0_slowdown_with_compaction, 0 level0_numfiles, 0 level0_numfiles_with_compaction, 0 stop for pending_compaction_bytes, 0 slowdown for pending_compaction_bytes, 0 memtable_compaction, 0 memtable_slowdown, interval 0 total count

** Compaction Ring Stats [default] **
Ring  Files   Size  Frag(%)
----------------------------
 Sum        0  0.00 KB  -nan 
VLog Read Latency over 0 reads with average length 0:   0.000 usec
VLog Decompress Latency over 0 reads with average length 0:   0.000 usec

** File Read Latency Histogram By Level [default] **

** Compaction Stats [usertable] **
Level    Files   Size     Score Read(GB)  Rn(GB) Rnp1(GB) Write(GB) Wnew(GB) Moved(GB) W-Amp Rd(MB/s) Wr(MB/s) Comp(sec) CompMergeCPU(sec) Comp(cnt) Avg(sec) KeyIn KeyDropWVCmp(GB) WVRaw(GB) WVRemap(GB) WVFiles
-------------------------------------------------------------------------------------------------------------------------------------------------------------------------------------------------------------------
  L0      2/0   194.42 MB   0.5      0.0     0.0      0.0       0.2      0.2       0.0   1.0      0.0    242.4      0.80              0.00         2    0.401       0      0      0.0      0.0        0.0       0
  L3      9/0   536.03 MB   1.0      0.0     0.0      0.0       0.0      0.0       0.0   0.0      0.0      0.0      0.00              0.00         0    0.000       0      0      0.0      0.0        0.0       0
  L4     44/0    4.24 GB   1.0      0.0     0.0      0.0       0.0      0.0       0.0   0.0      0.0      0.0      0.00              0.00         0    0.000       0      0      0.0      0.0        0.0       0
