2020/01/21-14:15:51.029806 7f11183dc700 RocksDB version: 6.1.2
2020/01/21-14:15:51.029930 7f11183dc700 Git sha rocksdb_build_git_sha:4f1920556570c04d306d3ff0aa9a33db259bb8f0
2020/01/21-14:15:51.029937 7f11183dc700 Compile date Jan  7 2020
2020/01/21-14:15:51.029958 7f11183dc700 DB SUMMARY
2020/01/21-14:15:51.030676 7f11183dc700 CURRENT file:  CURRENT
2020/01/21-14:15:51.030682 7f11183dc700 IDENTITY file:  IDENTITY
2020/01/21-14:15:51.030706 7f11183dc700 MANIFEST file:  MANIFEST-000004 size: 110658 Bytes
2020/01/21-14:15:51.030713 7f11183dc700 SST files in /mnt/sdd/mbwu-rocksdb-data dir, Total Num: 616, files: 000011.sst 000014.sst 000017.sst 000027.sst 000028.sst 000029.sst 000030.sst 000031.sst 000032.sst 
2020/01/21-14:15:51.030717 7f11183dc700 Write Ahead Log file in /mnt/sdd/mbwu-rocksdb-data: 001162.log size: 127226631 ; 001164.log size: 79813046 ; 
2020/01/21-14:15:51.030726 7f11183dc700                         Options.error_if_exists: 0
2020/01/21-14:15:51.030729 7f11183dc700                       Options.create_if_missing: 1
2020/01/21-14:15:51.030731 7f11183dc700                         Options.paranoid_checks: 1
2020/01/21-14:15:51.030733 7f11183dc700                                     Options.env: 0x7f10e7ff8ba0
2020/01/21-14:15:51.030735 7f11183dc700                                Options.info_log: 0x7f10ec0a6a70
2020/01/21-14:15:51.030738 7f11183dc700                Options.max_file_opening_threads: 16
2020/01/21-14:15:51.030740 7f11183dc700                              Options.statistics: (nil)
2020/01/21-14:15:51.030742 7f11183dc700                               Options.use_fsync: 0
2020/01/21-14:15:51.030745 7f11183dc700                       Options.max_log_file_size: 0
2020/01/21-14:15:51.030747 7f11183dc700                  Options.max_manifest_file_size: 1073741824
2020/01/21-14:15:51.030749 7f11183dc700                   Options.log_file_time_to_roll: 0
2020/01/21-14:15:51.030751 7f11183dc700                       Options.keep_log_file_num: 1000
2020/01/21-14:15:51.030754 7f11183dc700                    Options.recycle_log_file_num: 0
2020/01/21-14:15:51.030756 7f11183dc700                         Options.allow_fallocate: 1
2020/01/21-14:15:51.030758 7f11183dc700                        Options.allow_mmap_reads: 0
2020/01/21-14:15:51.030760 7f11183dc700                       Options.allow_mmap_writes: 0
2020/01/21-14:15:51.030762 7f11183dc700                        Options.use_direct_reads: 0
2020/01/21-14:15:51.030764 7f11183dc700                        Options.use_direct_io_for_flush_and_compaction: 0
2020/01/21-14:15:51.030766 7f11183dc700          Options.create_missing_column_families: 1
2020/01/21-14:15:51.030768 7f11183dc700                              Options.db_log_dir: 
2020/01/21-14:15:51.030770 7f11183dc700                                 Options.wal_dir: /mnt/sdd/mbwu-rocksdb-data
2020/01/21-14:15:51.030772 7f11183dc700                Options.table_cache_numshardbits: 6
2020/01/21-14:15:51.030774 7f11183dc700                      Options.max_subcompactions: 1
2020/01/21-14:15:51.030777 7f11183dc700                  Options.max_background_flushes: 24
2020/01/21-14:15:51.030779 7f11183dc700                         Options.WAL_ttl_seconds: 0
2020/01/21-14:15:51.030781 7f11183dc700                       Options.WAL_size_limit_MB: 0
2020/01/21-14:15:51.030783 7f11183dc700             Options.manifest_preallocation_size: 4194304
2020/01/21-14:15:51.030785 7f11183dc700                     Options.is_fd_close_on_exec: 1
2020/01/21-14:15:51.030787 7f11183dc700                   Options.advise_random_on_open: 1
2020/01/21-14:15:51.030789 7f11183dc700                    Options.db_write_buffer_size: 0
2020/01/21-14:15:51.030791 7f11183dc700                    Options.write_buffer_manager: 0x7f10ec0a5d20
2020/01/21-14:15:51.030793 7f11183dc700         Options.access_hint_on_compaction_start: 1
2020/01/21-14:15:51.030795 7f11183dc700  Options.new_table_reader_for_compaction_inputs: 0
2020/01/21-14:15:51.030797 7f11183dc700           Options.random_access_max_buffer_size: 1048576
2020/01/21-14:15:51.030799 7f11183dc700                      Options.use_adaptive_mutex: 0
2020/01/21-14:15:51.030828 7f11183dc700                            Options.rate_limiter: (nil)
2020/01/21-14:15:51.030834 7f11183dc700     Options.sst_file_manager.rate_bytes_per_sec: 0
2020/01/21-14:15:51.030836 7f11183dc700                       Options.wal_recovery_mode: 2
2020/01/21-14:15:51.030838 7f11183dc700                  Options.enable_thread_tracking: 0
2020/01/21-14:15:51.030840 7f11183dc700                  Options.enable_pipelined_write: 0
2020/01/21-14:15:51.030842 7f11183dc700         Options.allow_concurrent_memtable_write: 1
2020/01/21-14:15:51.030844 7f11183dc700      Options.enable_write_thread_adaptive_yield: 1
2020/01/21-14:15:51.030846 7f11183dc700             Options.write_thread_max_yield_usec: 100
2020/01/21-14:15:51.030849 7f11183dc700            Options.write_thread_slow_yield_usec: 3
2020/01/21-14:15:51.030851 7f11183dc700                               Options.row_cache: None
2020/01/21-14:15:51.030853 7f11183dc700                              Options.wal_filter: None
2020/01/21-14:15:51.030855 7f11183dc700             Options.avoid_flush_during_recovery: 0
2020/01/21-14:15:51.030857 7f11183dc700             Options.allow_ingest_behind: 0
2020/01/21-14:15:51.030859 7f11183dc700             Options.preserve_deletes: 0
2020/01/21-14:15:51.030861 7f11183dc700             Options.two_write_queues: 0
2020/01/21-14:15:51.030863 7f11183dc700             Options.manual_wal_flush: 0
2020/01/21-14:15:51.030865 7f11183dc700             Options.atomic_flush: 0
2020/01/21-14:15:51.030867 7f11183dc700             Options.avoid_unnecessary_blocking_io: 0
2020/01/21-14:15:51.030871 7f11183dc700             Options.max_background_jobs: 24
2020/01/21-14:15:51.030873 7f11183dc700             Options.max_background_compactions: 24
2020/01/21-14:15:51.030876 7f11183dc700             Options.avoid_flush_during_shutdown: 0
2020/01/21-14:15:51.030878 7f11183dc700           Options.writable_file_max_buffer_size: 1048576
2020/01/21-14:15:51.030880 7f11183dc700             Options.delayed_write_rate : 16777216
2020/01/21-14:15:51.030882 7f11183dc700             Options.max_total_wal_size: 0
2020/01/21-14:15:51.030884 7f11183dc700             Options.delete_obsolete_files_period_micros: 21600000000
2020/01/21-14:15:51.030886 7f11183dc700                   Options.stats_dump_period_sec: 600
2020/01/21-14:15:51.030889 7f11183dc700                 Options.stats_persist_period_sec: 600
2020/01/21-14:15:51.030891 7f11183dc700                 Options.stats_history_buffer_size: 1048576
2020/01/21-14:15:51.030893 7f11183dc700                          Options.max_open_files: -1
2020/01/21-14:15:51.030896 7f11183dc700                          Options.bytes_per_sync: 1048576
2020/01/21-14:15:51.030898 7f11183dc700                      Options.wal_bytes_per_sync: 0
2020/01/21-14:15:51.030900 7f11183dc700       Options.compaction_readahead_size: 0
2020/01/21-14:15:51.030903 7f11183dc700 Compression algorithms supported:
2020/01/21-14:15:51.030905 7f11183dc700 	kZSTDNotFinalCompression supported: 1
2020/01/21-14:15:51.030920 7f11183dc700 	kZSTD supported: 1
2020/01/21-14:15:51.030923 7f11183dc700 	kXpressCompression supported: 0
2020/01/21-14:15:51.030926 7f11183dc700 	kLZ4HCCompression supported: 1
2020/01/21-14:15:51.030928 7f11183dc700 	kLZ4Compression supported: 1
2020/01/21-14:15:51.030930 7f11183dc700 	kBZip2Compression supported: 1
2020/01/21-14:15:51.030932 7f11183dc700 	kZlibCompression supported: 1
2020/01/21-14:15:51.030935 7f11183dc700 	kSnappyCompression supported: 1
2020/01/21-14:15:51.030943 7f11183dc700 Fast CRC32 supported: Supported on x86
2020/01/21-14:15:51.031711 7f11183dc700 [/version_set.cc:3742] Recovering from manifest file: /mnt/sdd/mbwu-rocksdb-data/MANIFEST-000004
2020/01/21-14:15:51.031978 7f11183dc700 [/column_family.cc:698] --------------- Options for column family [default]:
2020/01/21-14:15:51.031987 7f11183dc700               Options.comparator: leveldb.BytewiseComparator
2020/01/21-14:15:51.031990 7f11183dc700           Options.merge_operator: None
2020/01/21-14:15:51.031992 7f11183dc700        Options.compaction_filter: None
2020/01/21-14:15:51.032021 7f11183dc700        Options.compaction_filter_factory: None
2020/01/21-14:15:51.032025 7f11183dc700         Options.memtable_factory: SkipListFactory
2020/01/21-14:15:51.032027 7f11183dc700            Options.table_factory: BlockBasedTable
2020/01/21-14:15:51.032078 7f11183dc700            table_factory options:   flush_block_policy_factory: FlushBlockBySizePolicyFactory (0x7f10ec097a30)
  cache_index_and_filter_blocks: 0
  cache_index_and_filter_blocks_with_high_priority: 0
  pin_l0_filter_and_index_blocks_in_cache: 0
  pin_top_level_index_and_filter: 1
  index_type: 0
  data_block_index_type: 0
  data_block_hash_table_util_ratio: 0.750000
  hash_index_allow_collision: 1
  checksum: 1
  no_block_cache: 0
  block_cache: 0x7f10ec0a5d80
  block_cache_name: LRUCache
  block_cache_options:
    capacity : 8388608
    num_shard_bits : 4
    strict_capacity_limit : 0
    memory_allocator : None
    high_pri_pool_ratio: 0.000
  block_cache_compressed: (nil)
  persistent_cache: (nil)
  block_size: 8192
  block_size_deviation: 10
  block_restart_interval: 16
  index_block_restart_interval: 1
  metadata_block_size: 4096
  partition_filters: 0
  use_delta_encoding: 1
  filter_policy: nullptr
  whole_key_filtering: 1
  verify_compression: 0
  read_amp_bytes_per_bit: 0
  format_version: 2
  enable_index_compression: 1
  block_align: 0
2020/01/21-14:15:51.032084 7f11183dc700        Options.write_buffer_size: 134217728
2020/01/21-14:15:51.032086 7f11183dc700  Options.max_write_buffer_number: 8
2020/01/21-14:15:51.032089 7f11183dc700        Options.compression[0]: NoCompression
2020/01/21-14:15:51.032092 7f11183dc700        Options.compression[1]: NoCompression
2020/01/21-14:15:51.032095 7f11183dc700        Options.compression[2]: Snappy
2020/01/21-14:15:51.032097 7f11183dc700        Options.compression[3]: Snappy
2020/01/21-14:15:51.032099 7f11183dc700        Options.compression[4]: Snappy
2020/01/21-14:15:51.032101 7f11183dc700        Options.compression[5]: Snappy
2020/01/21-14:15:51.032103 7f11183dc700        Options.compression[6]: Snappy
2020/01/21-14:15:51.032106 7f11183dc700                  Options.bottommost_compression: Disabled
2020/01/21-14:15:51.032108 7f11183dc700       Options.prefix_extractor: nullptr
2020/01/21-14:15:51.032110 7f11183dc700   Options.memtable_insert_with_hint_prefix_extractor: nullptr
2020/01/21-14:15:51.032112 7f11183dc700             Options.num_levels: 6
2020/01/21-14:15:51.032114 7f11183dc700        Options.min_write_buffer_number_to_merge: 2
2020/01/21-14:15:51.032117 7f11183dc700     Options.max_write_buffer_number_to_maintain: 0
2020/01/21-14:15:51.032119 7f11183dc700            Options.bottommost_compression_opts.window_bits: -14
2020/01/21-14:15:51.032121 7f11183dc700                  Options.bottommost_compression_opts.level: 32767
2020/01/21-14:15:51.032123 7f11183dc700               Options.bottommost_compression_opts.strategy: 0
2020/01/21-14:15:51.032125 7f11183dc700         Options.bottommost_compression_opts.max_dict_bytes: 0
2020/01/21-14:15:51.032128 7f11183dc700         Options.bottommost_compression_opts.zstd_max_train_bytes: 0
2020/01/21-14:15:51.032130 7f11183dc700                  Options.bottommost_compression_opts.enabled: false
2020/01/21-14:15:51.032132 7f11183dc700            Options.compression_opts.window_bits: -14
2020/01/21-14:15:51.032134 7f11183dc700                  Options.compression_opts.level: 32767
2020/01/21-14:15:51.032137 7f11183dc700               Options.compression_opts.strategy: 0
2020/01/21-14:15:51.032139 7f11183dc700         Options.compression_opts.max_dict_bytes: 0
2020/01/21-14:15:51.032141 7f11183dc700         Options.compression_opts.zstd_max_train_bytes: 0
2020/01/21-14:15:51.032143 7f11183dc700                  Options.compression_opts.enabled: false
2020/01/21-14:15:51.032145 7f11183dc700      Options.level0_file_num_compaction_trigger: 4
2020/01/21-14:15:51.032147 7f11183dc700          Options.level0_slowdown_writes_trigger: 20
2020/01/21-14:15:51.032149 7f11183dc700              Options.level0_stop_writes_trigger: 36
2020/01/21-14:15:51.032167 7f11183dc700                   Options.target_file_size_base: 67108864
2020/01/21-14:15:51.032170 7f11183dc700             Options.target_file_size_multiplier: 1
2020/01/21-14:15:51.032172 7f11183dc700                Options.max_bytes_for_level_base: 536870912
2020/01/21-14:15:51.032175 7f11183dc700 Options.level_compaction_dynamic_level_bytes: 1
2020/01/21-14:15:51.032177 7f11183dc700          Options.max_bytes_for_level_multiplier: 8.000000
2020/01/21-14:15:51.032181 7f11183dc700 Options.max_bytes_for_level_multiplier_addtl[0]: 1
2020/01/21-14:15:51.032184 7f11183dc700 Options.max_bytes_for_level_multiplier_addtl[1]: 1
2020/01/21-14:15:51.032186 7f11183dc700 Options.max_bytes_for_level_multiplier_addtl[2]: 1
2020/01/21-14:15:51.032188 7f11183dc700 Options.max_bytes_for_level_multiplier_addtl[3]: 1
2020/01/21-14:15:51.032190 7f11183dc700 Options.max_bytes_for_level_multiplier_addtl[4]: 1
2020/01/21-14:15:51.032192 7f11183dc700 Options.max_bytes_for_level_multiplier_addtl[5]: 1
2020/01/21-14:15:51.032194 7f11183dc700 Options.max_bytes_for_level_multiplier_addtl[6]: 1
2020/01/21-14:15:51.032196 7f11183dc700       Options.max_sequential_skip_in_iterations: 8
2020/01/21-14:15:51.032198 7f11183dc700                    Options.max_compaction_bytes: 1677721600
2020/01/21-14:15:51.032201 7f11183dc700                        Options.arena_block_size: 16777216
2020/01/21-14:15:51.032203 7f11183dc700   Options.soft_pending_compaction_bytes_limit: 68719476736
2020/01/21-14:15:51.032205 7f11183dc700   Options.hard_pending_compaction_bytes_limit: 274877906944
2020/01/21-14:15:51.032207 7f11183dc700       Options.rate_limit_delay_max_milliseconds: 100
2020/01/21-14:15:51.032209 7f11183dc700                Options.disable_auto_compactions: 0
2020/01/21-14:15:51.032211 7f11183dc700                      Options.allow_trivial_move: 0
2020/01/21-14:15:51.032213 7f11183dc700                      Options.vlog_direct_IO: 0
2020/01/21-14:15:51.032215 7f11183dc700               Options.compaction_score_limit_L0: 1000.000000
2020/01/21-14:15:51.032221 7f11183dc700                     Options.min_indirect_val_size[0]: 24
2020/01/21-14:15:51.032223 7f11183dc700       Options.fraction_remapped_during_compaction[0]: 20
2020/01/21-14:15:51.032226 7f11183dc700 Options.fraction_remapped_during_active_recycling[0]: 15
2020/01/21-14:15:51.032228 7f11183dc700    Options.fragmentation_active_recycling_trigger[0]: 25
2020/01/21-14:15:51.032230 7f11183dc700     Options.fragmentation_active_recycling_klaxon[0]: 50
2020/01/21-14:15:51.032232 7f11183dc700                Options.active_recycling_sst_minct[0]: 5
2020/01/21-14:15:51.032235 7f11183dc700                Options.active_recycling_sst_maxct[0]: 15
2020/01/21-14:15:51.032237 7f11183dc700       Options.active_recycling_vlogfile_freed_min[0]: 7
2020/01/21-14:15:51.032239 7f11183dc700    Options.active_recycling_size_trigger[0]: 1073741824
2020/01/21-14:15:51.032241 7f11183dc700                         Options.vlogfile_max_size[0]: 16777216
2020/01/21-14:15:51.032244 7f11183dc700          Options.compaction_picker_age_importance[0]: 100
2020/01/21-14:15:51.032246 7f11183dc700                    Options.ring_compression_style[0]: Zlib
2020/01/21-14:15:51.032250 7f11183dc700                        Options.compaction_style: kCompactionStyleLevel
2020/01/21-14:15:51.032253 7f11183dc700                          Options.compaction_pri: kMinOverlappingRatio
2020/01/21-14:15:51.032256 7f11183dc700 Options.compaction_options_universal.size_ratio: 1
2020/01/21-14:15:51.032258 7f11183dc700 Options.compaction_options_universal.min_merge_width: 2
2020/01/21-14:15:51.032260 7f11183dc700 Options.compaction_options_universal.max_merge_width: 4294967295
2020/01/21-14:15:51.032262 7f11183dc700 Options.compaction_options_universal.max_size_amplification_percent: 200
2020/01/21-14:15:51.032264 7f11183dc700 Options.compaction_options_universal.compression_size_percent: -1
2020/01/21-14:15:51.032267 7f11183dc700 Options.compaction_options_universal.stop_style: kCompactionStopStyleTotalSize
2020/01/21-14:15:51.032287 7f11183dc700 Options.compaction_options_fifo.max_table_files_size: 1073741824
2020/01/21-14:15:51.032290 7f11183dc700 Options.compaction_options_fifo.allow_compaction: 0
2020/01/21-14:15:51.032292 7f11183dc700                   Options.table_properties_collectors: 
2020/01/21-14:15:51.032294 7f11183dc700                   Options.inplace_update_support: 0
2020/01/21-14:15:51.032296 7f11183dc700                 Options.inplace_update_num_locks: 10000
2020/01/21-14:15:51.032299 7f11183dc700               Options.memtable_prefix_bloom_size_ratio: 0.000000
2020/01/21-14:15:51.032302 7f11183dc700               Options.memtable_whole_key_filtering: 0
2020/01/21-14:15:51.032304 7f11183dc700   Options.memtable_huge_page_size: 0
2020/01/21-14:15:51.032306 7f11183dc700                           Options.bloom_locality: 0
2020/01/21-14:15:51.032309 7f11183dc700                    Options.max_successive_merges: 0
2020/01/21-14:15:51.032311 7f11183dc700                Options.optimize_filters_for_hits: 0
2020/01/21-14:15:51.032313 7f11183dc700                Options.paranoid_file_checks: 0
2020/01/21-14:15:51.032315 7f11183dc700                Options.force_consistency_checks: 0
2020/01/21-14:15:51.032317 7f11183dc700                Options.report_bg_io_stats: 0
2020/01/21-14:15:51.032320 7f11183dc700                               Options.ttl: 0
2020/01/21-14:15:51.033014 7f11183dc700 [/column_family.cc:698] --------------- Options for column family [usertable]:
2020/01/21-14:15:51.033023 7f11183dc700               Options.comparator: leveldb.BytewiseComparator
2020/01/21-14:15:51.033026 7f11183dc700           Options.merge_operator: None
2020/01/21-14:15:51.033028 7f11183dc700        Options.compaction_filter: None
2020/01/21-14:15:51.033030 7f11183dc700        Options.compaction_filter_factory: None
2020/01/21-14:15:51.033032 7f11183dc700         Options.memtable_factory: SkipListFactory
2020/01/21-14:15:51.033034 7f11183dc700            Options.table_factory: BlockBasedTable
2020/01/21-14:15:51.033074 7f11183dc700            table_factory options:   flush_block_policy_factory: FlushBlockBySizePolicyFactory (0x7f10ec097c90)
  cache_index_and_filter_blocks: 0
  cache_index_and_filter_blocks_with_high_priority: 0
  pin_l0_filter_and_index_blocks_in_cache: 0
  pin_top_level_index_and_filter: 1
  index_type: 0
  data_block_index_type: 0
  data_block_hash_table_util_ratio: 0.750000
  hash_index_allow_collision: 1
  checksum: 1
  no_block_cache: 0
  block_cache: 0x7f10ec098ac0
  block_cache_name: LRUCache
  block_cache_options:
    capacity : 8388608
    num_shard_bits : 4
    strict_capacity_limit : 0
    memory_allocator : None
    high_pri_pool_ratio: 0.000
  block_cache_compressed: (nil)
  persistent_cache: (nil)
  block_size: 8192
  block_size_deviation: 10
  block_restart_interval: 16
  index_block_restart_interval: 1
  metadata_block_size: 4096
  partition_filters: 0
  use_delta_encoding: 1
  filter_policy: nullptr
  whole_key_filtering: 1
  verify_compression: 0
  read_amp_bytes_per_bit: 0
  format_version: 2
  enable_index_compression: 1
  block_align: 0
2020/01/21-14:15:51.033079 7f11183dc700        Options.write_buffer_size: 134217728
2020/01/21-14:15:51.033081 7f11183dc700  Options.max_write_buffer_number: 8
2020/01/21-14:15:51.033084 7f11183dc700        Options.compression[0]: NoCompression
2020/01/21-14:15:51.033086 7f11183dc700        Options.compression[1]: NoCompression
2020/01/21-14:15:51.033089 7f11183dc700        Options.compression[2]: Snappy
2020/01/21-14:15:51.033091 7f11183dc700        Options.compression[3]: Snappy
2020/01/21-14:15:51.033093 7f11183dc700        Options.compression[4]: Snappy
2020/01/21-14:15:51.033095 7f11183dc700        Options.compression[5]: Snappy
2020/01/21-14:15:51.033098 7f11183dc700        Options.compression[6]: Snappy
2020/01/21-14:15:51.033100 7f11183dc700                  Options.bottommost_compression: Disabled
2020/01/21-14:15:51.033102 7f11183dc700       Options.prefix_extractor: nullptr
2020/01/21-14:15:51.033104 7f11183dc700   Options.memtable_insert_with_hint_prefix_extractor: nullptr
2020/01/21-14:15:51.033131 7f11183dc700             Options.num_levels: 6
2020/01/21-14:15:51.033134 7f11183dc700        Options.min_write_buffer_number_to_merge: 2
2020/01/21-14:15:51.033137 7f11183dc700     Options.max_write_buffer_number_to_maintain: 0
2020/01/21-14:15:51.033139 7f11183dc700            Options.bottommost_compression_opts.window_bits: -14
2020/01/21-14:15:51.033141 7f11183dc700                  Options.bottommost_compression_opts.level: 32767
2020/01/21-14:15:51.033143 7f11183dc700               Options.bottommost_compression_opts.strategy: 0
2020/01/21-14:15:51.033145 7f11183dc700         Options.bottommost_compression_opts.max_dict_bytes: 0
2020/01/21-14:15:51.033147 7f11183dc700         Options.bottommost_compression_opts.zstd_max_train_bytes: 0
2020/01/21-14:15:51.033149 7f11183dc700                  Options.bottommost_compression_opts.enabled: false
2020/01/21-14:15:51.033152 7f11183dc700            Options.compression_opts.window_bits: -14
2020/01/21-14:15:51.033154 7f11183dc700                  Options.compression_opts.level: 32767
2020/01/21-14:15:51.033156 7f11183dc700               Options.compression_opts.strategy: 0
2020/01/21-14:15:51.033158 7f11183dc700         Options.compression_opts.max_dict_bytes: 0
2020/01/21-14:15:51.033160 7f11183dc700         Options.compression_opts.zstd_max_train_bytes: 0
2020/01/21-14:15:51.033162 7f11183dc700                  Options.compression_opts.enabled: false
2020/01/21-14:15:51.033164 7f11183dc700      Options.level0_file_num_compaction_trigger: 4
2020/01/21-14:15:51.033166 7f11183dc700          Options.level0_slowdown_writes_trigger: 20
2020/01/21-14:15:51.033168 7f11183dc700              Options.level0_stop_writes_trigger: 36
2020/01/21-14:15:51.033170 7f11183dc700                   Options.target_file_size_base: 67108864
2020/01/21-14:15:51.033173 7f11183dc700             Options.target_file_size_multiplier: 1
2020/01/21-14:15:51.033175 7f11183dc700                Options.max_bytes_for_level_base: 536870912
2020/01/21-14:15:51.033177 7f11183dc700 Options.level_compaction_dynamic_level_bytes: 1
2020/01/21-14:15:51.033179 7f11183dc700          Options.max_bytes_for_level_multiplier: 8.000000
2020/01/21-14:15:51.033183 7f11183dc700 Options.max_bytes_for_level_multiplier_addtl[0]: 1
2020/01/21-14:15:51.033185 7f11183dc700 Options.max_bytes_for_level_multiplier_addtl[1]: 1
2020/01/21-14:15:51.033187 7f11183dc700 Options.max_bytes_for_level_multiplier_addtl[2]: 1
2020/01/21-14:15:51.033189 7f11183dc700 Options.max_bytes_for_level_multiplier_addtl[3]: 1
2020/01/21-14:15:51.033191 7f11183dc700 Options.max_bytes_for_level_multiplier_addtl[4]: 1
2020/01/21-14:15:51.033194 7f11183dc700 Options.max_bytes_for_level_multiplier_addtl[5]: 1
2020/01/21-14:15:51.033196 7f11183dc700 Options.max_bytes_for_level_multiplier_addtl[6]: 1
2020/01/21-14:15:51.033198 7f11183dc700       Options.max_sequential_skip_in_iterations: 8
2020/01/21-14:15:51.033200 7f11183dc700                    Options.max_compaction_bytes: 1677721600
2020/01/21-14:15:51.033202 7f11183dc700                        Options.arena_block_size: 16777216
2020/01/21-14:15:51.033204 7f11183dc700   Options.soft_pending_compaction_bytes_limit: 68719476736
2020/01/21-14:15:51.033207 7f11183dc700   Options.hard_pending_compaction_bytes_limit: 274877906944
2020/01/21-14:15:51.033209 7f11183dc700       Options.rate_limit_delay_max_milliseconds: 100
2020/01/21-14:15:51.033211 7f11183dc700                Options.disable_auto_compactions: 0
2020/01/21-14:15:51.033213 7f11183dc700                      Options.allow_trivial_move: 0
2020/01/21-14:15:51.033215 7f11183dc700                      Options.vlog_direct_IO: 0
2020/01/21-14:15:51.033217 7f11183dc700               Options.compaction_score_limit_L0: 1000.000000
2020/01/21-14:15:51.033221 7f11183dc700                     Options.min_indirect_val_size[0]: 24
2020/01/21-14:15:51.033223 7f11183dc700       Options.fraction_remapped_during_compaction[0]: 20
2020/01/21-14:15:51.033226 7f11183dc700 Options.fraction_remapped_during_active_recycling[0]: 15
2020/01/21-14:15:51.033240 7f11183dc700    Options.fragmentation_active_recycling_trigger[0]: 25
2020/01/21-14:15:51.033244 7f11183dc700     Options.fragmentation_active_recycling_klaxon[0]: 50
2020/01/21-14:15:51.033246 7f11183dc700                Options.active_recycling_sst_minct[0]: 5
2020/01/21-14:15:51.033248 7f11183dc700                Options.active_recycling_sst_maxct[0]: 15
2020/01/21-14:15:51.033250 7f11183dc700       Options.active_recycling_vlogfile_freed_min[0]: 7
2020/01/21-14:15:51.033252 7f11183dc700    Options.active_recycling_size_trigger[0]: 1073741824
2020/01/21-14:15:51.033255 7f11183dc700                         Options.vlogfile_max_size[0]: 16777216
2020/01/21-14:15:51.033257 7f11183dc700          Options.compaction_picker_age_importance[0]: 100
2020/01/21-14:15:51.033260 7f11183dc700                    Options.ring_compression_style[0]: Zlib
2020/01/21-14:15:51.033263 7f11183dc700                        Options.compaction_style: kCompactionStyleLevel
2020/01/21-14:15:51.033266 7f11183dc700                          Options.compaction_pri: kMinOverlappingRatio
2020/01/21-14:15:51.033268 7f11183dc700 Options.compaction_options_universal.size_ratio: 1
2020/01/21-14:15:51.033270 7f11183dc700 Options.compaction_options_universal.min_merge_width: 2
2020/01/21-14:15:51.033273 7f11183dc700 Options.compaction_options_universal.max_merge_width: 4294967295
2020/01/21-14:15:51.033275 7f11183dc700 Options.compaction_options_universal.max_size_amplification_percent: 200
2020/01/21-14:15:51.033277 7f11183dc700 Options.compaction_options_universal.compression_size_percent: -1
2020/01/21-14:15:51.033279 7f11183dc700 Options.compaction_options_universal.stop_style: kCompactionStopStyleTotalSize
2020/01/21-14:15:51.033282 7f11183dc700 Options.compaction_options_fifo.max_table_files_size: 1073741824
2020/01/21-14:15:51.033284 7f11183dc700 Options.compaction_options_fifo.allow_compaction: 0
2020/01/21-14:15:51.033286 7f11183dc700                   Options.table_properties_collectors: 
2020/01/21-14:15:51.033288 7f11183dc700                   Options.inplace_update_support: 0
2020/01/21-14:15:51.033290 7f11183dc700                 Options.inplace_update_num_locks: 10000
2020/01/21-14:15:51.033292 7f11183dc700               Options.memtable_prefix_bloom_size_ratio: 0.000000
2020/01/21-14:15:51.033295 7f11183dc700               Options.memtable_whole_key_filtering: 0
2020/01/21-14:15:51.033298 7f11183dc700   Options.memtable_huge_page_size: 0
2020/01/21-14:15:51.033300 7f11183dc700                           Options.bloom_locality: 0
2020/01/21-14:15:51.033302 7f11183dc700                    Options.max_successive_merges: 0
2020/01/21-14:15:51.033304 7f11183dc700                Options.optimize_filters_for_hits: 0
2020/01/21-14:15:51.033306 7f11183dc700                Options.paranoid_file_checks: 0
2020/01/21-14:15:51.033308 7f11183dc700                Options.force_consistency_checks: 0
2020/01/21-14:15:51.033310 7f11183dc700                Options.report_bg_io_stats: 0
2020/01/21-14:15:51.033312 7f11183dc700                               Options.ttl: 0
2020/01/21-14:15:51.429035 7f11183dc700 [/version_set.cc:3959] Recovered from manifest file:/mnt/sdd/mbwu-rocksdb-data/MANIFEST-000004 succeeded,manifest_file_number is 4, next_file_number is 1165, last_sequence is 10402675, log_number is 1162,prev_log_number is 0,max_column_family is 1,min_log_number_to_keep is 0
2020/01/21-14:15:51.429057 7f11183dc700 [/version_set.cc:3968] Column family [default] (ID 0), log number is 0
2020/01/21-14:15:51.429061 7f11183dc700 [/version_set.cc:3968] Column family [usertable] (ID 1), log number is 1162
2020/01/21-14:15:51.433722 7f11183dc700 EVENT_LOG_v1 {"time_micros": 1579644951433700, "job": 1, "event": "recovery_started", "log_files": [1162, 1164]}
2020/01/21-14:15:51.433738 7f11183dc700 [/db_impl_open.cc:583] Recovering log #1162 mode 2
2020/01/21-14:15:51.816742 7f11183dc700 [/db_impl_open.cc:583] Recovering log #1164 mode 2
2020/01/21-14:15:53.380934 7f11183dc700 EVENT_LOG_v1 {"time_micros": 1579644953380909, "cf_name": "usertable", "job": 1, "event": "table_file_creation", "file_number": 1165, "file_size": 129920025, "table_properties": {"data_size": 129342647, "index_size": 576632, "filter_size": 0, "raw_key_size": 752904, "raw_average_key_size": 24, "raw_value_size": 128495616, "raw_average_value_size": 4096, "num_data_blocks": 15686, "num_entries": 31371, "filter_policy_name": ""}}
2020/01/21-14:15:53.804726 7f11183dc700 [/version_set.cc:3196] Creating manifest 1166
2020/01/21-14:15:54.515146 7f11183dc700 EVENT_LOG_v1 {"time_micros": 1579644954515124, "cf_name": "usertable", "job": 1, "event": "table_file_creation", "file_number": 1167, "file_size": 77374060, "table_properties": {"data_size": 77027961, "index_size": 345353, "filter_size": 0, "raw_key_size": 448368, "raw_average_key_size": 24, "raw_value_size": 76521472, "raw_average_value_size": 4096, "num_data_blocks": 9341, "num_entries": 18682, "filter_policy_name": ""}}
2020/01/21-14:15:54.572705 7f11183dc700 EVENT_LOG_v1 {"time_micros": 1579644954572699, "job": 1, "event": "recovery_finished"}
2020/01/21-14:15:54.691669 7f11183dc700 DB pointer 0x7f10ec0a3480
2020/01/21-14:15:54.692686 7f1001ffb700 [/db_impl.cc:777] ------- DUMPING STATS -------
2020/01/21-14:15:54.692854 7f1001ffb700 [/db_impl.cc:778] 
** DB Stats **
Uptime(secs): 3.7 total, 3.7 interval
Cumulative writes: 0 writes, 0 keys, 0 commit groups, 0.0 writes per commit group, ingest: 0.00 GB, 0.00 MB/s
Cumulative WAL: 0 writes, 0 syncs, 0.00 writes per sync, written: 0.00 GB, 0.00 MB/s
Cumulative stall: 00:00:0.000 H:M:S, 0.0 percent
Interval writes: 0 writes, 0 keys, 0 commit groups, 0.0 writes per commit group, ingest: 0.00 MB, 0.00 MB/s
Interval WAL: 0 writes, 0 syncs, 0.00 writes per sync, written: 0.00 MB, 0.00 MB/s
Interval stall: 00:00:0.000 H:M:S, 0.0 percent

** Compaction Stats [default] **
Level    Files   Size     Score Read(GB)  Rn(GB) Rnp1(GB) Write(GB) Wnew(GB) Moved(GB) W-Amp Rd(MB/s) Wr(MB/s) Comp(sec) CompMergeCPU(sec) Comp(cnt) Avg(sec) KeyIn KeyDropWVCmp(GB) WVRaw(GB) WVRemap(GB) WVFiles
-------------------------------------------------------------------------------------------------------------------------------------------------------------------------------------------------------------------
 Sum      0/0    0.00 KB   0.0      0.0     0.0      0.0       0.0      0.0       0.0   0.0      0.0      0.0      0.00              0.00         0    0.000       0      0      0.0      0.0        0.0       0
 Int      0/0    0.00 KB   0.0      0.0     0.0      0.0       0.0      0.0       0.0   0.0      0.0      0.0      0.00              0.00         0    0.000       0      0      0.0      0.0        0.0       0

** Compaction Stats [default] **
Priority    Files   Size     Score Read(GB)  Rn(GB) Rnp1(GB) Write(GB) Wnew(GB) Moved(GB) W-Amp Rd(MB/s) Wr(MB/s) Comp(sec) CompMergeCPU(sec) Comp(cnt) Avg(sec) KeyIn KeyDropWVCmp(GB) WVRaw(GB) WVRemap(GB) WVFiles
----------------------------------------------------------------------------------------------------------------------------------------------------------------------------------------------------------------------
Uptime(secs): 3.7 total, 3.7 interval
Flush(GB): cumulative 0.000, interval 0.000
AddFile(GB): cumulative 0.000, interval 0.000
AddFile(Total Files): cumulative 0, interval 0
AddFile(L0 Files): cumulative 0, interval 0
AddFile(Keys): cumulative 0, interval 0
Cumulative compaction: 0.00 GB write, 0.00 MB/s write, 0.00 GB read, 0.00 MB/s read, 0.0 seconds
Interval compaction: 0.00 GB write, 0.00 MB/s write, 0.00 GB read, 0.00 MB/s read, 0.0 seconds
Stalls(count): 0 level0_slowdown, 0 level0_slowdown_with_compaction, 0 level0_numfiles, 0 level0_numfiles_with_compaction, 0 stop for pending_compaction_bytes, 0 slowdown for pending_compaction_bytes, 0 memtable_compaction, 0 memtable_slowdown, interval 0 total count

** Compaction Ring Stats [default] **
Ring  Files   Size  Frag(%)
----------------------------
 Sum        0  0.00 KB  -nan 
VLog Read Latency over 0 reads with average length 0:   0.000 usec
VLog Decompress Latency over 0 reads with average length 0:   0.000 usec

** File Read Latency Histogram By Level [default] **

** Compaction Stats [usertable] **
Level    Files   Size     Score Read(GB)  Rn(GB) Rnp1(GB) Write(GB) Wnew(GB) Moved(GB) W-Amp Rd(MB/s) Wr(MB/s) Comp(sec) CompMergeCPU(sec) Comp(cnt) Avg(sec) KeyIn KeyDropWVCmp(GB) WVRaw(GB) WVRemap(GB) WVFiles
-------------------------------------------------------------------------------------------------------------------------------------------------------------------------------------------------------------------
  L0      2/0   197.69 MB   0.5      0.0     0.0      0.0       0.2      0.2       0.0   1.0      0.0     92.1      2.15              0.00         2    1.073       0      0      0.0      0.0        0.0       0
  L3      2/0   485.79 MB   0.9      0.0     0.0      0.0       0.0      0.0       0.0   0.0      0.0      0.0      0.00              0.00         0    0.000       0      0      0.0      0.0        0.0       0
  L4     41/0    4.22 GB   1.0      0.0     0.0      0.0       0.0      0.0       0.0   0.0      0.0      0.0      0.00              0.00         0    0.000       0      0      0.0      0.0        0.0       0
  L5    573/0   35.30 GB   0.0      0.0     0.0      0.0       0.0      0.0       0.0   0.0      0.0      0.0      0.00              0.00         0    0.000       0      0      0.0      0.0        0.0       0
 Sum    618/0   40.19 GB   0.0      0.0     0.0      0.0       0.2      0.2       0.0   1.0      0.0     92.1      2.15              0.00         2    1.073       0      0      0.0      0.0        0.0       0
 Int      0/0    0.00 KB   0.0      0.0     0.0      0.0       0.2      0.2       0.0   1.0      0.0     92.1      2.15              0.00         2    1.073       0      0      0.0      0.0        0.0       0

** Compaction Stats [usertable] **
Priority    Files   Size     Score Read(GB)  Rn(GB) Rnp1(GB) Write(GB) Wnew(GB) Moved(GB) W-Amp Rd(MB/s) Wr(MB/s) Comp(sec) CompMergeCPU(sec) Comp(cnt) Avg(sec) KeyIn KeyDropWVCmp(GB) WVRaw(GB) WVRemap(GB) WVFiles
----------------------------------------------------------------------------------------------------------------------------------------------------------------------------------------------------------------------
User      0/0    0.00 KB   0.0      0.0     0.0      0.0       0.2      0.2       0.0   0.0      0.0     92.1      2.15              0.00         2    1.073       0      0      0.0      0.0        0.0       0
Uptime(secs): 3.7 total, 3.7 interval
Flush(GB): cumulative 0.193, interval 0.193
AddFile(GB): cumulative 0.000, interval 0.000
AddFile(Total Files): cumulative 0, interval 0
AddFile(L0 Files): cumulative 0, interval 0
AddFile(Keys): cumulative 0, interval 0
Cumulative compaction: 0.19 GB write, 54.02 MB/s write, 0.00 GB read, 0.00 MB/s read, 2.1 seconds
Interval compaction: 0.19 GB write, 54.02 MB/s write, 0.00 GB read, 0.00 MB/s read, 2.1 seconds
Stalls(count): 0 level0_slowdown, 0 level0_slowdown_with_compaction, 0 level0_numfiles, 0 level0_numfiles_with_compaction, 0 stop for pending_compaction_bytes, 0 slowdown for pending_compaction_bytes, 0 memtable_compaction, 0 memtable_slowdown, interval 0 total count

** Compaction Ring Stats [usertable] **
Ring  Files   Size  Frag(%)
----------------------------
 Sum        0  0.00 KB  -nan 
VLog Read Latency over 0 reads with average length 0:   0.000 usec
VLog Decompress Latency over 0 reads with average length 0:   0.000 usec

** File Read Latency Histogram By Level [usertable] **

** Compaction Stats [default] **
Level    Files   Size     Score Read(GB)  Rn(GB) Rnp1(GB) Write(GB) Wnew(GB) Moved(GB) W-Amp Rd(MB/s) Wr(MB/s) Comp(sec) CompMergeCPU(sec) Comp(cnt) Avg(sec) KeyIn KeyDropWVCmp(GB) WVRaw(GB) WVRemap(GB) WVFiles
-------------------------------------------------------------------------------------------------------------------------------------------------------------------------------------------------------------------
 Sum      0/0    0.00 KB   0.0      0.0     0.0      0.0       0.0      0.0       0.0   0.0      0.0      0.0      0.00              0.00         0    0.000       0      0      0.0      0.0        0.0       0
 Int      0/0    0.00 KB   0.0      0.0     0.0      0.0       0.0      0.0       0.0   0.0      0.0      0.0      0.00              0.00         0    0.000       0      0      0.0      0.0        0.0       0

** Compaction Stats [default] **
Priority    Files   Size     Score Read(GB)  Rn(GB) Rnp1(GB) Write(GB) Wnew(GB) Moved(GB) W-Amp Rd(MB/s) Wr(MB/s) Comp(sec) CompMergeCPU(sec) Comp(cnt) Avg(sec) KeyIn KeyDropWVCmp(GB) WVRaw(GB) WVRemap(GB) WVFiles
----------------------------------------------------------------------------------------------------------------------------------------------------------------------------------------------------------------------
Uptime(secs): 3.7 total, 0.0 interval
Flush(GB): cumulative 0.000, interval 0.000
AddFile(GB): cumulative 0.000, interval 0.000
AddFile(Total Files): cumulative 0, interval 0
AddFile(L0 Files): cumulative 0, interval 0
AddFile(Keys): cumulative 0, interval 0
Cumulative compaction: 0.00 GB write, 0.00 MB/s write, 0.00 GB read, 0.00 MB/s read, 0.0 seconds
Interval compaction: 0.00 GB write, 0.00 MB/s write, 0.00 GB read, 0.00 MB/s read, 0.0 seconds
Stalls(count): 0 level0_slowdown, 0 level0_slowdown_with_compaction, 0 level0_numfiles, 0 level0_numfiles_with_compaction, 0 stop for pending_compaction_bytes, 0 slowdown for pending_compaction_bytes, 0 memtable_compaction, 0 memtable_slowdown, interval 0 total count

** Compaction Ring Stats [default] **
Ring  Files   Size  Frag(%)
----------------------------
 Sum        0  0.00 KB  -nan 
VLog Read Latency over 0 reads with average length 0:   0.000 usec
VLog Decompress Latency over 0 reads with average length 0:   0.000 usec

** File Read Latency Histogram By Level [default] **

** Compaction Stats [usertable] **
Level    Files   Size     Score Read(GB)  Rn(GB) Rnp1(GB) Write(GB) Wnew(GB) Moved(GB) W-Amp Rd(MB/s) Wr(MB/s) Comp(sec) CompMergeCPU(sec) Comp(cnt) Avg(sec) KeyIn KeyDropWVCmp(GB) WVRaw(GB) WVRemap(GB) WVFiles
-------------------------------------------------------------------------------------------------------------------------------------------------------------------------------------------------------------------
  L0      2/0   197.69 MB   0.5      0.0     0.0      0.0       0.2      0.2       0.0   1.0      0.0     92.1      2.15              0.00         2    1.073       0      0      0.0      0.0        0.0       0
  L3      2/0   485.79 MB   0.9      0.0     0.0      0.0       0.0      0.0       0.0   0.0      0.0      0.0      0.00              0.00         0    0.000       0      0      0.0      0.0        0.0       0
  L4     41/0    4.22 GB   1.0      0.0     0.0      0.0       0.0      0.0       0.0   0.0      0.0      0.0      0.00              0.00         0    0.000       0      0      0.0      0.0        0.0       0
