2020/01/23-06:28:42.353260 7f3d3bcfc700 RocksDB version: 6.1.2
2020/01/23-06:28:42.353460 7f3d3bcfc700 Git sha rocksdb_build_git_sha:4f1920556570c04d306d3ff0aa9a33db259bb8f0
2020/01/23-06:28:42.353470 7f3d3bcfc700 Compile date Jan  7 2020
2020/01/23-06:28:42.353491 7f3d3bcfc700 DB SUMMARY
2020/01/23-06:28:42.353550 7f3d3bcfc700 SST files in /mnt/sdb/mbwu-rocksdb-data dir, Total Num: 0, files: 
2020/01/23-06:28:42.353556 7f3d3bcfc700 Write Ahead Log file in /mnt/sdb/mbwu-rocksdb-data: 
2020/01/23-06:28:42.353562 7f3d3bcfc700                         Options.error_if_exists: 0
2020/01/23-06:28:42.353564 7f3d3bcfc700                       Options.create_if_missing: 1
2020/01/23-06:28:42.353567 7f3d3bcfc700                         Options.paranoid_checks: 1
2020/01/23-06:28:42.353569 7f3d3bcfc700                                     Options.env: 0x7f3d3b9e2ba0
2020/01/23-06:28:42.353572 7f3d3bcfc700                                Options.info_log: 0x7f3c8c0a27e0
2020/01/23-06:28:42.353574 7f3d3bcfc700                Options.max_file_opening_threads: 16
2020/01/23-06:28:42.353576 7f3d3bcfc700                              Options.statistics: (nil)
2020/01/23-06:28:42.353579 7f3d3bcfc700                               Options.use_fsync: 0
2020/01/23-06:28:42.353582 7f3d3bcfc700                       Options.max_log_file_size: 0
2020/01/23-06:28:42.353584 7f3d3bcfc700                  Options.max_manifest_file_size: 1073741824
2020/01/23-06:28:42.353586 7f3d3bcfc700                   Options.log_file_time_to_roll: 0
2020/01/23-06:28:42.353588 7f3d3bcfc700                       Options.keep_log_file_num: 1000
2020/01/23-06:28:42.353591 7f3d3bcfc700                    Options.recycle_log_file_num: 0
2020/01/23-06:28:42.353593 7f3d3bcfc700                         Options.allow_fallocate: 1
2020/01/23-06:28:42.353605 7f3d3bcfc700                        Options.allow_mmap_reads: 0
2020/01/23-06:28:42.353607 7f3d3bcfc700                       Options.allow_mmap_writes: 0
2020/01/23-06:28:42.353609 7f3d3bcfc700                        Options.use_direct_reads: 0
2020/01/23-06:28:42.353611 7f3d3bcfc700                        Options.use_direct_io_for_flush_and_compaction: 0
2020/01/23-06:28:42.353614 7f3d3bcfc700          Options.create_missing_column_families: 1
2020/01/23-06:28:42.353616 7f3d3bcfc700                              Options.db_log_dir: 
2020/01/23-06:28:42.353618 7f3d3bcfc700                                 Options.wal_dir: /mnt/sdb/mbwu-rocksdb-data
2020/01/23-06:28:42.353620 7f3d3bcfc700                Options.table_cache_numshardbits: 6
2020/01/23-06:28:42.353622 7f3d3bcfc700                      Options.max_subcompactions: 1
2020/01/23-06:28:42.353624 7f3d3bcfc700                  Options.max_background_flushes: 24
2020/01/23-06:28:42.353626 7f3d3bcfc700                         Options.WAL_ttl_seconds: 0
2020/01/23-06:28:42.353628 7f3d3bcfc700                       Options.WAL_size_limit_MB: 0
2020/01/23-06:28:42.353630 7f3d3bcfc700             Options.manifest_preallocation_size: 4194304
2020/01/23-06:28:42.353632 7f3d3bcfc700                     Options.is_fd_close_on_exec: 1
2020/01/23-06:28:42.353634 7f3d3bcfc700                   Options.advise_random_on_open: 1
2020/01/23-06:28:42.353636 7f3d3bcfc700                    Options.db_write_buffer_size: 0
2020/01/23-06:28:42.353638 7f3d3bcfc700                    Options.write_buffer_manager: 0x7f3c8c0a2640
2020/01/23-06:28:42.353641 7f3d3bcfc700         Options.access_hint_on_compaction_start: 1
2020/01/23-06:28:42.353643 7f3d3bcfc700  Options.new_table_reader_for_compaction_inputs: 0
2020/01/23-06:28:42.353645 7f3d3bcfc700           Options.random_access_max_buffer_size: 1048576
2020/01/23-06:28:42.353647 7f3d3bcfc700                      Options.use_adaptive_mutex: 0
2020/01/23-06:28:42.353649 7f3d3bcfc700                            Options.rate_limiter: (nil)
2020/01/23-06:28:42.353653 7f3d3bcfc700     Options.sst_file_manager.rate_bytes_per_sec: 0
2020/01/23-06:28:42.353656 7f3d3bcfc700                       Options.wal_recovery_mode: 2
2020/01/23-06:28:42.353658 7f3d3bcfc700                  Options.enable_thread_tracking: 0
2020/01/23-06:28:42.353660 7f3d3bcfc700                  Options.enable_pipelined_write: 0
2020/01/23-06:28:42.353687 7f3d3bcfc700         Options.allow_concurrent_memtable_write: 1
2020/01/23-06:28:42.353691 7f3d3bcfc700      Options.enable_write_thread_adaptive_yield: 1
2020/01/23-06:28:42.353693 7f3d3bcfc700             Options.write_thread_max_yield_usec: 100
2020/01/23-06:28:42.353695 7f3d3bcfc700            Options.write_thread_slow_yield_usec: 3
2020/01/23-06:28:42.353697 7f3d3bcfc700                               Options.row_cache: None
2020/01/23-06:28:42.353699 7f3d3bcfc700                              Options.wal_filter: None
2020/01/23-06:28:42.353701 7f3d3bcfc700             Options.avoid_flush_during_recovery: 0
2020/01/23-06:28:42.353703 7f3d3bcfc700             Options.allow_ingest_behind: 0
2020/01/23-06:28:42.353705 7f3d3bcfc700             Options.preserve_deletes: 0
2020/01/23-06:28:42.353708 7f3d3bcfc700             Options.two_write_queues: 0
2020/01/23-06:28:42.353710 7f3d3bcfc700             Options.manual_wal_flush: 0
2020/01/23-06:28:42.353712 7f3d3bcfc700             Options.atomic_flush: 0
2020/01/23-06:28:42.353714 7f3d3bcfc700             Options.avoid_unnecessary_blocking_io: 0
2020/01/23-06:28:42.353719 7f3d3bcfc700             Options.max_background_jobs: 24
2020/01/23-06:28:42.353721 7f3d3bcfc700             Options.max_background_compactions: 24
2020/01/23-06:28:42.353723 7f3d3bcfc700             Options.avoid_flush_during_shutdown: 0
2020/01/23-06:28:42.353725 7f3d3bcfc700           Options.writable_file_max_buffer_size: 1048576
2020/01/23-06:28:42.353727 7f3d3bcfc700             Options.delayed_write_rate : 16777216
2020/01/23-06:28:42.353730 7f3d3bcfc700             Options.max_total_wal_size: 0
2020/01/23-06:28:42.353732 7f3d3bcfc700             Options.delete_obsolete_files_period_micros: 21600000000
2020/01/23-06:28:42.353734 7f3d3bcfc700                   Options.stats_dump_period_sec: 600
2020/01/23-06:28:42.353736 7f3d3bcfc700                 Options.stats_persist_period_sec: 600
2020/01/23-06:28:42.353738 7f3d3bcfc700                 Options.stats_history_buffer_size: 1048576
2020/01/23-06:28:42.353741 7f3d3bcfc700                          Options.max_open_files: -1
2020/01/23-06:28:42.353743 7f3d3bcfc700                          Options.bytes_per_sync: 1048576
2020/01/23-06:28:42.353745 7f3d3bcfc700                      Options.wal_bytes_per_sync: 0
2020/01/23-06:28:42.353747 7f3d3bcfc700       Options.compaction_readahead_size: 0
2020/01/23-06:28:42.353749 7f3d3bcfc700 Compression algorithms supported:
2020/01/23-06:28:42.353752 7f3d3bcfc700 	kZSTDNotFinalCompression supported: 1
2020/01/23-06:28:42.353769 7f3d3bcfc700 	kZSTD supported: 1
2020/01/23-06:28:42.353772 7f3d3bcfc700 	kXpressCompression supported: 0
2020/01/23-06:28:42.353775 7f3d3bcfc700 	kLZ4HCCompression supported: 1
2020/01/23-06:28:42.353778 7f3d3bcfc700 	kLZ4Compression supported: 1
2020/01/23-06:28:42.353780 7f3d3bcfc700 	kBZip2Compression supported: 1
2020/01/23-06:28:42.353783 7f3d3bcfc700 	kZlibCompression supported: 1
2020/01/23-06:28:42.353786 7f3d3bcfc700 	kSnappyCompression supported: 1
2020/01/23-06:28:42.353794 7f3d3bcfc700 Fast CRC32 supported: Supported on x86
2020/01/23-06:28:42.353985 7f3d3bcfc700 [/db_impl_open.cc:228] Creating manifest 1 
2020/01/23-06:28:42.452323 7f3d3bcfc700 [/version_set.cc:3742] Recovering from manifest file: /mnt/sdb/mbwu-rocksdb-data/MANIFEST-000001
2020/01/23-06:28:42.452632 7f3d3bcfc700 [/column_family.cc:698] --------------- Options for column family [default]:
2020/01/23-06:28:42.452643 7f3d3bcfc700               Options.comparator: leveldb.BytewiseComparator
2020/01/23-06:28:42.452647 7f3d3bcfc700           Options.merge_operator: None
2020/01/23-06:28:42.452649 7f3d3bcfc700        Options.compaction_filter: None
2020/01/23-06:28:42.452652 7f3d3bcfc700        Options.compaction_filter_factory: None
2020/01/23-06:28:42.452654 7f3d3bcfc700         Options.memtable_factory: SkipListFactory
2020/01/23-06:28:42.452657 7f3d3bcfc700            Options.table_factory: BlockBasedTable
2020/01/23-06:28:42.452754 7f3d3bcfc700            table_factory options:   flush_block_policy_factory: FlushBlockBySizePolicyFactory (0x7f3c8c0ab240)
  cache_index_and_filter_blocks: 0
  cache_index_and_filter_blocks_with_high_priority: 0
  pin_l0_filter_and_index_blocks_in_cache: 0
  pin_top_level_index_and_filter: 1
  index_type: 0
  data_block_index_type: 0
  data_block_hash_table_util_ratio: 0.750000
  hash_index_allow_collision: 1
  checksum: 1
  no_block_cache: 0
  block_cache: 0x7f3c8c0a9940
  block_cache_name: LRUCache
  block_cache_options:
    capacity : 8388608
    num_shard_bits : 4
    strict_capacity_limit : 0
    memory_allocator : None
    high_pri_pool_ratio: 0.000
  block_cache_compressed: (nil)
  persistent_cache: (nil)
  block_size: 8192
  block_size_deviation: 10
  block_restart_interval: 16
  index_block_restart_interval: 1
  metadata_block_size: 4096
  partition_filters: 0
  use_delta_encoding: 1
  filter_policy: nullptr
  whole_key_filtering: 1
  verify_compression: 0
  read_amp_bytes_per_bit: 0
  format_version: 2
  enable_index_compression: 1
  block_align: 0
2020/01/23-06:28:42.452760 7f3d3bcfc700        Options.write_buffer_size: 134217728
2020/01/23-06:28:42.452762 7f3d3bcfc700  Options.max_write_buffer_number: 8
2020/01/23-06:28:42.452765 7f3d3bcfc700        Options.compression[0]: NoCompression
2020/01/23-06:28:42.452768 7f3d3bcfc700        Options.compression[1]: NoCompression
2020/01/23-06:28:42.452771 7f3d3bcfc700        Options.compression[2]: Snappy
2020/01/23-06:28:42.452773 7f3d3bcfc700        Options.compression[3]: Snappy
2020/01/23-06:28:42.452775 7f3d3bcfc700        Options.compression[4]: Snappy
2020/01/23-06:28:42.452777 7f3d3bcfc700        Options.compression[5]: Snappy
2020/01/23-06:28:42.452780 7f3d3bcfc700        Options.compression[6]: Snappy
2020/01/23-06:28:42.452782 7f3d3bcfc700                  Options.bottommost_compression: Disabled
2020/01/23-06:28:42.452784 7f3d3bcfc700       Options.prefix_extractor: nullptr
2020/01/23-06:28:42.452787 7f3d3bcfc700   Options.memtable_insert_with_hint_prefix_extractor: nullptr
2020/01/23-06:28:42.452789 7f3d3bcfc700             Options.num_levels: 6
2020/01/23-06:28:42.452791 7f3d3bcfc700        Options.min_write_buffer_number_to_merge: 2
2020/01/23-06:28:42.452793 7f3d3bcfc700     Options.max_write_buffer_number_to_maintain: 0
2020/01/23-06:28:42.452796 7f3d3bcfc700            Options.bottommost_compression_opts.window_bits: -14
2020/01/23-06:28:42.452798 7f3d3bcfc700                  Options.bottommost_compression_opts.level: 32767
2020/01/23-06:28:42.452801 7f3d3bcfc700               Options.bottommost_compression_opts.strategy: 0
2020/01/23-06:28:42.452803 7f3d3bcfc700         Options.bottommost_compression_opts.max_dict_bytes: 0
2020/01/23-06:28:42.452805 7f3d3bcfc700         Options.bottommost_compression_opts.zstd_max_train_bytes: 0
2020/01/23-06:28:42.452807 7f3d3bcfc700                  Options.bottommost_compression_opts.enabled: false
2020/01/23-06:28:42.452810 7f3d3bcfc700            Options.compression_opts.window_bits: -14
2020/01/23-06:28:42.452812 7f3d3bcfc700                  Options.compression_opts.level: 32767
2020/01/23-06:28:42.452814 7f3d3bcfc700               Options.compression_opts.strategy: 0
2020/01/23-06:28:42.452816 7f3d3bcfc700         Options.compression_opts.max_dict_bytes: 0
2020/01/23-06:28:42.452818 7f3d3bcfc700         Options.compression_opts.zstd_max_train_bytes: 0
2020/01/23-06:28:42.452820 7f3d3bcfc700                  Options.compression_opts.enabled: false
2020/01/23-06:28:42.452823 7f3d3bcfc700      Options.level0_file_num_compaction_trigger: 4
2020/01/23-06:28:42.452825 7f3d3bcfc700          Options.level0_slowdown_writes_trigger: 20
2020/01/23-06:28:42.452827 7f3d3bcfc700              Options.level0_stop_writes_trigger: 36
2020/01/23-06:28:42.452829 7f3d3bcfc700                   Options.target_file_size_base: 67108864
2020/01/23-06:28:42.452831 7f3d3bcfc700             Options.target_file_size_multiplier: 1
2020/01/23-06:28:42.452833 7f3d3bcfc700                Options.max_bytes_for_level_base: 536870912
2020/01/23-06:28:42.452854 7f3d3bcfc700 Options.level_compaction_dynamic_level_bytes: 1
2020/01/23-06:28:42.452857 7f3d3bcfc700          Options.max_bytes_for_level_multiplier: 8.000000
2020/01/23-06:28:42.452861 7f3d3bcfc700 Options.max_bytes_for_level_multiplier_addtl[0]: 1
2020/01/23-06:28:42.452864 7f3d3bcfc700 Options.max_bytes_for_level_multiplier_addtl[1]: 1
2020/01/23-06:28:42.452866 7f3d3bcfc700 Options.max_bytes_for_level_multiplier_addtl[2]: 1
2020/01/23-06:28:42.452868 7f3d3bcfc700 Options.max_bytes_for_level_multiplier_addtl[3]: 1
2020/01/23-06:28:42.452870 7f3d3bcfc700 Options.max_bytes_for_level_multiplier_addtl[4]: 1
2020/01/23-06:28:42.452872 7f3d3bcfc700 Options.max_bytes_for_level_multiplier_addtl[5]: 1
2020/01/23-06:28:42.452875 7f3d3bcfc700 Options.max_bytes_for_level_multiplier_addtl[6]: 1
2020/01/23-06:28:42.452877 7f3d3bcfc700       Options.max_sequential_skip_in_iterations: 8
2020/01/23-06:28:42.452879 7f3d3bcfc700                    Options.max_compaction_bytes: 1677721600
2020/01/23-06:28:42.452881 7f3d3bcfc700                        Options.arena_block_size: 16777216
2020/01/23-06:28:42.452883 7f3d3bcfc700   Options.soft_pending_compaction_bytes_limit: 68719476736
2020/01/23-06:28:42.452886 7f3d3bcfc700   Options.hard_pending_compaction_bytes_limit: 274877906944
2020/01/23-06:28:42.452888 7f3d3bcfc700       Options.rate_limit_delay_max_milliseconds: 100
2020/01/23-06:28:42.452890 7f3d3bcfc700                Options.disable_auto_compactions: 0
2020/01/23-06:28:42.452892 7f3d3bcfc700                      Options.allow_trivial_move: 0
2020/01/23-06:28:42.452894 7f3d3bcfc700                      Options.vlog_direct_IO: 0
2020/01/23-06:28:42.452897 7f3d3bcfc700               Options.compaction_score_limit_L0: 1000.000000
2020/01/23-06:28:42.452902 7f3d3bcfc700                     Options.min_indirect_val_size[0]: 24
2020/01/23-06:28:42.452904 7f3d3bcfc700       Options.fraction_remapped_during_compaction[0]: 20
2020/01/23-06:28:42.452907 7f3d3bcfc700 Options.fraction_remapped_during_active_recycling[0]: 15
2020/01/23-06:28:42.452909 7f3d3bcfc700    Options.fragmentation_active_recycling_trigger[0]: 25
2020/01/23-06:28:42.452911 7f3d3bcfc700     Options.fragmentation_active_recycling_klaxon[0]: 50
2020/01/23-06:28:42.452913 7f3d3bcfc700                Options.active_recycling_sst_minct[0]: 5
2020/01/23-06:28:42.452916 7f3d3bcfc700                Options.active_recycling_sst_maxct[0]: 15
2020/01/23-06:28:42.452918 7f3d3bcfc700       Options.active_recycling_vlogfile_freed_min[0]: 7
2020/01/23-06:28:42.452920 7f3d3bcfc700    Options.active_recycling_size_trigger[0]: 1073741824
2020/01/23-06:28:42.452923 7f3d3bcfc700                         Options.vlogfile_max_size[0]: 16777216
2020/01/23-06:28:42.452925 7f3d3bcfc700          Options.compaction_picker_age_importance[0]: 100
2020/01/23-06:28:42.452928 7f3d3bcfc700                    Options.ring_compression_style[0]: Zlib
2020/01/23-06:28:42.452933 7f3d3bcfc700                        Options.compaction_style: kCompactionStyleLevel
2020/01/23-06:28:42.452937 7f3d3bcfc700                          Options.compaction_pri: kMinOverlappingRatio
2020/01/23-06:28:42.452939 7f3d3bcfc700 Options.compaction_options_universal.size_ratio: 1
2020/01/23-06:28:42.452941 7f3d3bcfc700 Options.compaction_options_universal.min_merge_width: 2
2020/01/23-06:28:42.452944 7f3d3bcfc700 Options.compaction_options_universal.max_merge_width: 4294967295
2020/01/23-06:28:42.452946 7f3d3bcfc700 Options.compaction_options_universal.max_size_amplification_percent: 200
2020/01/23-06:28:42.452948 7f3d3bcfc700 Options.compaction_options_universal.compression_size_percent: -1
2020/01/23-06:28:42.452951 7f3d3bcfc700 Options.compaction_options_universal.stop_style: kCompactionStopStyleTotalSize
2020/01/23-06:28:42.452954 7f3d3bcfc700 Options.compaction_options_fifo.max_table_files_size: 1073741824
2020/01/23-06:28:42.452956 7f3d3bcfc700 Options.compaction_options_fifo.allow_compaction: 0
2020/01/23-06:28:42.452958 7f3d3bcfc700                   Options.table_properties_collectors: 
2020/01/23-06:28:42.452974 7f3d3bcfc700                   Options.inplace_update_support: 0
2020/01/23-06:28:42.452977 7f3d3bcfc700                 Options.inplace_update_num_locks: 10000
2020/01/23-06:28:42.452979 7f3d3bcfc700               Options.memtable_prefix_bloom_size_ratio: 0.000000
2020/01/23-06:28:42.452983 7f3d3bcfc700               Options.memtable_whole_key_filtering: 0
2020/01/23-06:28:42.452985 7f3d3bcfc700   Options.memtable_huge_page_size: 0
2020/01/23-06:28:42.452987 7f3d3bcfc700                           Options.bloom_locality: 0
2020/01/23-06:28:42.452989 7f3d3bcfc700                    Options.max_successive_merges: 0
2020/01/23-06:28:42.452992 7f3d3bcfc700                Options.optimize_filters_for_hits: 0
2020/01/23-06:28:42.452994 7f3d3bcfc700                Options.paranoid_file_checks: 0
2020/01/23-06:28:42.452996 7f3d3bcfc700                Options.force_consistency_checks: 0
2020/01/23-06:28:42.452998 7f3d3bcfc700                Options.report_bg_io_stats: 0
2020/01/23-06:28:42.453001 7f3d3bcfc700                               Options.ttl: 0
2020/01/23-06:28:42.454854 7f3d3bcfc700 [/version_set.cc:3959] Recovered from manifest file:/mnt/sdb/mbwu-rocksdb-data/MANIFEST-000001 succeeded,manifest_file_number is 1, next_file_number is 3, last_sequence is 0, log_number is 0,prev_log_number is 0,max_column_family is 0,min_log_number_to_keep is 0
2020/01/23-06:28:42.454869 7f3d3bcfc700 [/version_set.cc:3968] Column family [default] (ID 0), log number is 0
2020/01/23-06:28:42.455394 7f3d3bcfc700 [/version_set.cc:3196] Creating manifest 4
2020/01/23-06:28:42.527705 7f3d3bcfc700 [/column_family.cc:698] --------------- Options for column family [usertable]:
2020/01/23-06:28:42.527714 7f3d3bcfc700               Options.comparator: leveldb.BytewiseComparator
2020/01/23-06:28:42.527717 7f3d3bcfc700           Options.merge_operator: None
2020/01/23-06:28:42.527720 7f3d3bcfc700        Options.compaction_filter: None
2020/01/23-06:28:42.527722 7f3d3bcfc700        Options.compaction_filter_factory: None
2020/01/23-06:28:42.527724 7f3d3bcfc700         Options.memtable_factory: SkipListFactory
2020/01/23-06:28:42.527727 7f3d3bcfc700            Options.table_factory: BlockBasedTable
2020/01/23-06:28:42.527773 7f3d3bcfc700            table_factory options:   flush_block_policy_factory: FlushBlockBySizePolicyFactory (0x7f3c8c0afba0)
  cache_index_and_filter_blocks: 0
  cache_index_and_filter_blocks_with_high_priority: 0
  pin_l0_filter_and_index_blocks_in_cache: 0
  pin_top_level_index_and_filter: 1
  index_type: 0
  data_block_index_type: 0
  data_block_hash_table_util_ratio: 0.750000
  hash_index_allow_collision: 1
  checksum: 1
  no_block_cache: 0
  block_cache: 0x7f3c8c0b17e0
  block_cache_name: LRUCache
  block_cache_options:
    capacity : 8388608
    num_shard_bits : 4
    strict_capacity_limit : 0
    memory_allocator : None
    high_pri_pool_ratio: 0.000
  block_cache_compressed: (nil)
  persistent_cache: (nil)
  block_size: 8192
  block_size_deviation: 10
  block_restart_interval: 16
  index_block_restart_interval: 1
  metadata_block_size: 4096
  partition_filters: 0
  use_delta_encoding: 1
  filter_policy: nullptr
  whole_key_filtering: 1
  verify_compression: 0
  read_amp_bytes_per_bit: 0
  format_version: 2
  enable_index_compression: 1
  block_align: 0
2020/01/23-06:28:42.527778 7f3d3bcfc700        Options.write_buffer_size: 134217728
2020/01/23-06:28:42.527781 7f3d3bcfc700  Options.max_write_buffer_number: 8
2020/01/23-06:28:42.527784 7f3d3bcfc700        Options.compression[0]: NoCompression
2020/01/23-06:28:42.527786 7f3d3bcfc700        Options.compression[1]: NoCompression
2020/01/23-06:28:42.527789 7f3d3bcfc700        Options.compression[2]: Snappy
2020/01/23-06:28:42.527792 7f3d3bcfc700        Options.compression[3]: Snappy
2020/01/23-06:28:42.527794 7f3d3bcfc700        Options.compression[4]: Snappy
2020/01/23-06:28:42.527796 7f3d3bcfc700        Options.compression[5]: Snappy
2020/01/23-06:28:42.527798 7f3d3bcfc700        Options.compression[6]: Snappy
2020/01/23-06:28:42.527801 7f3d3bcfc700                  Options.bottommost_compression: Disabled
2020/01/23-06:28:42.527803 7f3d3bcfc700       Options.prefix_extractor: nullptr
2020/01/23-06:28:42.527805 7f3d3bcfc700   Options.memtable_insert_with_hint_prefix_extractor: nullptr
2020/01/23-06:28:42.527807 7f3d3bcfc700             Options.num_levels: 6
2020/01/23-06:28:42.527809 7f3d3bcfc700        Options.min_write_buffer_number_to_merge: 2
2020/01/23-06:28:42.527812 7f3d3bcfc700     Options.max_write_buffer_number_to_maintain: 0
2020/01/23-06:28:42.527814 7f3d3bcfc700            Options.bottommost_compression_opts.window_bits: -14
2020/01/23-06:28:42.527816 7f3d3bcfc700                  Options.bottommost_compression_opts.level: 32767
2020/01/23-06:28:42.527818 7f3d3bcfc700               Options.bottommost_compression_opts.strategy: 0
2020/01/23-06:28:42.527821 7f3d3bcfc700         Options.bottommost_compression_opts.max_dict_bytes: 0
2020/01/23-06:28:42.527823 7f3d3bcfc700         Options.bottommost_compression_opts.zstd_max_train_bytes: 0
2020/01/23-06:28:42.527825 7f3d3bcfc700                  Options.bottommost_compression_opts.enabled: false
2020/01/23-06:28:42.527827 7f3d3bcfc700            Options.compression_opts.window_bits: -14
2020/01/23-06:28:42.527830 7f3d3bcfc700                  Options.compression_opts.level: 32767
2020/01/23-06:28:42.527832 7f3d3bcfc700               Options.compression_opts.strategy: 0
2020/01/23-06:28:42.527834 7f3d3bcfc700         Options.compression_opts.max_dict_bytes: 0
2020/01/23-06:28:42.527836 7f3d3bcfc700         Options.compression_opts.zstd_max_train_bytes: 0
2020/01/23-06:28:42.527867 7f3d3bcfc700                  Options.compression_opts.enabled: false
2020/01/23-06:28:42.527871 7f3d3bcfc700      Options.level0_file_num_compaction_trigger: 4
2020/01/23-06:28:42.527873 7f3d3bcfc700          Options.level0_slowdown_writes_trigger: 20
2020/01/23-06:28:42.527875 7f3d3bcfc700              Options.level0_stop_writes_trigger: 36
2020/01/23-06:28:42.527877 7f3d3bcfc700                   Options.target_file_size_base: 67108864
2020/01/23-06:28:42.527879 7f3d3bcfc700             Options.target_file_size_multiplier: 1
2020/01/23-06:28:42.527882 7f3d3bcfc700                Options.max_bytes_for_level_base: 536870912
2020/01/23-06:28:42.527884 7f3d3bcfc700 Options.level_compaction_dynamic_level_bytes: 1
2020/01/23-06:28:42.527886 7f3d3bcfc700          Options.max_bytes_for_level_multiplier: 8.000000
2020/01/23-06:28:42.527890 7f3d3bcfc700 Options.max_bytes_for_level_multiplier_addtl[0]: 1
2020/01/23-06:28:42.527893 7f3d3bcfc700 Options.max_bytes_for_level_multiplier_addtl[1]: 1
2020/01/23-06:28:42.527895 7f3d3bcfc700 Options.max_bytes_for_level_multiplier_addtl[2]: 1
2020/01/23-06:28:42.527898 7f3d3bcfc700 Options.max_bytes_for_level_multiplier_addtl[3]: 1
2020/01/23-06:28:42.527900 7f3d3bcfc700 Options.max_bytes_for_level_multiplier_addtl[4]: 1
2020/01/23-06:28:42.527902 7f3d3bcfc700 Options.max_bytes_for_level_multiplier_addtl[5]: 1
2020/01/23-06:28:42.527904 7f3d3bcfc700 Options.max_bytes_for_level_multiplier_addtl[6]: 1
2020/01/23-06:28:42.527906 7f3d3bcfc700       Options.max_sequential_skip_in_iterations: 8
2020/01/23-06:28:42.527908 7f3d3bcfc700                    Options.max_compaction_bytes: 1677721600
2020/01/23-06:28:42.527910 7f3d3bcfc700                        Options.arena_block_size: 16777216
2020/01/23-06:28:42.527913 7f3d3bcfc700   Options.soft_pending_compaction_bytes_limit: 68719476736
2020/01/23-06:28:42.527915 7f3d3bcfc700   Options.hard_pending_compaction_bytes_limit: 274877906944
2020/01/23-06:28:42.527917 7f3d3bcfc700       Options.rate_limit_delay_max_milliseconds: 100
2020/01/23-06:28:42.527919 7f3d3bcfc700                Options.disable_auto_compactions: 0
2020/01/23-06:28:42.527921 7f3d3bcfc700                      Options.allow_trivial_move: 0
2020/01/23-06:28:42.527923 7f3d3bcfc700                      Options.vlog_direct_IO: 0
2020/01/23-06:28:42.527926 7f3d3bcfc700               Options.compaction_score_limit_L0: 1000.000000
2020/01/23-06:28:42.527930 7f3d3bcfc700                     Options.min_indirect_val_size[0]: 24
2020/01/23-06:28:42.527933 7f3d3bcfc700       Options.fraction_remapped_during_compaction[0]: 20
2020/01/23-06:28:42.527935 7f3d3bcfc700 Options.fraction_remapped_during_active_recycling[0]: 15
2020/01/23-06:28:42.527938 7f3d3bcfc700    Options.fragmentation_active_recycling_trigger[0]: 25
2020/01/23-06:28:42.527940 7f3d3bcfc700     Options.fragmentation_active_recycling_klaxon[0]: 50
2020/01/23-06:28:42.527942 7f3d3bcfc700                Options.active_recycling_sst_minct[0]: 5
2020/01/23-06:28:42.527944 7f3d3bcfc700                Options.active_recycling_sst_maxct[0]: 15
2020/01/23-06:28:42.527947 7f3d3bcfc700       Options.active_recycling_vlogfile_freed_min[0]: 7
2020/01/23-06:28:42.527949 7f3d3bcfc700    Options.active_recycling_size_trigger[0]: 1073741824
2020/01/23-06:28:42.527951 7f3d3bcfc700                         Options.vlogfile_max_size[0]: 16777216
2020/01/23-06:28:42.527954 7f3d3bcfc700          Options.compaction_picker_age_importance[0]: 100
2020/01/23-06:28:42.527956 7f3d3bcfc700                    Options.ring_compression_style[0]: Zlib
2020/01/23-06:28:42.527960 7f3d3bcfc700                        Options.compaction_style: kCompactionStyleLevel
2020/01/23-06:28:42.527964 7f3d3bcfc700                          Options.compaction_pri: kMinOverlappingRatio
2020/01/23-06:28:42.527966 7f3d3bcfc700 Options.compaction_options_universal.size_ratio: 1
2020/01/23-06:28:42.527968 7f3d3bcfc700 Options.compaction_options_universal.min_merge_width: 2
2020/01/23-06:28:42.527970 7f3d3bcfc700 Options.compaction_options_universal.max_merge_width: 4294967295
2020/01/23-06:28:42.527988 7f3d3bcfc700 Options.compaction_options_universal.max_size_amplification_percent: 200
2020/01/23-06:28:42.527991 7f3d3bcfc700 Options.compaction_options_universal.compression_size_percent: -1
2020/01/23-06:28:42.527994 7f3d3bcfc700 Options.compaction_options_universal.stop_style: kCompactionStopStyleTotalSize
2020/01/23-06:28:42.527997 7f3d3bcfc700 Options.compaction_options_fifo.max_table_files_size: 1073741824
2020/01/23-06:28:42.527999 7f3d3bcfc700 Options.compaction_options_fifo.allow_compaction: 0
2020/01/23-06:28:42.528001 7f3d3bcfc700                   Options.table_properties_collectors: 
2020/01/23-06:28:42.528003 7f3d3bcfc700                   Options.inplace_update_support: 0
2020/01/23-06:28:42.528006 7f3d3bcfc700                 Options.inplace_update_num_locks: 10000
2020/01/23-06:28:42.528008 7f3d3bcfc700               Options.memtable_prefix_bloom_size_ratio: 0.000000
2020/01/23-06:28:42.528011 7f3d3bcfc700               Options.memtable_whole_key_filtering: 0
2020/01/23-06:28:42.528013 7f3d3bcfc700   Options.memtable_huge_page_size: 0
2020/01/23-06:28:42.528015 7f3d3bcfc700                           Options.bloom_locality: 0
2020/01/23-06:28:42.528018 7f3d3bcfc700                    Options.max_successive_merges: 0
2020/01/23-06:28:42.528020 7f3d3bcfc700                Options.optimize_filters_for_hits: 0
2020/01/23-06:28:42.528022 7f3d3bcfc700                Options.paranoid_file_checks: 0
2020/01/23-06:28:42.528024 7f3d3bcfc700                Options.force_consistency_checks: 0
2020/01/23-06:28:42.528026 7f3d3bcfc700                Options.report_bg_io_stats: 0
2020/01/23-06:28:42.528028 7f3d3bcfc700                               Options.ttl: 0
2020/01/23-06:28:42.528144 7f3d3bcfc700 [/db_impl.cc:1821] Created column family [usertable] (ID 1)
2020/01/23-06:28:42.613084 7f3d3bcfc700 DB pointer 0x7f3c8c0ad380
2020/01/23-06:28:42.613902 7f3babff7700 [/db_impl.cc:777] ------- DUMPING STATS -------
2020/01/23-06:28:42.614043 7f3babff7700 [/db_impl.cc:778] 
** DB Stats **
Uptime(secs): 0.2 total, 0.2 interval
Cumulative writes: 0 writes, 0 keys, 0 commit groups, 0.0 writes per commit group, ingest: 0.00 GB, 0.00 MB/s
Cumulative WAL: 0 writes, 0 syncs, 0.00 writes per sync, written: 0.00 GB, 0.00 MB/s
Cumulative stall: 00:00:0.000 H:M:S, 0.0 percent
Interval writes: 0 writes, 0 keys, 0 commit groups, 0.0 writes per commit group, ingest: 0.00 MB, 0.00 MB/s
Interval WAL: 0 writes, 0 syncs, 0.00 writes per sync, written: 0.00 MB, 0.00 MB/s
Interval stall: 00:00:0.000 H:M:S, 0.0 percent

** Compaction Stats [default] **
Level    Files   Size     Score Read(GB)  Rn(GB) Rnp1(GB) Write(GB) Wnew(GB) Moved(GB) W-Amp Rd(MB/s) Wr(MB/s) Comp(sec) CompMergeCPU(sec) Comp(cnt) Avg(sec) KeyIn KeyDropWVCmp(GB) WVRaw(GB) WVRemap(GB) WVFiles
-------------------------------------------------------------------------------------------------------------------------------------------------------------------------------------------------------------------
 Sum      0/0    0.00 KB   0.0      0.0     0.0      0.0       0.0      0.0       0.0   0.0      0.0      0.0      0.00              0.00         0    0.000       0      0      0.0      0.0        0.0       0
 Int      0/0    0.00 KB   0.0      0.0     0.0      0.0       0.0      0.0       0.0   0.0      0.0      0.0      0.00              0.00         0    0.000       0      0      0.0      0.0        0.0       0

** Compaction Stats [default] **
Priority    Files   Size     Score Read(GB)  Rn(GB) Rnp1(GB) Write(GB) Wnew(GB) Moved(GB) W-Amp Rd(MB/s) Wr(MB/s) Comp(sec) CompMergeCPU(sec) Comp(cnt) Avg(sec) KeyIn KeyDropWVCmp(GB) WVRaw(GB) WVRemap(GB) WVFiles
----------------------------------------------------------------------------------------------------------------------------------------------------------------------------------------------------------------------
Uptime(secs): 0.2 total, 0.2 interval
Flush(GB): cumulative 0.000, interval 0.000
AddFile(GB): cumulative 0.000, interval 0.000
AddFile(Total Files): cumulative 0, interval 0
AddFile(L0 Files): cumulative 0, interval 0
AddFile(Keys): cumulative 0, interval 0
Cumulative compaction: 0.00 GB write, 0.00 MB/s write, 0.00 GB read, 0.00 MB/s read, 0.0 seconds
Interval compaction: 0.00 GB write, 0.00 MB/s write, 0.00 GB read, 0.00 MB/s read, 0.0 seconds
Stalls(count): 0 level0_slowdown, 0 level0_slowdown_with_compaction, 0 level0_numfiles, 0 level0_numfiles_with_compaction, 0 stop for pending_compaction_bytes, 0 slowdown for pending_compaction_bytes, 0 memtable_compaction, 0 memtable_slowdown, interval 0 total count

** Compaction Ring Stats [default] **
Ring  Files   Size  Frag(%)
----------------------------
 Sum        0  0.00 KB  -nan 
VLog Read Latency over 0 reads with average length 0:   0.000 usec
VLog Decompress Latency over 0 reads with average length 0:   0.000 usec

** File Read Latency Histogram By Level [default] **

** Compaction Stats [usertable] **
Level    Files   Size     Score Read(GB)  Rn(GB) Rnp1(GB) Write(GB) Wnew(GB) Moved(GB) W-Amp Rd(MB/s) Wr(MB/s) Comp(sec) CompMergeCPU(sec) Comp(cnt) Avg(sec) KeyIn KeyDropWVCmp(GB) WVRaw(GB) WVRemap(GB) WVFiles
-------------------------------------------------------------------------------------------------------------------------------------------------------------------------------------------------------------------
 Sum      0/0    0.00 KB   0.0      0.0     0.0      0.0       0.0      0.0       0.0   0.0      0.0      0.0      0.00              0.00         0    0.000       0      0      0.0      0.0        0.0       0
 Int      0/0    0.00 KB   0.0      0.0     0.0      0.0       0.0      0.0       0.0   0.0      0.0      0.0      0.00              0.00         0    0.000       0      0      0.0      0.0        0.0       0

** Compaction Stats [usertable] **
Priority    Files   Size     Score Read(GB)  Rn(GB) Rnp1(GB) Write(GB) Wnew(GB) Moved(GB) W-Amp Rd(MB/s) Wr(MB/s) Comp(sec) CompMergeCPU(sec) Comp(cnt) Avg(sec) KeyIn KeyDropWVCmp(GB) WVRaw(GB) WVRemap(GB) WVFiles
----------------------------------------------------------------------------------------------------------------------------------------------------------------------------------------------------------------------
Uptime(secs): 0.1 total, 0.1 interval
Flush(GB): cumulative 0.000, interval 0.000
AddFile(GB): cumulative 0.000, interval 0.000
AddFile(Total Files): cumulative 0, interval 0
AddFile(L0 Files): cumulative 0, interval 0
AddFile(Keys): cumulative 0, interval 0
Cumulative compaction: 0.00 GB write, 0.00 MB/s write, 0.00 GB read, 0.00 MB/s read, 0.0 seconds
Interval compaction: 0.00 GB write, 0.00 MB/s write, 0.00 GB read, 0.00 MB/s read, 0.0 seconds
Stalls(count): 0 level0_slowdown, 0 level0_slowdown_with_compaction, 0 level0_numfiles, 0 level0_numfiles_with_compaction, 0 stop for pending_compaction_bytes, 0 slowdown for pending_compaction_bytes, 0 memtable_compaction, 0 memtable_slowdown, interval 0 total count

** Compaction Ring Stats [usertable] **
Ring  Files   Size  Frag(%)
----------------------------
 Sum        0  0.00 KB  -nan 
VLog Read Latency over 0 reads with average length 0:   0.000 usec
VLog Decompress Latency over 0 reads with average length 0:   0.000 usec

** File Read Latency Histogram By Level [usertable] **

** Compaction Stats [default] **
Level    Files   Size     Score Read(GB)  Rn(GB) Rnp1(GB) Write(GB) Wnew(GB) Moved(GB) W-Amp Rd(MB/s) Wr(MB/s) Comp(sec) CompMergeCPU(sec) Comp(cnt) Avg(sec) KeyIn KeyDropWVCmp(GB) WVRaw(GB) WVRemap(GB) WVFiles
-------------------------------------------------------------------------------------------------------------------------------------------------------------------------------------------------------------------
 Sum      0/0    0.00 KB   0.0      0.0     0.0      0.0       0.0      0.0       0.0   0.0      0.0      0.0      0.00              0.00         0    0.000       0      0      0.0      0.0        0.0       0
 Int      0/0    0.00 KB   0.0      0.0     0.0      0.0       0.0      0.0       0.0   0.0      0.0      0.0      0.00              0.00         0    0.000       0      0      0.0      0.0        0.0       0

** Compaction Stats [default] **
Priority    Files   Size     Score Read(GB)  Rn(GB) Rnp1(GB) Write(GB) Wnew(GB) Moved(GB) W-Amp Rd(MB/s) Wr(MB/s) Comp(sec) CompMergeCPU(sec) Comp(cnt) Avg(sec) KeyIn KeyDropWVCmp(GB) WVRaw(GB) WVRemap(GB) WVFiles
----------------------------------------------------------------------------------------------------------------------------------------------------------------------------------------------------------------------
Uptime(secs): 0.2 total, 0.0 interval
Flush(GB): cumulative 0.000, interval 0.000
AddFile(GB): cumulative 0.000, interval 0.000
AddFile(Total Files): cumulative 0, interval 0
AddFile(L0 Files): cumulative 0, interval 0
AddFile(Keys): cumulative 0, interval 0
Cumulative compaction: 0.00 GB write, 0.00 MB/s write, 0.00 GB read, 0.00 MB/s read, 0.0 seconds
Interval compaction: 0.00 GB write, 0.00 MB/s write, 0.00 GB read, 0.00 MB/s read, 0.0 seconds
Stalls(count): 0 level0_slowdown, 0 level0_slowdown_with_compaction, 0 level0_numfiles, 0 level0_numfiles_with_compaction, 0 stop for pending_compaction_bytes, 0 slowdown for pending_compaction_bytes, 0 memtable_compaction, 0 memtable_slowdown, interval 0 total count

** Compaction Ring Stats [default] **
Ring  Files   Size  Frag(%)
----------------------------
 Sum        0  0.00 KB  -nan 
VLog Read Latency over 0 reads with average length 0:   0.000 usec
VLog Decompress Latency over 0 reads with average length 0:   0.000 usec

** File Read Latency Histogram By Level [default] **

** Compaction Stats [usertable] **
Level    Files   Size     Score Read(GB)  Rn(GB) Rnp1(GB) Write(GB) Wnew(GB) Moved(GB) W-Amp Rd(MB/s) Wr(MB/s) Comp(sec) CompMergeCPU(sec) Comp(cnt) Avg(sec) KeyIn KeyDropWVCmp(GB) WVRaw(GB) WVRemap(GB) WVFiles
-------------------------------------------------------------------------------------------------------------------------------------------------------------------------------------------------------------------
 Sum      0/0    0.00 KB   0.0      0.0     0.0      0.0       0.0      0.0       0.0   0.0      0.0      0.0      0.00              0.00         0    0.000       0      0      0.0      0.0        0.0       0
 Int      0/0    0.00 KB   0.0      0.0     0.0      0.0       0.0      0.0       0.0   0.0      0.0      0.0      0.00              0.00         0    0.000       0      0      0.0      0.0        0.0       0

** Compaction Stats [usertable] **
Priority    Files   Size     Score Read(GB)  Rn(GB) Rnp1(GB) Write(GB) Wnew(GB) Moved(GB) W-Amp Rd(MB/s) Wr(MB/s) Comp(sec) CompMergeCPU(sec) Comp(cnt) Avg(sec) KeyIn KeyDropWVCmp(GB) WVRaw(GB) WVRemap(GB) WVFiles
----------------------------------------------------------------------------------------------------------------------------------------------------------------------------------------------------------------------
Uptime(secs): 0.1 total, 0.0 interval
Flush(GB): cumulative 0.000, interval 0.000
AddFile(GB): cumulative 0.000, interval 0.000
AddFile(Total Files): cumulative 0, interval 0
AddFile(L0 Files): cumulative 0, interval 0
AddFile(Keys): cumulative 0, interval 0
Cumulative compaction: 0.00 GB write, 0.00 MB/s write, 0.00 GB read, 0.00 MB/s read, 0.0 seconds
Interval compaction: 0.00 GB write, 0.00 MB/s write, 0.00 GB read, 0.00 MB/s read, 0.0 seconds
Stalls(count): 0 level0_slowdown, 0 level0_slowdown_with_compaction, 0 level0_numfiles, 0 level0_numfiles_with_compaction, 0 stop for pending_compaction_bytes, 0 slowdown for pending_compaction_bytes, 0 memtable_compaction, 0 memtable_slowdown, interval 0 total count

** Compaction Ring Stats [usertable] **
Ring  Files   Size  Frag(%)
----------------------------
 Sum        0  0.00 KB  -nan 
VLog Read Latency over 0 reads with average length 0:   0.000 usec
VLog Decompress Latency over 0 reads with average length 0:   0.000 usec

** File Read Latency Histogram By Level [usertable] **
2020/01/23-06:28:51.408074 7f3d305f6700 [/db_impl_write.cc:1470] [usertable] New memtable created with log file: #9. Immutable memtables: 0.
2020/01/23-06:29:00.188771 7f3c4c3f4700 [/db_impl_write.cc:1470] [usertable] New memtable created with log file: #10. Immutable memtables: 1.
2020/01/23-06:29:00.189924 7f3bd97fa700 [/db_impl_compaction_flush.cc:108] [JOB 47] Syncing log #3
2020/01/23-06:29:00.437263 7f3bd97fa700 [/db_impl_compaction_flush.cc:108] [JOB 47] Syncing log #9
2020/01/23-06:29:00.946774 7f3bd97fa700 (Original Log Time 2020/01/23-06:29:00.189695) [/db_impl_compaction_flush.cc:2087] Calling FlushMemTableToOutputFile with column family [usertable], flush slots available 24, compaction slots available 1, flush slots scheduled 24, compaction slots scheduled 0
2020/01/23-06:29:00.946809 7f3bd97fa700 [/flush_job.cc:325] [usertable] [JOB 47] Flushing memtable with next log file: 9
2020/01/23-06:29:00.946842 7f3bd97fa700 [/flush_job.cc:325] [usertable] [JOB 47] Flushing memtable with next log file: 10
2020/01/23-06:29:00.947047 7f3bd97fa700 EVENT_LOG_v1 {"time_micros": 1579789740947003, "job": 47, "event": "flush_started", "num_memtables": 2, "num_entries": 61492, "num_deletes": 0, "total_data_size": 253531516, "memory_usage": 260120224, "flush_reason": "Write Buffer Full"}
2020/01/23-06:29:00.947085 7f3bd97fa700 [/flush_job.cc:354] [usertable] [JOB 47] Level-0 flush table #11: started
