2020/01/23-05:51:22.248324 7f51e89f8700 RocksDB version: 6.1.2
2020/01/23-05:51:22.248451 7f51e89f8700 Git sha rocksdb_build_git_sha:4f1920556570c04d306d3ff0aa9a33db259bb8f0
2020/01/23-05:51:22.248458 7f51e89f8700 Compile date Jan  7 2020
2020/01/23-05:51:22.248483 7f51e89f8700 DB SUMMARY
2020/01/23-05:51:22.249433 7f51e89f8700 CURRENT file:  CURRENT
2020/01/23-05:51:22.249443 7f51e89f8700 IDENTITY file:  IDENTITY
2020/01/23-05:51:22.249485 7f51e89f8700 MANIFEST file:  MANIFEST-000004 size: 109892 Bytes
2020/01/23-05:51:22.249492 7f51e89f8700 SST files in /mnt/sdb/mbwu-rocksdb-data dir, Total Num: 607, files: 000011.sst 000014.sst 000017.sst 000027.sst 000028.sst 000029.sst 000030.sst 000031.sst 000032.sst 
2020/01/23-05:51:22.249496 7f51e89f8700 Write Ahead Log file in /mnt/sdb/mbwu-rocksdb-data: 001138.log size: 127262801 ; 001140.log size: 85998268 ; 
2020/01/23-05:51:22.249510 7f51e89f8700                         Options.error_if_exists: 0
2020/01/23-05:51:22.249513 7f51e89f8700                       Options.create_if_missing: 1
2020/01/23-05:51:22.249516 7f51e89f8700                         Options.paranoid_checks: 1
2020/01/23-05:51:22.249518 7f51e89f8700                                     Options.env: 0x7f51c48f8ba0
2020/01/23-05:51:22.249521 7f51e89f8700                                Options.info_log: 0x7f51440c6200
2020/01/23-05:51:22.249523 7f51e89f8700                Options.max_file_opening_threads: 16
2020/01/23-05:51:22.249525 7f51e89f8700                              Options.statistics: (nil)
2020/01/23-05:51:22.249529 7f51e89f8700                               Options.use_fsync: 0
2020/01/23-05:51:22.249531 7f51e89f8700                       Options.max_log_file_size: 0
2020/01/23-05:51:22.249534 7f51e89f8700                  Options.max_manifest_file_size: 1073741824
2020/01/23-05:51:22.249536 7f51e89f8700                   Options.log_file_time_to_roll: 0
2020/01/23-05:51:22.249539 7f51e89f8700                       Options.keep_log_file_num: 1000
2020/01/23-05:51:22.249541 7f51e89f8700                    Options.recycle_log_file_num: 0
2020/01/23-05:51:22.249543 7f51e89f8700                         Options.allow_fallocate: 1
2020/01/23-05:51:22.249546 7f51e89f8700                        Options.allow_mmap_reads: 0
2020/01/23-05:51:22.249548 7f51e89f8700                       Options.allow_mmap_writes: 0
2020/01/23-05:51:22.249550 7f51e89f8700                        Options.use_direct_reads: 0
2020/01/23-05:51:22.249552 7f51e89f8700                        Options.use_direct_io_for_flush_and_compaction: 0
2020/01/23-05:51:22.249555 7f51e89f8700          Options.create_missing_column_families: 1
2020/01/23-05:51:22.249557 7f51e89f8700                              Options.db_log_dir: 
2020/01/23-05:51:22.249560 7f51e89f8700                                 Options.wal_dir: /mnt/sdb/mbwu-rocksdb-data
2020/01/23-05:51:22.249562 7f51e89f8700                Options.table_cache_numshardbits: 6
2020/01/23-05:51:22.249565 7f51e89f8700                      Options.max_subcompactions: 1
2020/01/23-05:51:22.249567 7f51e89f8700                  Options.max_background_flushes: 24
2020/01/23-05:51:22.249569 7f51e89f8700                         Options.WAL_ttl_seconds: 0
2020/01/23-05:51:22.249572 7f51e89f8700                       Options.WAL_size_limit_MB: 0
2020/01/23-05:51:22.249574 7f51e89f8700             Options.manifest_preallocation_size: 4194304
2020/01/23-05:51:22.249577 7f51e89f8700                     Options.is_fd_close_on_exec: 1
2020/01/23-05:51:22.249579 7f51e89f8700                   Options.advise_random_on_open: 1
2020/01/23-05:51:22.249581 7f51e89f8700                    Options.db_write_buffer_size: 0
2020/01/23-05:51:22.249584 7f51e89f8700                    Options.write_buffer_manager: 0x7f51440b7760
2020/01/23-05:51:22.249586 7f51e89f8700         Options.access_hint_on_compaction_start: 1
2020/01/23-05:51:22.249589 7f51e89f8700  Options.new_table_reader_for_compaction_inputs: 0
2020/01/23-05:51:22.249591 7f51e89f8700           Options.random_access_max_buffer_size: 1048576
2020/01/23-05:51:22.249594 7f51e89f8700                      Options.use_adaptive_mutex: 0
2020/01/23-05:51:22.249633 7f51e89f8700                            Options.rate_limiter: (nil)
2020/01/23-05:51:22.249642 7f51e89f8700     Options.sst_file_manager.rate_bytes_per_sec: 0
2020/01/23-05:51:22.249644 7f51e89f8700                       Options.wal_recovery_mode: 2
2020/01/23-05:51:22.249647 7f51e89f8700                  Options.enable_thread_tracking: 0
2020/01/23-05:51:22.249649 7f51e89f8700                  Options.enable_pipelined_write: 0
2020/01/23-05:51:22.249651 7f51e89f8700         Options.allow_concurrent_memtable_write: 1
2020/01/23-05:51:22.249653 7f51e89f8700      Options.enable_write_thread_adaptive_yield: 1
2020/01/23-05:51:22.249656 7f51e89f8700             Options.write_thread_max_yield_usec: 100
2020/01/23-05:51:22.249658 7f51e89f8700            Options.write_thread_slow_yield_usec: 3
2020/01/23-05:51:22.249660 7f51e89f8700                               Options.row_cache: None
2020/01/23-05:51:22.249663 7f51e89f8700                              Options.wal_filter: None
2020/01/23-05:51:22.249665 7f51e89f8700             Options.avoid_flush_during_recovery: 0
2020/01/23-05:51:22.249668 7f51e89f8700             Options.allow_ingest_behind: 0
2020/01/23-05:51:22.249670 7f51e89f8700             Options.preserve_deletes: 0
2020/01/23-05:51:22.249672 7f51e89f8700             Options.two_write_queues: 0
2020/01/23-05:51:22.249675 7f51e89f8700             Options.manual_wal_flush: 0
2020/01/23-05:51:22.249677 7f51e89f8700             Options.atomic_flush: 0
2020/01/23-05:51:22.249679 7f51e89f8700             Options.avoid_unnecessary_blocking_io: 0
2020/01/23-05:51:22.249684 7f51e89f8700             Options.max_background_jobs: 24
2020/01/23-05:51:22.249687 7f51e89f8700             Options.max_background_compactions: 24
2020/01/23-05:51:22.249689 7f51e89f8700             Options.avoid_flush_during_shutdown: 0
2020/01/23-05:51:22.249691 7f51e89f8700           Options.writable_file_max_buffer_size: 1048576
2020/01/23-05:51:22.249694 7f51e89f8700             Options.delayed_write_rate : 16777216
2020/01/23-05:51:22.249696 7f51e89f8700             Options.max_total_wal_size: 0
2020/01/23-05:51:22.249699 7f51e89f8700             Options.delete_obsolete_files_period_micros: 21600000000
2020/01/23-05:51:22.249701 7f51e89f8700                   Options.stats_dump_period_sec: 600
2020/01/23-05:51:22.249704 7f51e89f8700                 Options.stats_persist_period_sec: 600
2020/01/23-05:51:22.249706 7f51e89f8700                 Options.stats_history_buffer_size: 1048576
2020/01/23-05:51:22.249709 7f51e89f8700                          Options.max_open_files: -1
2020/01/23-05:51:22.249711 7f51e89f8700                          Options.bytes_per_sync: 1048576
2020/01/23-05:51:22.249714 7f51e89f8700                      Options.wal_bytes_per_sync: 0
2020/01/23-05:51:22.249716 7f51e89f8700       Options.compaction_readahead_size: 0
2020/01/23-05:51:22.249718 7f51e89f8700 Compression algorithms supported:
2020/01/23-05:51:22.249721 7f51e89f8700 	kZSTDNotFinalCompression supported: 1
2020/01/23-05:51:22.249741 7f51e89f8700 	kZSTD supported: 1
2020/01/23-05:51:22.249744 7f51e89f8700 	kXpressCompression supported: 0
2020/01/23-05:51:22.249747 7f51e89f8700 	kLZ4HCCompression supported: 1
2020/01/23-05:51:22.249750 7f51e89f8700 	kLZ4Compression supported: 1
2020/01/23-05:51:22.249752 7f51e89f8700 	kBZip2Compression supported: 1
2020/01/23-05:51:22.249755 7f51e89f8700 	kZlibCompression supported: 1
2020/01/23-05:51:22.249757 7f51e89f8700 	kSnappyCompression supported: 1
2020/01/23-05:51:22.249766 7f51e89f8700 Fast CRC32 supported: Supported on x86
2020/01/23-05:51:22.250647 7f51e89f8700 [/version_set.cc:3742] Recovering from manifest file: /mnt/sdb/mbwu-rocksdb-data/MANIFEST-000004
2020/01/23-05:51:22.250941 7f51e89f8700 [/column_family.cc:698] --------------- Options for column family [default]:
2020/01/23-05:51:22.250951 7f51e89f8700               Options.comparator: leveldb.BytewiseComparator
2020/01/23-05:51:22.250954 7f51e89f8700           Options.merge_operator: None
2020/01/23-05:51:22.250956 7f51e89f8700        Options.compaction_filter: None
2020/01/23-05:51:22.250987 7f51e89f8700        Options.compaction_filter_factory: None
2020/01/23-05:51:22.250991 7f51e89f8700         Options.memtable_factory: SkipListFactory
2020/01/23-05:51:22.250994 7f51e89f8700            Options.table_factory: BlockBasedTable
2020/01/23-05:51:22.251045 7f51e89f8700            table_factory options:   flush_block_policy_factory: FlushBlockBySizePolicyFactory (0x7f51440b7940)
  cache_index_and_filter_blocks: 0
  cache_index_and_filter_blocks_with_high_priority: 0
  pin_l0_filter_and_index_blocks_in_cache: 0
  pin_top_level_index_and_filter: 1
  index_type: 0
  data_block_index_type: 0
  data_block_hash_table_util_ratio: 0.750000
  hash_index_allow_collision: 1
  checksum: 1
  no_block_cache: 0
  block_cache: 0x7f51440b87f0
  block_cache_name: LRUCache
  block_cache_options:
    capacity : 8388608
    num_shard_bits : 4
    strict_capacity_limit : 0
    memory_allocator : None
    high_pri_pool_ratio: 0.000
  block_cache_compressed: (nil)
  persistent_cache: (nil)
  block_size: 8192
  block_size_deviation: 10
  block_restart_interval: 16
  index_block_restart_interval: 1
  metadata_block_size: 4096
  partition_filters: 0
  use_delta_encoding: 1
  filter_policy: nullptr
  whole_key_filtering: 1
  verify_compression: 0
  read_amp_bytes_per_bit: 0
  format_version: 2
  enable_index_compression: 1
  block_align: 0
2020/01/23-05:51:22.251050 7f51e89f8700        Options.write_buffer_size: 134217728
2020/01/23-05:51:22.251053 7f51e89f8700  Options.max_write_buffer_number: 8
2020/01/23-05:51:22.251056 7f51e89f8700        Options.compression[0]: NoCompression
2020/01/23-05:51:22.251059 7f51e89f8700        Options.compression[1]: NoCompression
2020/01/23-05:51:22.251062 7f51e89f8700        Options.compression[2]: Snappy
2020/01/23-05:51:22.251065 7f51e89f8700        Options.compression[3]: Snappy
2020/01/23-05:51:22.251067 7f51e89f8700        Options.compression[4]: Snappy
2020/01/23-05:51:22.251070 7f51e89f8700        Options.compression[5]: Snappy
2020/01/23-05:51:22.251072 7f51e89f8700        Options.compression[6]: Snappy
2020/01/23-05:51:22.251075 7f51e89f8700                  Options.bottommost_compression: Disabled
2020/01/23-05:51:22.251077 7f51e89f8700       Options.prefix_extractor: nullptr
2020/01/23-05:51:22.251080 7f51e89f8700   Options.memtable_insert_with_hint_prefix_extractor: nullptr
2020/01/23-05:51:22.251082 7f51e89f8700             Options.num_levels: 6
2020/01/23-05:51:22.251085 7f51e89f8700        Options.min_write_buffer_number_to_merge: 2
2020/01/23-05:51:22.251087 7f51e89f8700     Options.max_write_buffer_number_to_maintain: 0
2020/01/23-05:51:22.251089 7f51e89f8700            Options.bottommost_compression_opts.window_bits: -14
2020/01/23-05:51:22.251092 7f51e89f8700                  Options.bottommost_compression_opts.level: 32767
2020/01/23-05:51:22.251095 7f51e89f8700               Options.bottommost_compression_opts.strategy: 0
2020/01/23-05:51:22.251097 7f51e89f8700         Options.bottommost_compression_opts.max_dict_bytes: 0
2020/01/23-05:51:22.251100 7f51e89f8700         Options.bottommost_compression_opts.zstd_max_train_bytes: 0
2020/01/23-05:51:22.251102 7f51e89f8700                  Options.bottommost_compression_opts.enabled: false
2020/01/23-05:51:22.251105 7f51e89f8700            Options.compression_opts.window_bits: -14
2020/01/23-05:51:22.251107 7f51e89f8700                  Options.compression_opts.level: 32767
2020/01/23-05:51:22.251109 7f51e89f8700               Options.compression_opts.strategy: 0
2020/01/23-05:51:22.251112 7f51e89f8700         Options.compression_opts.max_dict_bytes: 0
2020/01/23-05:51:22.251114 7f51e89f8700         Options.compression_opts.zstd_max_train_bytes: 0
2020/01/23-05:51:22.251116 7f51e89f8700                  Options.compression_opts.enabled: false
2020/01/23-05:51:22.251119 7f51e89f8700      Options.level0_file_num_compaction_trigger: 4
2020/01/23-05:51:22.251121 7f51e89f8700          Options.level0_slowdown_writes_trigger: 20
2020/01/23-05:51:22.251124 7f51e89f8700              Options.level0_stop_writes_trigger: 36
2020/01/23-05:51:22.251142 7f51e89f8700                   Options.target_file_size_base: 67108864
2020/01/23-05:51:22.251145 7f51e89f8700             Options.target_file_size_multiplier: 1
2020/01/23-05:51:22.251148 7f51e89f8700                Options.max_bytes_for_level_base: 536870912
2020/01/23-05:51:22.251150 7f51e89f8700 Options.level_compaction_dynamic_level_bytes: 1
2020/01/23-05:51:22.251152 7f51e89f8700          Options.max_bytes_for_level_multiplier: 8.000000
2020/01/23-05:51:22.251157 7f51e89f8700 Options.max_bytes_for_level_multiplier_addtl[0]: 1
2020/01/23-05:51:22.251160 7f51e89f8700 Options.max_bytes_for_level_multiplier_addtl[1]: 1
2020/01/23-05:51:22.251162 7f51e89f8700 Options.max_bytes_for_level_multiplier_addtl[2]: 1
2020/01/23-05:51:22.251164 7f51e89f8700 Options.max_bytes_for_level_multiplier_addtl[3]: 1
2020/01/23-05:51:22.251167 7f51e89f8700 Options.max_bytes_for_level_multiplier_addtl[4]: 1
2020/01/23-05:51:22.251169 7f51e89f8700 Options.max_bytes_for_level_multiplier_addtl[5]: 1
2020/01/23-05:51:22.251171 7f51e89f8700 Options.max_bytes_for_level_multiplier_addtl[6]: 1
2020/01/23-05:51:22.251174 7f51e89f8700       Options.max_sequential_skip_in_iterations: 8
2020/01/23-05:51:22.251176 7f51e89f8700                    Options.max_compaction_bytes: 1677721600
2020/01/23-05:51:22.251179 7f51e89f8700                        Options.arena_block_size: 16777216
2020/01/23-05:51:22.251181 7f51e89f8700   Options.soft_pending_compaction_bytes_limit: 68719476736
2020/01/23-05:51:22.251184 7f51e89f8700   Options.hard_pending_compaction_bytes_limit: 274877906944
2020/01/23-05:51:22.251186 7f51e89f8700       Options.rate_limit_delay_max_milliseconds: 100
2020/01/23-05:51:22.251188 7f51e89f8700                Options.disable_auto_compactions: 0
2020/01/23-05:51:22.251191 7f51e89f8700                      Options.allow_trivial_move: 0
2020/01/23-05:51:22.251193 7f51e89f8700                      Options.vlog_direct_IO: 0
2020/01/23-05:51:22.251195 7f51e89f8700               Options.compaction_score_limit_L0: 1000.000000
2020/01/23-05:51:22.251201 7f51e89f8700                     Options.min_indirect_val_size[0]: 24
2020/01/23-05:51:22.251204 7f51e89f8700       Options.fraction_remapped_during_compaction[0]: 20
2020/01/23-05:51:22.251206 7f51e89f8700 Options.fraction_remapped_during_active_recycling[0]: 15
2020/01/23-05:51:22.251209 7f51e89f8700    Options.fragmentation_active_recycling_trigger[0]: 25
2020/01/23-05:51:22.251211 7f51e89f8700     Options.fragmentation_active_recycling_klaxon[0]: 50
2020/01/23-05:51:22.251214 7f51e89f8700                Options.active_recycling_sst_minct[0]: 5
2020/01/23-05:51:22.251216 7f51e89f8700                Options.active_recycling_sst_maxct[0]: 15
2020/01/23-05:51:22.251218 7f51e89f8700       Options.active_recycling_vlogfile_freed_min[0]: 7
2020/01/23-05:51:22.251221 7f51e89f8700    Options.active_recycling_size_trigger[0]: 1073741824
2020/01/23-05:51:22.251223 7f51e89f8700                         Options.vlogfile_max_size[0]: 16777216
2020/01/23-05:51:22.251226 7f51e89f8700          Options.compaction_picker_age_importance[0]: 100
2020/01/23-05:51:22.251229 7f51e89f8700                    Options.ring_compression_style[0]: Zlib
2020/01/23-05:51:22.251234 7f51e89f8700                        Options.compaction_style: kCompactionStyleLevel
2020/01/23-05:51:22.251238 7f51e89f8700                          Options.compaction_pri: kMinOverlappingRatio
2020/01/23-05:51:22.251240 7f51e89f8700 Options.compaction_options_universal.size_ratio: 1
2020/01/23-05:51:22.251243 7f51e89f8700 Options.compaction_options_universal.min_merge_width: 2
2020/01/23-05:51:22.251245 7f51e89f8700 Options.compaction_options_universal.max_merge_width: 4294967295
2020/01/23-05:51:22.251248 7f51e89f8700 Options.compaction_options_universal.max_size_amplification_percent: 200
2020/01/23-05:51:22.251250 7f51e89f8700 Options.compaction_options_universal.compression_size_percent: -1
2020/01/23-05:51:22.251253 7f51e89f8700 Options.compaction_options_universal.stop_style: kCompactionStopStyleTotalSize
2020/01/23-05:51:22.251274 7f51e89f8700 Options.compaction_options_fifo.max_table_files_size: 1073741824
2020/01/23-05:51:22.251278 7f51e89f8700 Options.compaction_options_fifo.allow_compaction: 0
2020/01/23-05:51:22.251280 7f51e89f8700                   Options.table_properties_collectors: 
2020/01/23-05:51:22.251283 7f51e89f8700                   Options.inplace_update_support: 0
2020/01/23-05:51:22.251285 7f51e89f8700                 Options.inplace_update_num_locks: 10000
2020/01/23-05:51:22.251287 7f51e89f8700               Options.memtable_prefix_bloom_size_ratio: 0.000000
2020/01/23-05:51:22.251291 7f51e89f8700               Options.memtable_whole_key_filtering: 0
2020/01/23-05:51:22.251293 7f51e89f8700   Options.memtable_huge_page_size: 0
2020/01/23-05:51:22.251296 7f51e89f8700                           Options.bloom_locality: 0
2020/01/23-05:51:22.251298 7f51e89f8700                    Options.max_successive_merges: 0
2020/01/23-05:51:22.251301 7f51e89f8700                Options.optimize_filters_for_hits: 0
2020/01/23-05:51:22.251303 7f51e89f8700                Options.paranoid_file_checks: 0
2020/01/23-05:51:22.251306 7f51e89f8700                Options.force_consistency_checks: 0
2020/01/23-05:51:22.251308 7f51e89f8700                Options.report_bg_io_stats: 0
2020/01/23-05:51:22.251310 7f51e89f8700                               Options.ttl: 0
2020/01/23-05:51:22.252016 7f51e89f8700 [/column_family.cc:698] --------------- Options for column family [usertable]:
2020/01/23-05:51:22.252028 7f51e89f8700               Options.comparator: leveldb.BytewiseComparator
2020/01/23-05:51:22.252031 7f51e89f8700           Options.merge_operator: None
2020/01/23-05:51:22.252034 7f51e89f8700        Options.compaction_filter: None
2020/01/23-05:51:22.252036 7f51e89f8700        Options.compaction_filter_factory: None
2020/01/23-05:51:22.252039 7f51e89f8700         Options.memtable_factory: SkipListFactory
2020/01/23-05:51:22.252041 7f51e89f8700            Options.table_factory: BlockBasedTable
2020/01/23-05:51:22.252084 7f51e89f8700            table_factory options:   flush_block_policy_factory: FlushBlockBySizePolicyFactory (0x7f51440c7b50)
  cache_index_and_filter_blocks: 0
  cache_index_and_filter_blocks_with_high_priority: 0
  pin_l0_filter_and_index_blocks_in_cache: 0
  pin_top_level_index_and_filter: 1
  index_type: 0
  data_block_index_type: 0
  data_block_hash_table_util_ratio: 0.750000
  hash_index_allow_collision: 1
  checksum: 1
  no_block_cache: 0
  block_cache: 0x7f51440c2f80
  block_cache_name: LRUCache
  block_cache_options:
    capacity : 8388608
    num_shard_bits : 4
    strict_capacity_limit : 0
    memory_allocator : None
    high_pri_pool_ratio: 0.000
  block_cache_compressed: (nil)
  persistent_cache: (nil)
  block_size: 8192
  block_size_deviation: 10
  block_restart_interval: 16
  index_block_restart_interval: 1
  metadata_block_size: 4096
  partition_filters: 0
  use_delta_encoding: 1
  filter_policy: nullptr
  whole_key_filtering: 1
  verify_compression: 0
  read_amp_bytes_per_bit: 0
  format_version: 2
  enable_index_compression: 1
  block_align: 0
2020/01/23-05:51:22.252089 7f51e89f8700        Options.write_buffer_size: 134217728
2020/01/23-05:51:22.252092 7f51e89f8700  Options.max_write_buffer_number: 8
2020/01/23-05:51:22.252095 7f51e89f8700        Options.compression[0]: NoCompression
2020/01/23-05:51:22.252098 7f51e89f8700        Options.compression[1]: NoCompression
2020/01/23-05:51:22.252101 7f51e89f8700        Options.compression[2]: Snappy
2020/01/23-05:51:22.252104 7f51e89f8700        Options.compression[3]: Snappy
2020/01/23-05:51:22.252106 7f51e89f8700        Options.compression[4]: Snappy
2020/01/23-05:51:22.252109 7f51e89f8700        Options.compression[5]: Snappy
2020/01/23-05:51:22.252111 7f51e89f8700        Options.compression[6]: Snappy
2020/01/23-05:51:22.252114 7f51e89f8700                  Options.bottommost_compression: Disabled
2020/01/23-05:51:22.252117 7f51e89f8700       Options.prefix_extractor: nullptr
2020/01/23-05:51:22.252119 7f51e89f8700   Options.memtable_insert_with_hint_prefix_extractor: nullptr
2020/01/23-05:51:22.252155 7f51e89f8700             Options.num_levels: 6
2020/01/23-05:51:22.252159 7f51e89f8700        Options.min_write_buffer_number_to_merge: 2
2020/01/23-05:51:22.252161 7f51e89f8700     Options.max_write_buffer_number_to_maintain: 0
2020/01/23-05:51:22.252164 7f51e89f8700            Options.bottommost_compression_opts.window_bits: -14
2020/01/23-05:51:22.252166 7f51e89f8700                  Options.bottommost_compression_opts.level: 32767
2020/01/23-05:51:22.252169 7f51e89f8700               Options.bottommost_compression_opts.strategy: 0
2020/01/23-05:51:22.252171 7f51e89f8700         Options.bottommost_compression_opts.max_dict_bytes: 0
2020/01/23-05:51:22.252174 7f51e89f8700         Options.bottommost_compression_opts.zstd_max_train_bytes: 0
2020/01/23-05:51:22.252176 7f51e89f8700                  Options.bottommost_compression_opts.enabled: false
2020/01/23-05:51:22.252179 7f51e89f8700            Options.compression_opts.window_bits: -14
2020/01/23-05:51:22.252181 7f51e89f8700                  Options.compression_opts.level: 32767
2020/01/23-05:51:22.252184 7f51e89f8700               Options.compression_opts.strategy: 0
2020/01/23-05:51:22.252186 7f51e89f8700         Options.compression_opts.max_dict_bytes: 0
2020/01/23-05:51:22.252188 7f51e89f8700         Options.compression_opts.zstd_max_train_bytes: 0
2020/01/23-05:51:22.252191 7f51e89f8700                  Options.compression_opts.enabled: false
2020/01/23-05:51:22.252193 7f51e89f8700      Options.level0_file_num_compaction_trigger: 4
2020/01/23-05:51:22.252196 7f51e89f8700          Options.level0_slowdown_writes_trigger: 20
2020/01/23-05:51:22.252198 7f51e89f8700              Options.level0_stop_writes_trigger: 36
2020/01/23-05:51:22.252200 7f51e89f8700                   Options.target_file_size_base: 67108864
2020/01/23-05:51:22.252203 7f51e89f8700             Options.target_file_size_multiplier: 1
2020/01/23-05:51:22.252205 7f51e89f8700                Options.max_bytes_for_level_base: 536870912
2020/01/23-05:51:22.252208 7f51e89f8700 Options.level_compaction_dynamic_level_bytes: 1
2020/01/23-05:51:22.252210 7f51e89f8700          Options.max_bytes_for_level_multiplier: 8.000000
2020/01/23-05:51:22.252215 7f51e89f8700 Options.max_bytes_for_level_multiplier_addtl[0]: 1
2020/01/23-05:51:22.252218 7f51e89f8700 Options.max_bytes_for_level_multiplier_addtl[1]: 1
2020/01/23-05:51:22.252220 7f51e89f8700 Options.max_bytes_for_level_multiplier_addtl[2]: 1
2020/01/23-05:51:22.252222 7f51e89f8700 Options.max_bytes_for_level_multiplier_addtl[3]: 1
2020/01/23-05:51:22.252225 7f51e89f8700 Options.max_bytes_for_level_multiplier_addtl[4]: 1
2020/01/23-05:51:22.252227 7f51e89f8700 Options.max_bytes_for_level_multiplier_addtl[5]: 1
2020/01/23-05:51:22.252229 7f51e89f8700 Options.max_bytes_for_level_multiplier_addtl[6]: 1
2020/01/23-05:51:22.252232 7f51e89f8700       Options.max_sequential_skip_in_iterations: 8
2020/01/23-05:51:22.252234 7f51e89f8700                    Options.max_compaction_bytes: 1677721600
2020/01/23-05:51:22.252237 7f51e89f8700                        Options.arena_block_size: 16777216
2020/01/23-05:51:22.252239 7f51e89f8700   Options.soft_pending_compaction_bytes_limit: 68719476736
2020/01/23-05:51:22.252242 7f51e89f8700   Options.hard_pending_compaction_bytes_limit: 274877906944
2020/01/23-05:51:22.252244 7f51e89f8700       Options.rate_limit_delay_max_milliseconds: 100
2020/01/23-05:51:22.252247 7f51e89f8700                Options.disable_auto_compactions: 0
2020/01/23-05:51:22.252249 7f51e89f8700                      Options.allow_trivial_move: 0
2020/01/23-05:51:22.252251 7f51e89f8700                      Options.vlog_direct_IO: 0
2020/01/23-05:51:22.252254 7f51e89f8700               Options.compaction_score_limit_L0: 1000.000000
2020/01/23-05:51:22.252258 7f51e89f8700                     Options.min_indirect_val_size[0]: 24
2020/01/23-05:51:22.252261 7f51e89f8700       Options.fraction_remapped_during_compaction[0]: 20
2020/01/23-05:51:22.252264 7f51e89f8700 Options.fraction_remapped_during_active_recycling[0]: 15
2020/01/23-05:51:22.252280 7f51e89f8700    Options.fragmentation_active_recycling_trigger[0]: 25
2020/01/23-05:51:22.252284 7f51e89f8700     Options.fragmentation_active_recycling_klaxon[0]: 50
2020/01/23-05:51:22.252287 7f51e89f8700                Options.active_recycling_sst_minct[0]: 5
2020/01/23-05:51:22.252289 7f51e89f8700                Options.active_recycling_sst_maxct[0]: 15
2020/01/23-05:51:22.252291 7f51e89f8700       Options.active_recycling_vlogfile_freed_min[0]: 7
2020/01/23-05:51:22.252294 7f51e89f8700    Options.active_recycling_size_trigger[0]: 1073741824
2020/01/23-05:51:22.252297 7f51e89f8700                         Options.vlogfile_max_size[0]: 16777216
2020/01/23-05:51:22.252299 7f51e89f8700          Options.compaction_picker_age_importance[0]: 100
2020/01/23-05:51:22.252302 7f51e89f8700                    Options.ring_compression_style[0]: Zlib
2020/01/23-05:51:22.252306 7f51e89f8700                        Options.compaction_style: kCompactionStyleLevel
2020/01/23-05:51:22.252310 7f51e89f8700                          Options.compaction_pri: kMinOverlappingRatio
2020/01/23-05:51:22.252312 7f51e89f8700 Options.compaction_options_universal.size_ratio: 1
2020/01/23-05:51:22.252315 7f51e89f8700 Options.compaction_options_universal.min_merge_width: 2
2020/01/23-05:51:22.252317 7f51e89f8700 Options.compaction_options_universal.max_merge_width: 4294967295
2020/01/23-05:51:22.252320 7f51e89f8700 Options.compaction_options_universal.max_size_amplification_percent: 200
2020/01/23-05:51:22.252322 7f51e89f8700 Options.compaction_options_universal.compression_size_percent: -1
2020/01/23-05:51:22.252325 7f51e89f8700 Options.compaction_options_universal.stop_style: kCompactionStopStyleTotalSize
2020/01/23-05:51:22.252328 7f51e89f8700 Options.compaction_options_fifo.max_table_files_size: 1073741824
2020/01/23-05:51:22.252330 7f51e89f8700 Options.compaction_options_fifo.allow_compaction: 0
2020/01/23-05:51:22.252332 7f51e89f8700                   Options.table_properties_collectors: 
2020/01/23-05:51:22.252335 7f51e89f8700                   Options.inplace_update_support: 0
2020/01/23-05:51:22.252337 7f51e89f8700                 Options.inplace_update_num_locks: 10000
2020/01/23-05:51:22.252340 7f51e89f8700               Options.memtable_prefix_bloom_size_ratio: 0.000000
2020/01/23-05:51:22.252343 7f51e89f8700               Options.memtable_whole_key_filtering: 0
2020/01/23-05:51:22.252346 7f51e89f8700   Options.memtable_huge_page_size: 0
2020/01/23-05:51:22.252348 7f51e89f8700                           Options.bloom_locality: 0
2020/01/23-05:51:22.252350 7f51e89f8700                    Options.max_successive_merges: 0
2020/01/23-05:51:22.252353 7f51e89f8700                Options.optimize_filters_for_hits: 0
2020/01/23-05:51:22.252355 7f51e89f8700                Options.paranoid_file_checks: 0
2020/01/23-05:51:22.252357 7f51e89f8700                Options.force_consistency_checks: 0
2020/01/23-05:51:22.252360 7f51e89f8700                Options.report_bg_io_stats: 0
2020/01/23-05:51:22.252362 7f51e89f8700                               Options.ttl: 0
2020/01/23-05:51:22.658660 7f51e89f8700 [/version_set.cc:3959] Recovered from manifest file:/mnt/sdb/mbwu-rocksdb-data/MANIFEST-000004 succeeded,manifest_file_number is 4, next_file_number is 1141, last_sequence is 10406319, log_number is 1138,prev_log_number is 0,max_column_family is 1,min_log_number_to_keep is 0
2020/01/23-05:51:22.658680 7f51e89f8700 [/version_set.cc:3968] Column family [default] (ID 0), log number is 0
2020/01/23-05:51:22.658685 7f51e89f8700 [/version_set.cc:3968] Column family [usertable] (ID 1), log number is 1138
2020/01/23-05:51:22.663267 7f51e89f8700 EVENT_LOG_v1 {"time_micros": 1579787482663239, "job": 1, "event": "recovery_started", "log_files": [1138, 1140]}
2020/01/23-05:51:22.663285 7f51e89f8700 [/db_impl_open.cc:583] Recovering log #1138 mode 2
2020/01/23-05:51:23.030828 7f51e89f8700 [/db_impl_open.cc:583] Recovering log #1140 mode 2
2020/01/23-05:51:23.526045 7f51e89f8700 EVENT_LOG_v1 {"time_micros": 1579787483526017, "cf_name": "usertable", "job": 1, "event": "table_file_creation", "file_number": 1141, "file_size": 129902148, "table_properties": {"data_size": 129321395, "index_size": 580007, "filter_size": 0, "raw_key_size": 752760, "raw_average_key_size": 24, "raw_value_size": 128471040, "raw_average_value_size": 4096, "num_data_blocks": 15683, "num_entries": 31365, "filter_policy_name": ""}}
2020/01/23-05:51:23.795261 7f51e89f8700 [/version_set.cc:3196] Creating manifest 1142
2020/01/23-05:51:24.173716 7f51e89f8700 EVENT_LOG_v1 {"time_micros": 1579787484173691, "cf_name": "usertable", "job": 1, "event": "table_file_creation", "file_number": 1143, "file_size": 83644147, "table_properties": {"data_size": 83272245, "index_size": 371156, "filter_size": 0, "raw_key_size": 484728, "raw_average_key_size": 24, "raw_value_size": 82726912, "raw_average_value_size": 4096, "num_data_blocks": 10099, "num_entries": 20197, "filter_policy_name": ""}}
2020/01/23-05:51:24.203263 7f51e89f8700 EVENT_LOG_v1 {"time_micros": 1579787484203256, "job": 1, "event": "recovery_finished"}
2020/01/23-05:51:24.299611 7f51e89f8700 DB pointer 0x7f51440b65c0
2020/01/23-05:51:24.300791 7f5066ff5700 [/db_impl.cc:777] ------- DUMPING STATS -------
2020/01/23-05:51:24.300982 7f5066ff5700 [/db_impl.cc:778] 
** DB Stats **
Uptime(secs): 2.0 total, 2.0 interval
Cumulative writes: 0 writes, 0 keys, 0 commit groups, 0.0 writes per commit group, ingest: 0.00 GB, 0.00 MB/s
Cumulative WAL: 0 writes, 0 syncs, 0.00 writes per sync, written: 0.00 GB, 0.00 MB/s
Cumulative stall: 00:00:0.000 H:M:S, 0.0 percent
Interval writes: 0 writes, 0 keys, 0 commit groups, 0.0 writes per commit group, ingest: 0.00 MB, 0.00 MB/s
Interval WAL: 0 writes, 0 syncs, 0.00 writes per sync, written: 0.00 MB, 0.00 MB/s
Interval stall: 00:00:0.000 H:M:S, 0.0 percent

** Compaction Stats [default] **
Level    Files   Size     Score Read(GB)  Rn(GB) Rnp1(GB) Write(GB) Wnew(GB) Moved(GB) W-Amp Rd(MB/s) Wr(MB/s) Comp(sec) CompMergeCPU(sec) Comp(cnt) Avg(sec) KeyIn KeyDropWVCmp(GB) WVRaw(GB) WVRemap(GB) WVFiles
-------------------------------------------------------------------------------------------------------------------------------------------------------------------------------------------------------------------
 Sum      0/0    0.00 KB   0.0      0.0     0.0      0.0       0.0      0.0       0.0   0.0      0.0      0.0      0.00              0.00         0    0.000       0      0      0.0      0.0        0.0       0
 Int      0/0    0.00 KB   0.0      0.0     0.0      0.0       0.0      0.0       0.0   0.0      0.0      0.0      0.00              0.00         0    0.000       0      0      0.0      0.0        0.0       0

** Compaction Stats [default] **
Priority    Files   Size     Score Read(GB)  Rn(GB) Rnp1(GB) Write(GB) Wnew(GB) Moved(GB) W-Amp Rd(MB/s) Wr(MB/s) Comp(sec) CompMergeCPU(sec) Comp(cnt) Avg(sec) KeyIn KeyDropWVCmp(GB) WVRaw(GB) WVRemap(GB) WVFiles
----------------------------------------------------------------------------------------------------------------------------------------------------------------------------------------------------------------------
Uptime(secs): 2.0 total, 2.0 interval
Flush(GB): cumulative 0.000, interval 0.000
AddFile(GB): cumulative 0.000, interval 0.000
AddFile(Total Files): cumulative 0, interval 0
AddFile(L0 Files): cumulative 0, interval 0
AddFile(Keys): cumulative 0, interval 0
Cumulative compaction: 0.00 GB write, 0.00 MB/s write, 0.00 GB read, 0.00 MB/s read, 0.0 seconds
Interval compaction: 0.00 GB write, 0.00 MB/s write, 0.00 GB read, 0.00 MB/s read, 0.0 seconds
Stalls(count): 0 level0_slowdown, 0 level0_slowdown_with_compaction, 0 level0_numfiles, 0 level0_numfiles_with_compaction, 0 stop for pending_compaction_bytes, 0 slowdown for pending_compaction_bytes, 0 memtable_compaction, 0 memtable_slowdown, interval 0 total count

** Compaction Ring Stats [default] **
Ring  Files   Size  Frag(%)
----------------------------
 Sum        0  0.00 KB  -nan 
VLog Read Latency over 0 reads with average length 0:   0.000 usec
VLog Decompress Latency over 0 reads with average length 0:   0.000 usec

** File Read Latency Histogram By Level [default] **

** Compaction Stats [usertable] **
Level    Files   Size     Score Read(GB)  Rn(GB) Rnp1(GB) Write(GB) Wnew(GB) Moved(GB) W-Amp Rd(MB/s) Wr(MB/s) Comp(sec) CompMergeCPU(sec) Comp(cnt) Avg(sec) KeyIn KeyDropWVCmp(GB) WVRaw(GB) WVRemap(GB) WVFiles
-------------------------------------------------------------------------------------------------------------------------------------------------------------------------------------------------------------------
  L0      3/0   446.33 MB   0.9      0.0     0.0      0.0       0.2      0.2       0.0   1.0      0.0    252.8      0.81              0.00         2    0.403       0      0      0.0      0.0        0.0       0
  L3      2/0   485.97 MB   0.9      0.0     0.0      0.0       0.0      0.0       0.0   0.0      0.0      0.0      0.00              0.00         0    0.000       0      0      0.0      0.0        0.0       0
  L4     43/0    4.36 GB   1.0      0.0     0.0      0.0       0.0      0.0       0.0   0.0      0.0      0.0      0.00              0.00         0    0.000       0      0      0.0      0.0        0.0       0
  L5    561/0   34.93 GB   0.0      0.0     0.0      0.0       0.0      0.0       0.0   0.0      0.0      0.0      0.00              0.00         0    0.000       0      0      0.0      0.0        0.0       0
 Sum    609/0   40.19 GB   0.0      0.0     0.0      0.0       0.2      0.2       0.0   1.0      0.0    252.8      0.81              0.00         2    0.403       0      0      0.0      0.0        0.0       0
 Int      0/0    0.00 KB   0.0      0.0     0.0      0.0       0.2      0.2       0.0   1.0      0.0    252.8      0.81              0.00         2    0.403       0      0      0.0      0.0        0.0       0

** Compaction Stats [usertable] **
Priority    Files   Size     Score Read(GB)  Rn(GB) Rnp1(GB) Write(GB) Wnew(GB) Moved(GB) W-Amp Rd(MB/s) Wr(MB/s) Comp(sec) CompMergeCPU(sec) Comp(cnt) Avg(sec) KeyIn KeyDropWVCmp(GB) WVRaw(GB) WVRemap(GB) WVFiles
----------------------------------------------------------------------------------------------------------------------------------------------------------------------------------------------------------------------
User      0/0    0.00 KB   0.0      0.0     0.0      0.0       0.2      0.2       0.0   0.0      0.0    252.8      0.81              0.00         2    0.403       0      0      0.0      0.0        0.0       0
Uptime(secs): 2.0 total, 2.0 interval
Flush(GB): cumulative 0.199, interval 0.199
AddFile(GB): cumulative 0.000, interval 0.000
AddFile(Total Files): cumulative 0, interval 0
AddFile(L0 Files): cumulative 0, interval 0
AddFile(Keys): cumulative 0, interval 0
Cumulative compaction: 0.20 GB write, 99.42 MB/s write, 0.00 GB read, 0.00 MB/s read, 0.8 seconds
Interval compaction: 0.20 GB write, 99.42 MB/s write, 0.00 GB read, 0.00 MB/s read, 0.8 seconds
Stalls(count): 0 level0_slowdown, 0 level0_slowdown_with_compaction, 0 level0_numfiles, 0 level0_numfiles_with_compaction, 0 stop for pending_compaction_bytes, 0 slowdown for pending_compaction_bytes, 0 memtable_compaction, 0 memtable_slowdown, interval 0 total count

** Compaction Ring Stats [usertable] **
Ring  Files   Size  Frag(%)
----------------------------
 Sum        0  0.00 KB  -nan 
VLog Read Latency over 0 reads with average length 0:   0.000 usec
VLog Decompress Latency over 0 reads with average length 0:   0.000 usec

** File Read Latency Histogram By Level [usertable] **

** Compaction Stats [default] **
Level    Files   Size     Score Read(GB)  Rn(GB) Rnp1(GB) Write(GB) Wnew(GB) Moved(GB) W-Amp Rd(MB/s) Wr(MB/s) Comp(sec) CompMergeCPU(sec) Comp(cnt) Avg(sec) KeyIn KeyDropWVCmp(GB) WVRaw(GB) WVRemap(GB) WVFiles
-------------------------------------------------------------------------------------------------------------------------------------------------------------------------------------------------------------------
 Sum      0/0    0.00 KB   0.0      0.0     0.0      0.0       0.0      0.0       0.0   0.0      0.0      0.0      0.00              0.00         0    0.000       0      0      0.0      0.0        0.0       0
 Int      0/0    0.00 KB   0.0      0.0     0.0      0.0       0.0      0.0       0.0   0.0      0.0      0.0      0.00              0.00         0    0.000       0      0      0.0      0.0        0.0       0

** Compaction Stats [default] **
Priority    Files   Size     Score Read(GB)  Rn(GB) Rnp1(GB) Write(GB) Wnew(GB) Moved(GB) W-Amp Rd(MB/s) Wr(MB/s) Comp(sec) CompMergeCPU(sec) Comp(cnt) Avg(sec) KeyIn KeyDropWVCmp(GB) WVRaw(GB) WVRemap(GB) WVFiles
----------------------------------------------------------------------------------------------------------------------------------------------------------------------------------------------------------------------
Uptime(secs): 2.0 total, 0.0 interval
Flush(GB): cumulative 0.000, interval 0.000
AddFile(GB): cumulative 0.000, interval 0.000
AddFile(Total Files): cumulative 0, interval 0
AddFile(L0 Files): cumulative 0, interval 0
AddFile(Keys): cumulative 0, interval 0
Cumulative compaction: 0.00 GB write, 0.00 MB/s write, 0.00 GB read, 0.00 MB/s read, 0.0 seconds
Interval compaction: 0.00 GB write, 0.00 MB/s write, 0.00 GB read, 0.00 MB/s read, 0.0 seconds
Stalls(count): 0 level0_slowdown, 0 level0_slowdown_with_compaction, 0 level0_numfiles, 0 level0_numfiles_with_compaction, 0 stop for pending_compaction_bytes, 0 slowdown for pending_compaction_bytes, 0 memtable_compaction, 0 memtable_slowdown, interval 0 total count

** Compaction Ring Stats [default] **
Ring  Files   Size  Frag(%)
----------------------------
 Sum        0  0.00 KB  -nan 
VLog Read Latency over 0 reads with average length 0:   0.000 usec
VLog Decompress Latency over 0 reads with average length 0:   0.000 usec

** File Read Latency Histogram By Level [default] **

** Compaction Stats [usertable] **
Level    Files   Size     Score Read(GB)  Rn(GB) Rnp1(GB) Write(GB) Wnew(GB) Moved(GB) W-Amp Rd(MB/s) Wr(MB/s) Comp(sec) CompMergeCPU(sec) Comp(cnt) Avg(sec) KeyIn KeyDropWVCmp(GB) WVRaw(GB) WVRemap(GB) WVFiles
-------------------------------------------------------------------------------------------------------------------------------------------------------------------------------------------------------------------
  L0      3/0   446.33 MB   0.9      0.0     0.0      0.0       0.2      0.2       0.0   1.0      0.0    252.8      0.81              0.00         2    0.403       0      0      0.0      0.0        0.0       0
  L3      2/0   485.97 MB   0.9      0.0     0.0      0.0       0.0      0.0       0.0   0.0      0.0      0.0      0.00              0.00         0    0.000       0      0      0.0      0.0        0.0       0
  L4     43/0    4.36 GB   1.0      0.0     0.0      0.0       0.0      0.0       0.0   0.0      0.0      0.0      0.00              0.00         0    0.000       0      0      0.0      0.0        0.0       0
