2020/03/01-14:31:54.572956 7f2fbff200 RocksDB version: 6.5.3
2020/03/01-14:31:54.573111 7f2fbff200 Git sha rocksdb_build_git_sha:
2020/03/01-14:31:54.573118 7f2fbff200 Compile date Jan 21 2020
2020/03/01-14:31:54.573126 7f2fbff200 DB SUMMARY
2020/03/01-14:31:54.573174 7f2fbff200 SST files in /mnt/sda/mbwu-rocksdb-data dir, Total Num: 0, files: 
2020/03/01-14:31:54.573183 7f2fbff200 Write Ahead Log file in /mnt/sda/mbwu-rocksdb-data: 
2020/03/01-14:31:54.573190 7f2fbff200                         Options.error_if_exists: 0
2020/03/01-14:31:54.573194 7f2fbff200                       Options.create_if_missing: 1
2020/03/01-14:31:54.573197 7f2fbff200                         Options.paranoid_checks: 1
2020/03/01-14:31:54.573200 7f2fbff200                                     Options.env: 0x7f2f9fbc50
2020/03/01-14:31:54.573203 7f2fbff200                                Options.info_log: 0x7f2008d250
2020/03/01-14:31:54.573206 7f2fbff200                Options.max_file_opening_threads: 16
2020/03/01-14:31:54.573209 7f2fbff200                              Options.statistics: (nil)
2020/03/01-14:31:54.573212 7f2fbff200                               Options.use_fsync: 0
2020/03/01-14:31:54.573215 7f2fbff200                       Options.max_log_file_size: 0
2020/03/01-14:31:54.573218 7f2fbff200                  Options.max_manifest_file_size: 1073741824
2020/03/01-14:31:54.573221 7f2fbff200                   Options.log_file_time_to_roll: 0
2020/03/01-14:31:54.573224 7f2fbff200                       Options.keep_log_file_num: 1000
2020/03/01-14:31:54.573227 7f2fbff200                    Options.recycle_log_file_num: 0
2020/03/01-14:31:54.573230 7f2fbff200                         Options.allow_fallocate: 1
2020/03/01-14:31:54.573233 7f2fbff200                        Options.allow_mmap_reads: 0
2020/03/01-14:31:54.573236 7f2fbff200                       Options.allow_mmap_writes: 0
2020/03/01-14:31:54.573238 7f2fbff200                        Options.use_direct_reads: 0
2020/03/01-14:31:54.573241 7f2fbff200                        Options.use_direct_io_for_flush_and_compaction: 0
2020/03/01-14:31:54.573244 7f2fbff200          Options.create_missing_column_families: 1
2020/03/01-14:31:54.573247 7f2fbff200                              Options.db_log_dir: 
2020/03/01-14:31:54.573250 7f2fbff200                                 Options.wal_dir: /mnt/sda/mbwu-rocksdb-data
2020/03/01-14:31:54.573252 7f2fbff200                Options.table_cache_numshardbits: 6
2020/03/01-14:31:54.573256 7f2fbff200                      Options.max_subcompactions: 1
2020/03/01-14:31:54.573258 7f2fbff200                  Options.max_background_flushes: 6
2020/03/01-14:31:54.573261 7f2fbff200                         Options.WAL_ttl_seconds: 0
2020/03/01-14:31:54.573264 7f2fbff200                       Options.WAL_size_limit_MB: 0
2020/03/01-14:31:54.573267 7f2fbff200                        Options.max_write_batch_group_size_bytes: 1048576
2020/03/01-14:31:54.573270 7f2fbff200             Options.manifest_preallocation_size: 4194304
2020/03/01-14:31:54.573273 7f2fbff200                     Options.is_fd_close_on_exec: 1
2020/03/01-14:31:54.573276 7f2fbff200                   Options.advise_random_on_open: 1
2020/03/01-14:31:54.573278 7f2fbff200                    Options.db_write_buffer_size: 0
2020/03/01-14:31:54.573281 7f2fbff200                    Options.write_buffer_manager: 0x7f2008d5d0
2020/03/01-14:31:54.573284 7f2fbff200         Options.access_hint_on_compaction_start: 1
2020/03/01-14:31:54.573286 7f2fbff200  Options.new_table_reader_for_compaction_inputs: 0
2020/03/01-14:31:54.573289 7f2fbff200           Options.random_access_max_buffer_size: 1048576
2020/03/01-14:31:54.573292 7f2fbff200                      Options.use_adaptive_mutex: 0
2020/03/01-14:31:54.573295 7f2fbff200                            Options.rate_limiter: (nil)
2020/03/01-14:31:54.573300 7f2fbff200     Options.sst_file_manager.rate_bytes_per_sec: 0
2020/03/01-14:31:54.573303 7f2fbff200                       Options.wal_recovery_mode: 2
2020/03/01-14:31:54.573306 7f2fbff200                  Options.enable_thread_tracking: 0
2020/03/01-14:31:54.573308 7f2fbff200                  Options.enable_pipelined_write: 0
2020/03/01-14:31:54.573326 7f2fbff200                  Options.unordered_write: 0
2020/03/01-14:31:54.573331 7f2fbff200         Options.allow_concurrent_memtable_write: 1
2020/03/01-14:31:54.573334 7f2fbff200      Options.enable_write_thread_adaptive_yield: 1
2020/03/01-14:31:54.573336 7f2fbff200             Options.write_thread_max_yield_usec: 100
2020/03/01-14:31:54.573339 7f2fbff200            Options.write_thread_slow_yield_usec: 3
2020/03/01-14:31:54.573342 7f2fbff200                               Options.row_cache: None
2020/03/01-14:31:54.573345 7f2fbff200                              Options.wal_filter: None
2020/03/01-14:31:54.573348 7f2fbff200             Options.avoid_flush_during_recovery: 0
2020/03/01-14:31:54.573351 7f2fbff200             Options.allow_ingest_behind: 0
2020/03/01-14:31:54.573354 7f2fbff200             Options.preserve_deletes: 0
2020/03/01-14:31:54.573356 7f2fbff200             Options.two_write_queues: 0
2020/03/01-14:31:54.573359 7f2fbff200             Options.manual_wal_flush: 0
2020/03/01-14:31:54.573362 7f2fbff200             Options.atomic_flush: 0
2020/03/01-14:31:54.573364 7f2fbff200             Options.avoid_unnecessary_blocking_io: 0
2020/03/01-14:31:54.573367 7f2fbff200                 Options.persist_stats_to_disk: 0
2020/03/01-14:31:54.573370 7f2fbff200                 Options.write_dbid_to_manifest: 0
2020/03/01-14:31:54.573372 7f2fbff200                 Options.log_readahead_size: 0
2020/03/01-14:31:54.573378 7f2fbff200             Options.max_background_jobs: 6
2020/03/01-14:31:54.573381 7f2fbff200             Options.max_background_compactions: 6
2020/03/01-14:31:54.573383 7f2fbff200             Options.avoid_flush_during_shutdown: 0
2020/03/01-14:31:54.573386 7f2fbff200           Options.writable_file_max_buffer_size: 1048576
2020/03/01-14:31:54.573389 7f2fbff200             Options.delayed_write_rate : 16777216
2020/03/01-14:31:54.573391 7f2fbff200             Options.max_total_wal_size: 0
2020/03/01-14:31:54.573394 7f2fbff200             Options.delete_obsolete_files_period_micros: 21600000000
2020/03/01-14:31:54.573397 7f2fbff200                   Options.stats_dump_period_sec: 600
2020/03/01-14:31:54.573400 7f2fbff200                 Options.stats_persist_period_sec: 600
2020/03/01-14:31:54.573402 7f2fbff200                 Options.stats_history_buffer_size: 1048576
2020/03/01-14:31:54.573405 7f2fbff200                          Options.max_open_files: -1
2020/03/01-14:31:54.573407 7f2fbff200                          Options.bytes_per_sync: 1048576
2020/03/01-14:31:54.573410 7f2fbff200                      Options.wal_bytes_per_sync: 0
2020/03/01-14:31:54.573413 7f2fbff200                   Options.strict_bytes_per_sync: 0
2020/03/01-14:31:54.573416 7f2fbff200       Options.compaction_readahead_size: 0
2020/03/01-14:31:54.573419 7f2fbff200 Compression algorithms supported:
2020/03/01-14:31:54.573422 7f2fbff200 	kZSTDNotFinalCompression supported: 1
2020/03/01-14:31:54.573454 7f2fbff200 	kZSTD supported: 1
2020/03/01-14:31:54.573459 7f2fbff200 	kXpressCompression supported: 0
2020/03/01-14:31:54.573462 7f2fbff200 	kLZ4HCCompression supported: 1
2020/03/01-14:31:54.573465 7f2fbff200 	kLZ4Compression supported: 1
2020/03/01-14:31:54.573468 7f2fbff200 	kBZip2Compression supported: 1
2020/03/01-14:31:54.573470 7f2fbff200 	kZlibCompression supported: 1
2020/03/01-14:31:54.573473 7f2fbff200 	kSnappyCompression supported: 1
2020/03/01-14:31:54.573482 7f2fbff200 Fast CRC32 supported: Not supported on x86
2020/03/01-14:31:54.602237 7f2fbff200 [_impl/db_impl_open.cc:247] Creating manifest 1 
2020/03/01-14:31:54.676850 7f2fbff200 [rsion_set.cc:4319] Recovering from manifest file: /mnt/sda/mbwu-rocksdb-data/MANIFEST-000001
2020/03/01-14:31:54.677264 7f2fbff200 [lumn_family.cc:489] --------------- Options for column family [default]:
2020/03/01-14:31:54.677279 7f2fbff200               Options.comparator: leveldb.BytewiseComparator
2020/03/01-14:31:54.677287 7f2fbff200           Options.merge_operator: None
2020/03/01-14:31:54.677293 7f2fbff200        Options.compaction_filter: None
2020/03/01-14:31:54.677370 7f2fbff200        Options.compaction_filter_factory: None
2020/03/01-14:31:54.677378 7f2fbff200         Options.memtable_factory: SkipListFactory
2020/03/01-14:31:54.677385 7f2fbff200            Options.table_factory: BlockBasedTable
2020/03/01-14:31:54.677491 7f2fbff200            table_factory options:   flush_block_policy_factory: FlushBlockBySizePolicyFactory (0x7f20088e80)
  cache_index_and_filter_blocks: 0
  cache_index_and_filter_blocks_with_high_priority: 1
  pin_l0_filter_and_index_blocks_in_cache: 0
  pin_top_level_index_and_filter: 1
  index_type: 0
  data_block_index_type: 0
  index_shortening: 1
  data_block_hash_table_util_ratio: 0.750000
  hash_index_allow_collision: 1
  checksum: 1
  no_block_cache: 0
  block_cache: 0x7f20089530
  block_cache_name: LRUCache
  block_cache_options:
    capacity : 8388608
    num_shard_bits : 4
    strict_capacity_limit : 0
    memory_allocator : None
    high_pri_pool_ratio: 0.000
  block_cache_compressed: (nil)
  persistent_cache: (nil)
  block_size: 4096
  block_size_deviation: 10
  block_restart_interval: 16
  index_block_restart_interval: 1
  metadata_block_size: 4096
  partition_filters: 0
  use_delta_encoding: 1
  filter_policy: nullptr
  whole_key_filtering: 1
  verify_compression: 0
  read_amp_bytes_per_bit: 0
  format_version: 2
  enable_index_compression: 1
  block_align: 0
2020/03/01-14:31:54.677501 7f2fbff200        Options.write_buffer_size: 134217728
2020/03/01-14:31:54.677507 7f2fbff200  Options.max_write_buffer_number: 6
2020/03/01-14:31:54.677514 7f2fbff200        Options.compression[0]: NoCompression
2020/03/01-14:31:54.677521 7f2fbff200        Options.compression[1]: NoCompression
2020/03/01-14:31:54.677528 7f2fbff200        Options.compression[2]: LZ4
2020/03/01-14:31:54.677534 7f2fbff200        Options.compression[3]: LZ4
2020/03/01-14:31:54.677541 7f2fbff200        Options.compression[4]: LZ4
2020/03/01-14:31:54.677547 7f2fbff200        Options.compression[5]: LZ4
2020/03/01-14:31:54.677554 7f2fbff200        Options.compression[6]: LZ4
2020/03/01-14:31:54.677560 7f2fbff200                  Options.bottommost_compression: Disabled
2020/03/01-14:31:54.677567 7f2fbff200       Options.prefix_extractor: nullptr
2020/03/01-14:31:54.677573 7f2fbff200   Options.memtable_insert_with_hint_prefix_extractor: nullptr
2020/03/01-14:31:54.677578 7f2fbff200             Options.num_levels: 7
2020/03/01-14:31:54.677584 7f2fbff200        Options.min_write_buffer_number_to_merge: 2
2020/03/01-14:31:54.677590 7f2fbff200     Options.max_write_buffer_number_to_maintain: 0
2020/03/01-14:31:54.677596 7f2fbff200     Options.max_write_buffer_size_to_maintain: 0
2020/03/01-14:31:54.677601 7f2fbff200            Options.bottommost_compression_opts.window_bits: -14
2020/03/01-14:31:54.677607 7f2fbff200                  Options.bottommost_compression_opts.level: 32767
2020/03/01-14:31:54.677613 7f2fbff200               Options.bottommost_compression_opts.strategy: 0
2020/03/01-14:31:54.677618 7f2fbff200         Options.bottommost_compression_opts.max_dict_bytes: 0
2020/03/01-14:31:54.677624 7f2fbff200         Options.bottommost_compression_opts.zstd_max_train_bytes: 0
2020/03/01-14:31:54.677630 7f2fbff200                  Options.bottommost_compression_opts.enabled: false
2020/03/01-14:31:54.677636 7f2fbff200            Options.compression_opts.window_bits: -14
2020/03/01-14:31:54.677642 7f2fbff200                  Options.compression_opts.level: 32767
2020/03/01-14:31:54.677648 7f2fbff200               Options.compression_opts.strategy: 0
2020/03/01-14:31:54.677654 7f2fbff200         Options.compression_opts.max_dict_bytes: 0
2020/03/01-14:31:54.677659 7f2fbff200         Options.compression_opts.zstd_max_train_bytes: 0
2020/03/01-14:31:54.677665 7f2fbff200                  Options.compression_opts.enabled: false
2020/03/01-14:31:54.677671 7f2fbff200      Options.level0_file_num_compaction_trigger: 2
2020/03/01-14:31:54.677676 7f2fbff200          Options.level0_slowdown_writes_trigger: 20
2020/03/01-14:31:54.677682 7f2fbff200              Options.level0_stop_writes_trigger: 36
2020/03/01-14:31:54.677710 7f2fbff200                   Options.target_file_size_base: 67108864
2020/03/01-14:31:54.677718 7f2fbff200             Options.target_file_size_multiplier: 1
2020/03/01-14:31:54.677724 7f2fbff200                Options.max_bytes_for_level_base: 536870912
2020/03/01-14:31:54.677729 7f2fbff200                      Options.snap_refresh_nanos: 0
2020/03/01-14:31:54.677735 7f2fbff200 Options.level_compaction_dynamic_level_bytes: 0
2020/03/01-14:31:54.677741 7f2fbff200          Options.max_bytes_for_level_multiplier: 10.000000
2020/03/01-14:31:54.677752 7f2fbff200 Options.max_bytes_for_level_multiplier_addtl[0]: 1
2020/03/01-14:31:54.677758 7f2fbff200 Options.max_bytes_for_level_multiplier_addtl[1]: 1
2020/03/01-14:31:54.677764 7f2fbff200 Options.max_bytes_for_level_multiplier_addtl[2]: 1
2020/03/01-14:31:54.677770 7f2fbff200 Options.max_bytes_for_level_multiplier_addtl[3]: 1
2020/03/01-14:31:54.677776 7f2fbff200 Options.max_bytes_for_level_multiplier_addtl[4]: 1
2020/03/01-14:31:54.677782 7f2fbff200 Options.max_bytes_for_level_multiplier_addtl[5]: 1
2020/03/01-14:31:54.677787 7f2fbff200 Options.max_bytes_for_level_multiplier_addtl[6]: 1
2020/03/01-14:31:54.677793 7f2fbff200       Options.max_sequential_skip_in_iterations: 8
2020/03/01-14:31:54.677799 7f2fbff200                    Options.max_compaction_bytes: 1677721600
2020/03/01-14:31:54.677804 7f2fbff200                        Options.arena_block_size: 16777216
2020/03/01-14:31:54.677811 7f2fbff200   Options.soft_pending_compaction_bytes_limit: 68719476736
2020/03/01-14:31:54.677816 7f2fbff200   Options.hard_pending_compaction_bytes_limit: 274877906944
2020/03/01-14:31:54.677822 7f2fbff200       Options.rate_limit_delay_max_milliseconds: 100
2020/03/01-14:31:54.677828 7f2fbff200                Options.disable_auto_compactions: 0
2020/03/01-14:31:54.677835 7f2fbff200                        Options.compaction_style: kCompactionStyleLevel
2020/03/01-14:31:54.677842 7f2fbff200                          Options.compaction_pri: kMinOverlappingRatio
2020/03/01-14:31:54.677848 7f2fbff200 Options.compaction_options_universal.size_ratio: 1
2020/03/01-14:31:54.677854 7f2fbff200 Options.compaction_options_universal.min_merge_width: 2
2020/03/01-14:31:54.677860 7f2fbff200 Options.compaction_options_universal.max_merge_width: 4294967295
2020/03/01-14:31:54.677865 7f2fbff200 Options.compaction_options_universal.max_size_amplification_percent: 200
2020/03/01-14:31:54.677872 7f2fbff200 Options.compaction_options_universal.compression_size_percent: -1
2020/03/01-14:31:54.677878 7f2fbff200 Options.compaction_options_universal.stop_style: kCompactionStopStyleTotalSize
2020/03/01-14:31:54.677884 7f2fbff200 Options.compaction_options_fifo.max_table_files_size: 1073741824
2020/03/01-14:31:54.677890 7f2fbff200 Options.compaction_options_fifo.allow_compaction: 0
2020/03/01-14:31:54.677896 7f2fbff200                   Options.table_properties_collectors: 
2020/03/01-14:31:54.677902 7f2fbff200                   Options.inplace_update_support: 0
2020/03/01-14:31:54.677907 7f2fbff200                 Options.inplace_update_num_locks: 10000
2020/03/01-14:31:54.677913 7f2fbff200               Options.memtable_prefix_bloom_size_ratio: 0.000000
2020/03/01-14:31:54.677920 7f2fbff200               Options.memtable_whole_key_filtering: 0
2020/03/01-14:31:54.677926 7f2fbff200   Options.memtable_huge_page_size: 0
2020/03/01-14:31:54.677932 7f2fbff200                           Options.bloom_locality: 0
2020/03/01-14:31:54.677937 7f2fbff200                    Options.max_successive_merges: 0
2020/03/01-14:31:54.677943 7f2fbff200                Options.optimize_filters_for_hits: 0
2020/03/01-14:31:54.677949 7f2fbff200                Options.paranoid_file_checks: 0
2020/03/01-14:31:54.677954 7f2fbff200                Options.force_consistency_checks: 0
2020/03/01-14:31:54.677960 7f2fbff200                Options.report_bg_io_stats: 0
2020/03/01-14:31:54.677965 7f2fbff200                               Options.ttl: 0
2020/03/01-14:31:54.677991 7f2fbff200          Options.periodic_compaction_seconds: 0
2020/03/01-14:31:54.680572 7f2fbff200 [rsion_set.cc:4469] Recovered from manifest file:/mnt/sda/mbwu-rocksdb-data/MANIFEST-000001 succeeded,manifest_file_number is 1, next_file_number is 3, last_sequence is 0, log_number is 0,prev_log_number is 0,max_column_family is 0,min_log_number_to_keep is 0
2020/03/01-14:31:54.680625 7f2fbff200 [rsion_set.cc:4478] Column family [default] (ID 0), log number is 0
2020/03/01-14:31:54.681835 7f2fbff200 [rsion_set.cc:3734] Creating manifest 4
2020/03/01-14:31:54.755008 7f2fbff200 [lumn_family.cc:489] --------------- Options for column family [usertable]:
2020/03/01-14:31:54.755049 7f2fbff200               Options.comparator: leveldb.BytewiseComparator
2020/03/01-14:31:54.755056 7f2fbff200           Options.merge_operator: None
2020/03/01-14:31:54.755062 7f2fbff200        Options.compaction_filter: None
2020/03/01-14:31:54.755068 7f2fbff200        Options.compaction_filter_factory: None
2020/03/01-14:31:54.755074 7f2fbff200         Options.memtable_factory: SkipListFactory
2020/03/01-14:31:54.755080 7f2fbff200            Options.table_factory: BlockBasedTable
2020/03/01-14:31:54.755182 7f2fbff200            table_factory options:   flush_block_policy_factory: FlushBlockBySizePolicyFactory (0x7f20074410)
  cache_index_and_filter_blocks: 0
  cache_index_and_filter_blocks_with_high_priority: 1
  pin_l0_filter_and_index_blocks_in_cache: 0
  pin_top_level_index_and_filter: 1
  index_type: 0
  data_block_index_type: 0
  index_shortening: 1
  data_block_hash_table_util_ratio: 0.750000
  hash_index_allow_collision: 1
  checksum: 1
  no_block_cache: 0
  block_cache: 0x7f2008c690
  block_cache_name: LRUCache
  block_cache_options:
    capacity : 8388608
    num_shard_bits : 4
    strict_capacity_limit : 0
    memory_allocator : None
    high_pri_pool_ratio: 0.000
  block_cache_compressed: (nil)
  persistent_cache: (nil)
  block_size: 4096
  block_size_deviation: 10
  block_restart_interval: 16
  index_block_restart_interval: 1
  metadata_block_size: 4096
  partition_filters: 0
  use_delta_encoding: 1
  filter_policy: nullptr
  whole_key_filtering: 1
  verify_compression: 0
  read_amp_bytes_per_bit: 0
  format_version: 2
  enable_index_compression: 1
  block_align: 0
2020/03/01-14:31:54.755195 7f2fbff200        Options.write_buffer_size: 134217728
2020/03/01-14:31:54.755201 7f2fbff200  Options.max_write_buffer_number: 6
2020/03/01-14:31:54.755209 7f2fbff200        Options.compression[0]: NoCompression
2020/03/01-14:31:54.755216 7f2fbff200        Options.compression[1]: NoCompression
2020/03/01-14:31:54.755223 7f2fbff200        Options.compression[2]: LZ4
2020/03/01-14:31:54.755230 7f2fbff200        Options.compression[3]: LZ4
2020/03/01-14:31:54.755236 7f2fbff200        Options.compression[4]: LZ4
2020/03/01-14:31:54.755243 7f2fbff200        Options.compression[5]: LZ4
2020/03/01-14:31:54.755249 7f2fbff200        Options.compression[6]: LZ4
2020/03/01-14:31:54.755256 7f2fbff200                  Options.bottommost_compression: Disabled
2020/03/01-14:31:54.755262 7f2fbff200       Options.prefix_extractor: nullptr
2020/03/01-14:31:54.755268 7f2fbff200   Options.memtable_insert_with_hint_prefix_extractor: nullptr
2020/03/01-14:31:54.755274 7f2fbff200             Options.num_levels: 7
2020/03/01-14:31:54.755280 7f2fbff200        Options.min_write_buffer_number_to_merge: 2
2020/03/01-14:31:54.755286 7f2fbff200     Options.max_write_buffer_number_to_maintain: 0
2020/03/01-14:31:54.755292 7f2fbff200     Options.max_write_buffer_size_to_maintain: 0
2020/03/01-14:31:54.755298 7f2fbff200            Options.bottommost_compression_opts.window_bits: -14
2020/03/01-14:31:54.755303 7f2fbff200                  Options.bottommost_compression_opts.level: 32767
2020/03/01-14:31:54.755309 7f2fbff200               Options.bottommost_compression_opts.strategy: 0
2020/03/01-14:31:54.755315 7f2fbff200         Options.bottommost_compression_opts.max_dict_bytes: 0
2020/03/01-14:31:54.755321 7f2fbff200         Options.bottommost_compression_opts.zstd_max_train_bytes: 0
2020/03/01-14:31:54.755327 7f2fbff200                  Options.bottommost_compression_opts.enabled: false
2020/03/01-14:31:54.755333 7f2fbff200            Options.compression_opts.window_bits: -14
2020/03/01-14:31:54.755340 7f2fbff200                  Options.compression_opts.level: 32767
2020/03/01-14:31:54.755345 7f2fbff200               Options.compression_opts.strategy: 0
2020/03/01-14:31:54.755351 7f2fbff200         Options.compression_opts.max_dict_bytes: 0
2020/03/01-14:31:54.755357 7f2fbff200         Options.compression_opts.zstd_max_train_bytes: 0
2020/03/01-14:31:54.755410 7f2fbff200                  Options.compression_opts.enabled: false
2020/03/01-14:31:54.755417 7f2fbff200      Options.level0_file_num_compaction_trigger: 2
2020/03/01-14:31:54.755423 7f2fbff200          Options.level0_slowdown_writes_trigger: 20
2020/03/01-14:31:54.755429 7f2fbff200              Options.level0_stop_writes_trigger: 36
2020/03/01-14:31:54.755435 7f2fbff200                   Options.target_file_size_base: 67108864
2020/03/01-14:31:54.755441 7f2fbff200             Options.target_file_size_multiplier: 1
2020/03/01-14:31:54.755446 7f2fbff200                Options.max_bytes_for_level_base: 536870912
2020/03/01-14:31:54.755452 7f2fbff200                      Options.snap_refresh_nanos: 0
2020/03/01-14:31:54.755458 7f2fbff200 Options.level_compaction_dynamic_level_bytes: 0
2020/03/01-14:31:54.755463 7f2fbff200          Options.max_bytes_for_level_multiplier: 10.000000
2020/03/01-14:31:54.755474 7f2fbff200 Options.max_bytes_for_level_multiplier_addtl[0]: 1
2020/03/01-14:31:54.755481 7f2fbff200 Options.max_bytes_for_level_multiplier_addtl[1]: 1
2020/03/01-14:31:54.755487 7f2fbff200 Options.max_bytes_for_level_multiplier_addtl[2]: 1
2020/03/01-14:31:54.755492 7f2fbff200 Options.max_bytes_for_level_multiplier_addtl[3]: 1
2020/03/01-14:31:54.755498 7f2fbff200 Options.max_bytes_for_level_multiplier_addtl[4]: 1
2020/03/01-14:31:54.755504 7f2fbff200 Options.max_bytes_for_level_multiplier_addtl[5]: 1
2020/03/01-14:31:54.755510 7f2fbff200 Options.max_bytes_for_level_multiplier_addtl[6]: 1
2020/03/01-14:31:54.755515 7f2fbff200       Options.max_sequential_skip_in_iterations: 8
2020/03/01-14:31:54.755521 7f2fbff200                    Options.max_compaction_bytes: 1677721600
2020/03/01-14:31:54.755527 7f2fbff200                        Options.arena_block_size: 16777216
2020/03/01-14:31:54.755533 7f2fbff200   Options.soft_pending_compaction_bytes_limit: 68719476736
2020/03/01-14:31:54.755539 7f2fbff200   Options.hard_pending_compaction_bytes_limit: 274877906944
2020/03/01-14:31:54.755545 7f2fbff200       Options.rate_limit_delay_max_milliseconds: 100
2020/03/01-14:31:54.755550 7f2fbff200                Options.disable_auto_compactions: 0
2020/03/01-14:31:54.755558 7f2fbff200                        Options.compaction_style: kCompactionStyleLevel
2020/03/01-14:31:54.755565 7f2fbff200                          Options.compaction_pri: kMinOverlappingRatio
2020/03/01-14:31:54.755571 7f2fbff200 Options.compaction_options_universal.size_ratio: 1
2020/03/01-14:31:54.755577 7f2fbff200 Options.compaction_options_universal.min_merge_width: 2
2020/03/01-14:31:54.755583 7f2fbff200 Options.compaction_options_universal.max_merge_width: 4294967295
2020/03/01-14:31:54.755588 7f2fbff200 Options.compaction_options_universal.max_size_amplification_percent: 200
2020/03/01-14:31:54.755594 7f2fbff200 Options.compaction_options_universal.compression_size_percent: -1
2020/03/01-14:31:54.755601 7f2fbff200 Options.compaction_options_universal.stop_style: kCompactionStopStyleTotalSize
2020/03/01-14:31:54.755606 7f2fbff200 Options.compaction_options_fifo.max_table_files_size: 1073741824
2020/03/01-14:31:54.755612 7f2fbff200 Options.compaction_options_fifo.allow_compaction: 0
2020/03/01-14:31:54.755618 7f2fbff200                   Options.table_properties_collectors: 
2020/03/01-14:31:54.755624 7f2fbff200                   Options.inplace_update_support: 0
2020/03/01-14:31:54.755630 7f2fbff200                 Options.inplace_update_num_locks: 10000
2020/03/01-14:31:54.755636 7f2fbff200               Options.memtable_prefix_bloom_size_ratio: 0.000000
2020/03/01-14:31:54.755643 7f2fbff200               Options.memtable_whole_key_filtering: 0
2020/03/01-14:31:54.755648 7f2fbff200   Options.memtable_huge_page_size: 0
2020/03/01-14:31:54.755654 7f2fbff200                           Options.bloom_locality: 0
2020/03/01-14:31:54.755660 7f2fbff200                    Options.max_successive_merges: 0
2020/03/01-14:31:54.755665 7f2fbff200                Options.optimize_filters_for_hits: 0
2020/03/01-14:31:54.755671 7f2fbff200                Options.paranoid_file_checks: 0
2020/03/01-14:31:54.755697 7f2fbff200                Options.force_consistency_checks: 0
2020/03/01-14:31:54.755704 7f2fbff200                Options.report_bg_io_stats: 0
2020/03/01-14:31:54.755710 7f2fbff200                               Options.ttl: 0
2020/03/01-14:31:54.755716 7f2fbff200          Options.periodic_compaction_seconds: 0
2020/03/01-14:31:54.755934 7f2fbff200 [_impl/db_impl.cc:2167] Created column family [usertable] (ID 1)
2020/03/01-14:31:54.842115 7f2fbff200 DB pointer 0x7f2008ead0
2020/03/01-14:31:54.846326 7ed97ff200 [_impl/db_impl.cc:853] ------- DUMPING STATS -------
2020/03/01-14:31:54.846614 7ed97ff200 [_impl/db_impl.cc:854] 
** DB Stats **
Uptime(secs): 0.2 total, 0.2 interval
Cumulative writes: 0 writes, 0 keys, 0 commit groups, 0.0 writes per commit group, ingest: 0.00 GB, 0.00 MB/s
Cumulative WAL: 0 writes, 0 syncs, 0.00 writes per sync, written: 0.00 GB, 0.00 MB/s
Cumulative stall: 00:00:0.000 H:M:S, 0.0 percent
Interval writes: 0 writes, 0 keys, 0 commit groups, 0.0 writes per commit group, ingest: 0.00 MB, 0.00 MB/s
Interval WAL: 0 writes, 0 syncs, 0.00 writes per sync, written: 0.00 MB, 0.00 MB/s
Interval stall: 00:00:0.000 H:M:S, 0.0 percent

** Compaction Stats [default] **
Level    Files   Size     Score Read(GB)  Rn(GB) Rnp1(GB) Write(GB) Wnew(GB) Moved(GB) W-Amp Rd(MB/s) Wr(MB/s) Comp(sec) CompMergeCPU(sec) Comp(cnt) Avg(sec) KeyIn KeyDrop
----------------------------------------------------------------------------------------------------------------------------------------------------------------------------
 Sum      0/0    0.00 KB   0.0      0.0     0.0      0.0       0.0      0.0       0.0   0.0      0.0      0.0      0.00              0.00         0    0.000       0      0
 Int      0/0    0.00 KB   0.0      0.0     0.0      0.0       0.0      0.0       0.0   0.0      0.0      0.0      0.00              0.00         0    0.000       0      0

** Compaction Stats [default] **
Priority    Files   Size     Score Read(GB)  Rn(GB) Rnp1(GB) Write(GB) Wnew(GB) Moved(GB) W-Amp Rd(MB/s) Wr(MB/s) Comp(sec) CompMergeCPU(sec) Comp(cnt) Avg(sec) KeyIn KeyDrop
-------------------------------------------------------------------------------------------------------------------------------------------------------------------------------
Uptime(secs): 0.2 total, 0.2 interval
Flush(GB): cumulative 0.000, interval 0.000
AddFile(GB): cumulative 0.000, interval 0.000
AddFile(Total Files): cumulative 0, interval 0
AddFile(L0 Files): cumulative 0, interval 0
AddFile(Keys): cumulative 0, interval 0
Cumulative compaction: 0.00 GB write, 0.00 MB/s write, 0.00 GB read, 0.00 MB/s read, 0.0 seconds
Interval compaction: 0.00 GB write, 0.00 MB/s write, 0.00 GB read, 0.00 MB/s read, 0.0 seconds
Stalls(count): 0 level0_slowdown, 0 level0_slowdown_with_compaction, 0 level0_numfiles, 0 level0_numfiles_with_compaction, 0 stop for pending_compaction_bytes, 0 slowdown for pending_compaction_bytes, 0 memtable_compaction, 0 memtable_slowdown, interval 0 total count

** File Read Latency Histogram By Level [default] **

** Compaction Stats [usertable] **
Level    Files   Size     Score Read(GB)  Rn(GB) Rnp1(GB) Write(GB) Wnew(GB) Moved(GB) W-Amp Rd(MB/s) Wr(MB/s) Comp(sec) CompMergeCPU(sec) Comp(cnt) Avg(sec) KeyIn KeyDrop
----------------------------------------------------------------------------------------------------------------------------------------------------------------------------
 Sum      0/0    0.00 KB   0.0      0.0     0.0      0.0       0.0      0.0       0.0   0.0      0.0      0.0      0.00              0.00         0    0.000       0      0
 Int      0/0    0.00 KB   0.0      0.0     0.0      0.0       0.0      0.0       0.0   0.0      0.0      0.0      0.00              0.00         0    0.000       0      0

** Compaction Stats [usertable] **
Priority    Files   Size     Score Read(GB)  Rn(GB) Rnp1(GB) Write(GB) Wnew(GB) Moved(GB) W-Amp Rd(MB/s) Wr(MB/s) Comp(sec) CompMergeCPU(sec) Comp(cnt) Avg(sec) KeyIn KeyDrop
-------------------------------------------------------------------------------------------------------------------------------------------------------------------------------
Uptime(secs): 0.1 total, 0.1 interval
Flush(GB): cumulative 0.000, interval 0.000
AddFile(GB): cumulative 0.000, interval 0.000
AddFile(Total Files): cumulative 0, interval 0
AddFile(L0 Files): cumulative 0, interval 0
AddFile(Keys): cumulative 0, interval 0
Cumulative compaction: 0.00 GB write, 0.00 MB/s write, 0.00 GB read, 0.00 MB/s read, 0.0 seconds
Interval compaction: 0.00 GB write, 0.00 MB/s write, 0.00 GB read, 0.00 MB/s read, 0.0 seconds
Stalls(count): 0 level0_slowdown, 0 level0_slowdown_with_compaction, 0 level0_numfiles, 0 level0_numfiles_with_compaction, 0 stop for pending_compaction_bytes, 0 slowdown for pending_compaction_bytes, 0 memtable_compaction, 0 memtable_slowdown, interval 0 total count

** File Read Latency Histogram By Level [usertable] **

** Compaction Stats [default] **
Level    Files   Size     Score Read(GB)  Rn(GB) Rnp1(GB) Write(GB) Wnew(GB) Moved(GB) W-Amp Rd(MB/s) Wr(MB/s) Comp(sec) CompMergeCPU(sec) Comp(cnt) Avg(sec) KeyIn KeyDrop
----------------------------------------------------------------------------------------------------------------------------------------------------------------------------
 Sum      0/0    0.00 KB   0.0      0.0     0.0      0.0       0.0      0.0       0.0   0.0      0.0      0.0      0.00              0.00         0    0.000       0      0
 Int      0/0    0.00 KB   0.0      0.0     0.0      0.0       0.0      0.0       0.0   0.0      0.0      0.0      0.00              0.00         0    0.000       0      0

** Compaction Stats [default] **
Priority    Files   Size     Score Read(GB)  Rn(GB) Rnp1(GB) Write(GB) Wnew(GB) Moved(GB) W-Amp Rd(MB/s) Wr(MB/s) Comp(sec) CompMergeCPU(sec) Comp(cnt) Avg(sec) KeyIn KeyDrop
-------------------------------------------------------------------------------------------------------------------------------------------------------------------------------
Uptime(secs): 0.2 total, 0.0 interval
Flush(GB): cumulative 0.000, interval 0.000
AddFile(GB): cumulative 0.000, interval 0.000
AddFile(Total Files): cumulative 0, interval 0
AddFile(L0 Files): cumulative 0, interval 0
AddFile(Keys): cumulative 0, interval 0
Cumulative compaction: 0.00 GB write, 0.00 MB/s write, 0.00 GB read, 0.00 MB/s read, 0.0 seconds
Interval compaction: 0.00 GB write, 0.00 MB/s write, 0.00 GB read, 0.00 MB/s read, 0.0 seconds
Stalls(count): 0 level0_slowdown, 0 level0_slowdown_with_compaction, 0 level0_numfiles, 0 level0_numfiles_with_compaction, 0 stop for pending_compaction_bytes, 0 slowdown for pending_compaction_bytes, 0 memtable_compaction, 0 memtable_slowdown, interval 0 total count

** File Read Latency Histogram By Level [default] **

** Compaction Stats [usertable] **
Level    Files   Size     Score Read(GB)  Rn(GB) Rnp1(GB) Write(GB) Wnew(GB) Moved(GB) W-Amp Rd(MB/s) Wr(MB/s) Comp(sec) CompMergeCPU(sec) Comp(cnt) Avg(sec) KeyIn KeyDrop
----------------------------------------------------------------------------------------------------------------------------------------------------------------------------
 Sum      0/0    0.00 KB   0.0      0.0     0.0      0.0       0.0      0.0       0.0   0.0      0.0      0.0      0.00              0.00         0    0.000       0      0
 Int      0/0    0.00 KB   0.0      0.0     0.0      0.0       0.0      0.0       0.0   0.0      0.0      0.0      0.00              0.00         0    0.000       0      0

** Compaction Stats [usertable] **
Priority    Files   Size     Score Read(GB)  Rn(GB) Rnp1(GB) Write(GB) Wnew(GB) Moved(GB) W-Amp Rd(MB/s) Wr(MB/s) Comp(sec) CompMergeCPU(sec) Comp(cnt) Avg(sec) KeyIn KeyDrop
-------------------------------------------------------------------------------------------------------------------------------------------------------------------------------
Uptime(secs): 0.1 total, 0.0 interval
Flush(GB): cumulative 0.000, interval 0.000
AddFile(GB): cumulative 0.000, interval 0.000
AddFile(Total Files): cumulative 0, interval 0
AddFile(L0 Files): cumulative 0, interval 0
AddFile(Keys): cumulative 0, interval 0
Cumulative compaction: 0.00 GB write, 0.00 MB/s write, 0.00 GB read, 0.00 MB/s read, 0.0 seconds
Interval compaction: 0.00 GB write, 0.00 MB/s write, 0.00 GB read, 0.00 MB/s read, 0.0 seconds
Stalls(count): 0 level0_slowdown, 0 level0_slowdown_with_compaction, 0 level0_numfiles, 0 level0_numfiles_with_compaction, 0 stop for pending_compaction_bytes, 0 slowdown for pending_compaction_bytes, 0 memtable_compaction, 0 memtable_slowdown, interval 0 total count

** File Read Latency Histogram By Level [usertable] **
2020/03/01-14:32:53.943651 7edafff200 [_impl/db_impl_write.cc:1656] [usertable] New memtable created with log file: #9. Immutable memtables: 0.
2020/03/01-14:33:54.771122 7eda7ff200 [_impl/db_impl_write.cc:1656] [usertable] New memtable created with log file: #10. Immutable memtables: 1.
2020/03/01-14:33:54.818793 7f027ff200 [_impl/db_impl_compaction_flush.cc:106] [JOB 8] Syncing log #3
2020/03/01-14:33:54.819049 7f027ff200 [_impl/db_impl_compaction_flush.cc:106] [JOB 8] Syncing log #9
2020/03/01-14:33:55.077716 7f027ff200 (Original Log Time 2020/03/01-14:33:54.818695) [_impl/db_impl_compaction_flush.cc:2188] Calling FlushMemTableToOutputFile with column family [usertable], flush slots available 6, compaction slots available 1, flush slots scheduled 6, compaction slots scheduled 0
2020/03/01-14:33:55.077743 7f027ff200 [ush_job.cc:320] [usertable] [JOB 8] Flushing memtable with next log file: 9
2020/03/01-14:33:55.077766 7f027ff200 [ush_job.cc:320] [usertable] [JOB 8] Flushing memtable with next log file: 10
2020/03/01-14:33:55.077847 7f027ff200 EVENT_LOG_v1 {"time_micros": 1583073235077815, "job": 8, "event": "flush_started", "num_memtables": 2, "num_entries": 61515, "num_deletes": 0, "total_data_size": 253626345, "memory_usage": 260135920, "flush_reason": "Write Buffer Full"}
2020/03/01-14:33:55.077860 7f027ff200 [ush_job.cc:349] [usertable] [JOB 8] Level-0 flush table #11: started
2020/03/01-14:33:57.944942 7f027ff200 EVENT_LOG_v1 {"time_micros": 1583073237944848, "cf_name": "usertable", "job": 8, "event": "table_file_creation", "file_number": 11, "file_size": 256757049, "table_properties": {"data_size": 254487555, "index_size": 2268719, "index_partitions": 0, "top_level_index_size": 0, "index_key_is_user_key": 0, "index_value_is_delta_encoded": 0, "filter_size": 0, "raw_key_size": 1476360, "raw_average_key_size": 24, "raw_value_size": 251965440, "raw_average_value_size": 4096, "num_data_blocks": 61515, "num_entries": 61515, "num_deletions": 0, "num_merge_operands": 0, "num_range_deletions": 0, "format_version": 0, "fixed_key_len": 0, "filter_policy": "", "column_family_name": "usertable", "column_family_id": 1, "comparator": "leveldb.BytewiseComparator", "merge_operator": "nullptr", "prefix_extractor_name": "nullptr", "property_collectors": "[]", "compression": "NoCompression", "compression_options": "window_bits=-14; level=32767; strategy=0; max_dict_bytes=0; zstd_max_train_bytes=0; enabled=0; ", "creation_time": 1583073235, "oldest_key_time": 1583073114, "file_creation_time": 1583073235}}
2020/03/01-14:33:57.945015 7f027ff200 [ush_job.cc:390] [usertable] [JOB 8] Level-0 flush table #11: 256757049 bytes OK
2020/03/01-14:33:57.978373 7f027ff200 (Original Log Time 2020/03/01-14:33:57.945056) [mtable_list.cc:432] [usertable] Level-0 commit table #11 started
2020/03/01-14:33:57.978381 7f027ff200 (Original Log Time 2020/03/01-14:33:57.978152) [mtable_list.cc:480] [usertable] Level-0 commit table #11: memtable #1 done
2020/03/01-14:33:57.978386 7f027ff200 (Original Log Time 2020/03/01-14:33:57.978174) [mtable_list.cc:480] [usertable] Level-0 commit table #11: memtable #2 done
2020/03/01-14:33:57.978390 7f027ff200 (Original Log Time 2020/03/01-14:33:57.978232) EVENT_LOG_v1 {"time_micros": 1583073237978209, "job": 8, "event": "flush_finished", "output_compression": "NoCompression", "lsm_state": [1, 0, 0, 0, 0, 0, 0], "immutable_memtables": 0}
2020/03/01-14:33:57.978394 7f027ff200 (Original Log Time 2020/03/01-14:33:57.978273) [_impl/db_impl_compaction_flush.cc:206] [usertable] Level summary: files[1 0 0 0 0 0 0] max score 0.50
2020/03/01-14:33:57.978435 7f027ff200 [_impl/db_impl_files.cc:352] [JOB 8] Try to delete WAL files size 253389867, prev total WAL file size 260516477, number of live WAL files 3.
2020/03/01-14:34:57.575420 7efa7fe200 [_impl/db_impl_write.cc:1656] [usertable] New memtable created with log file: #12. Immutable memtables: 0.
2020/03/01-14:35:57.398918 7efa5fe200 [_impl/db_impl_write.cc:1656] [usertable] New memtable created with log file: #13. Immutable memtables: 1.
2020/03/01-14:35:57.402565 7f01fff200 [_impl/db_impl_compaction_flush.cc:106] [JOB 24] Syncing log #10
2020/03/01-14:35:57.402832 7f01fff200 [_impl/db_impl_compaction_flush.cc:106] [JOB 24] Syncing log #12
2020/03/01-14:35:57.660679 7f01fff200 (Original Log Time 2020/03/01-14:35:57.402508) [_impl/db_impl_compaction_flush.cc:2188] Calling FlushMemTableToOutputFile with column family [usertable], flush slots available 6, compaction slots available 1, flush slots scheduled 6, compaction slots scheduled 0
2020/03/01-14:35:57.660703 7f01fff200 [ush_job.cc:320] [usertable] [JOB 24] Flushing memtable with next log file: 12
2020/03/01-14:35:57.660715 7f01fff200 [ush_job.cc:320] [usertable] [JOB 24] Flushing memtable with next log file: 13
2020/03/01-14:35:57.660769 7f01fff200 EVENT_LOG_v1 {"time_micros": 1583073357660753, "job": 24, "event": "flush_started", "num_memtables": 2, "num_entries": 61531, "num_deletes": 0, "total_data_size": 253692313, "memory_usage": 260148104, "flush_reason": "Write Buffer Full"}
2020/03/01-14:35:57.660780 7f01fff200 [ush_job.cc:349] [usertable] [JOB 24] Level-0 flush table #14: started
