2020/01/16-19:40:23.209091 7f5d20be0700 RocksDB version: 6.1.2
2020/01/16-19:40:23.209209 7f5d20be0700 Git sha rocksdb_build_git_sha:4f1920556570c04d306d3ff0aa9a33db259bb8f0
2020/01/16-19:40:23.209217 7f5d20be0700 Compile date Jan  7 2020
2020/01/16-19:40:23.209253 7f5d20be0700 DB SUMMARY
2020/01/16-19:40:23.209309 7f5d20be0700 SST files in /mnt/sda/ycsb-rocksdb-data dir, Total Num: 0, files: 
2020/01/16-19:40:23.209315 7f5d20be0700 Write Ahead Log file in /mnt/sda/ycsb-rocksdb-data: 
2020/01/16-19:40:23.209322 7f5d20be0700                         Options.error_if_exists: 0
2020/01/16-19:40:23.209325 7f5d20be0700                       Options.create_if_missing: 1
2020/01/16-19:40:23.209327 7f5d20be0700                         Options.paranoid_checks: 1
2020/01/16-19:40:23.209330 7f5d20be0700                                     Options.env: 0x7f5d18ff7ba0
2020/01/16-19:40:23.209332 7f5d20be0700                                Options.info_log: 0x7f5c280c08a0
2020/01/16-19:40:23.209335 7f5d20be0700                Options.max_file_opening_threads: 16
2020/01/16-19:40:23.209337 7f5d20be0700                              Options.statistics: (nil)
2020/01/16-19:40:23.209340 7f5d20be0700                               Options.use_fsync: 0
2020/01/16-19:40:23.209342 7f5d20be0700                       Options.max_log_file_size: 0
2020/01/16-19:40:23.209345 7f5d20be0700                  Options.max_manifest_file_size: 1073741824
2020/01/16-19:40:23.209347 7f5d20be0700                   Options.log_file_time_to_roll: 0
2020/01/16-19:40:23.209349 7f5d20be0700                       Options.keep_log_file_num: 1000
2020/01/16-19:40:23.209351 7f5d20be0700                    Options.recycle_log_file_num: 0
2020/01/16-19:40:23.209353 7f5d20be0700                         Options.allow_fallocate: 1
2020/01/16-19:40:23.209355 7f5d20be0700                        Options.allow_mmap_reads: 0
2020/01/16-19:40:23.209357 7f5d20be0700                       Options.allow_mmap_writes: 0
2020/01/16-19:40:23.209359 7f5d20be0700                        Options.use_direct_reads: 0
2020/01/16-19:40:23.209396 7f5d20be0700                        Options.use_direct_io_for_flush_and_compaction: 0
2020/01/16-19:40:23.209399 7f5d20be0700          Options.create_missing_column_families: 1
2020/01/16-19:40:23.209401 7f5d20be0700                              Options.db_log_dir: 
2020/01/16-19:40:23.209403 7f5d20be0700                                 Options.wal_dir: /mnt/sda/ycsb-rocksdb-data
2020/01/16-19:40:23.209405 7f5d20be0700                Options.table_cache_numshardbits: 6
2020/01/16-19:40:23.209407 7f5d20be0700                      Options.max_subcompactions: 1
2020/01/16-19:40:23.209409 7f5d20be0700                  Options.max_background_flushes: 24
2020/01/16-19:40:23.209411 7f5d20be0700                         Options.WAL_ttl_seconds: 0
2020/01/16-19:40:23.209413 7f5d20be0700                       Options.WAL_size_limit_MB: 0
2020/01/16-19:40:23.209415 7f5d20be0700             Options.manifest_preallocation_size: 4194304
2020/01/16-19:40:23.209418 7f5d20be0700                     Options.is_fd_close_on_exec: 1
2020/01/16-19:40:23.209420 7f5d20be0700                   Options.advise_random_on_open: 1
2020/01/16-19:40:23.209422 7f5d20be0700                    Options.db_write_buffer_size: 0
2020/01/16-19:40:23.209424 7f5d20be0700                    Options.write_buffer_manager: 0x7f5c280b0280
2020/01/16-19:40:23.209426 7f5d20be0700         Options.access_hint_on_compaction_start: 1
2020/01/16-19:40:23.209429 7f5d20be0700  Options.new_table_reader_for_compaction_inputs: 0
2020/01/16-19:40:23.209431 7f5d20be0700           Options.random_access_max_buffer_size: 1048576
2020/01/16-19:40:23.209433 7f5d20be0700                      Options.use_adaptive_mutex: 0
2020/01/16-19:40:23.209435 7f5d20be0700                            Options.rate_limiter: (nil)
2020/01/16-19:40:23.209440 7f5d20be0700     Options.sst_file_manager.rate_bytes_per_sec: 0
2020/01/16-19:40:23.209443 7f5d20be0700                       Options.wal_recovery_mode: 2
2020/01/16-19:40:23.209445 7f5d20be0700                  Options.enable_thread_tracking: 0
2020/01/16-19:40:23.209447 7f5d20be0700                  Options.enable_pipelined_write: 0
2020/01/16-19:40:23.209475 7f5d20be0700         Options.allow_concurrent_memtable_write: 1
2020/01/16-19:40:23.209479 7f5d20be0700      Options.enable_write_thread_adaptive_yield: 1
2020/01/16-19:40:23.209481 7f5d20be0700             Options.write_thread_max_yield_usec: 100
2020/01/16-19:40:23.209483 7f5d20be0700            Options.write_thread_slow_yield_usec: 3
2020/01/16-19:40:23.209485 7f5d20be0700                               Options.row_cache: None
2020/01/16-19:40:23.209487 7f5d20be0700                              Options.wal_filter: None
2020/01/16-19:40:23.209489 7f5d20be0700             Options.avoid_flush_during_recovery: 0
2020/01/16-19:40:23.209491 7f5d20be0700             Options.allow_ingest_behind: 0
2020/01/16-19:40:23.209494 7f5d20be0700             Options.preserve_deletes: 0
2020/01/16-19:40:23.209496 7f5d20be0700             Options.two_write_queues: 0
2020/01/16-19:40:23.209498 7f5d20be0700             Options.manual_wal_flush: 0
2020/01/16-19:40:23.209500 7f5d20be0700             Options.atomic_flush: 0
2020/01/16-19:40:23.209502 7f5d20be0700             Options.avoid_unnecessary_blocking_io: 0
2020/01/16-19:40:23.209507 7f5d20be0700             Options.max_background_jobs: 24
2020/01/16-19:40:23.209509 7f5d20be0700             Options.max_background_compactions: 24
2020/01/16-19:40:23.209511 7f5d20be0700             Options.avoid_flush_during_shutdown: 0
2020/01/16-19:40:23.209513 7f5d20be0700           Options.writable_file_max_buffer_size: 1048576
2020/01/16-19:40:23.209515 7f5d20be0700             Options.delayed_write_rate : 16777216
2020/01/16-19:40:23.209518 7f5d20be0700             Options.max_total_wal_size: 0
2020/01/16-19:40:23.209520 7f5d20be0700             Options.delete_obsolete_files_period_micros: 21600000000
2020/01/16-19:40:23.209522 7f5d20be0700                   Options.stats_dump_period_sec: 600
2020/01/16-19:40:23.209524 7f5d20be0700                 Options.stats_persist_period_sec: 600
2020/01/16-19:40:23.209527 7f5d20be0700                 Options.stats_history_buffer_size: 1048576
2020/01/16-19:40:23.209529 7f5d20be0700                          Options.max_open_files: -1
2020/01/16-19:40:23.209531 7f5d20be0700                          Options.bytes_per_sync: 1048576
2020/01/16-19:40:23.209533 7f5d20be0700                      Options.wal_bytes_per_sync: 0
2020/01/16-19:40:23.209535 7f5d20be0700       Options.compaction_readahead_size: 0
2020/01/16-19:40:23.209537 7f5d20be0700 Compression algorithms supported:
2020/01/16-19:40:23.209540 7f5d20be0700 	kZSTDNotFinalCompression supported: 1
2020/01/16-19:40:23.209558 7f5d20be0700 	kZSTD supported: 1
2020/01/16-19:40:23.209561 7f5d20be0700 	kXpressCompression supported: 0
2020/01/16-19:40:23.209563 7f5d20be0700 	kLZ4HCCompression supported: 1
2020/01/16-19:40:23.209566 7f5d20be0700 	kLZ4Compression supported: 1
2020/01/16-19:40:23.209568 7f5d20be0700 	kBZip2Compression supported: 1
2020/01/16-19:40:23.209571 7f5d20be0700 	kZlibCompression supported: 1
2020/01/16-19:40:23.209573 7f5d20be0700 	kSnappyCompression supported: 1
2020/01/16-19:40:23.209582 7f5d20be0700 Fast CRC32 supported: Supported on x86
2020/01/16-19:40:23.209779 7f5d20be0700 [/db_impl_open.cc:228] Creating manifest 1 
2020/01/16-19:40:23.311957 7f5d20be0700 [/version_set.cc:3742] Recovering from manifest file: /mnt/sda/ycsb-rocksdb-data/MANIFEST-000001
2020/01/16-19:40:23.312267 7f5d20be0700 [/column_family.cc:698] --------------- Options for column family [default]:
2020/01/16-19:40:23.312278 7f5d20be0700               Options.comparator: leveldb.BytewiseComparator
2020/01/16-19:40:23.312282 7f5d20be0700           Options.merge_operator: None
2020/01/16-19:40:23.312285 7f5d20be0700        Options.compaction_filter: None
2020/01/16-19:40:23.312287 7f5d20be0700        Options.compaction_filter_factory: None
2020/01/16-19:40:23.312290 7f5d20be0700         Options.memtable_factory: SkipListFactory
2020/01/16-19:40:23.312293 7f5d20be0700            Options.table_factory: BlockBasedTable
2020/01/16-19:40:23.312389 7f5d20be0700            table_factory options:   flush_block_policy_factory: FlushBlockBySizePolicyFactory (0x7f5c280b0e80)
  cache_index_and_filter_blocks: 0
  cache_index_and_filter_blocks_with_high_priority: 0
  pin_l0_filter_and_index_blocks_in_cache: 0
  pin_top_level_index_and_filter: 1
  index_type: 0
  data_block_index_type: 0
  data_block_hash_table_util_ratio: 0.750000
  hash_index_allow_collision: 1
  checksum: 1
  no_block_cache: 0
  block_cache: 0x7f5c280b08c0
  block_cache_name: LRUCache
  block_cache_options:
    capacity : 8388608
    num_shard_bits : 4
    strict_capacity_limit : 0
    memory_allocator : None
    high_pri_pool_ratio: 0.000
  block_cache_compressed: (nil)
  persistent_cache: (nil)
  block_size: 8192
  block_size_deviation: 10
  block_restart_interval: 16
  index_block_restart_interval: 1
  metadata_block_size: 4096
  partition_filters: 0
  use_delta_encoding: 1
  filter_policy: nullptr
  whole_key_filtering: 1
  verify_compression: 0
  read_amp_bytes_per_bit: 0
  format_version: 2
  enable_index_compression: 1
  block_align: 0
2020/01/16-19:40:23.312395 7f5d20be0700        Options.write_buffer_size: 134217728
2020/01/16-19:40:23.312398 7f5d20be0700  Options.max_write_buffer_number: 8
2020/01/16-19:40:23.312401 7f5d20be0700        Options.compression[0]: NoCompression
2020/01/16-19:40:23.312404 7f5d20be0700        Options.compression[1]: NoCompression
2020/01/16-19:40:23.312406 7f5d20be0700        Options.compression[2]: Snappy
2020/01/16-19:40:23.312408 7f5d20be0700        Options.compression[3]: Snappy
2020/01/16-19:40:23.312411 7f5d20be0700        Options.compression[4]: Snappy
2020/01/16-19:40:23.312413 7f5d20be0700        Options.compression[5]: Snappy
2020/01/16-19:40:23.312415 7f5d20be0700        Options.compression[6]: Snappy
2020/01/16-19:40:23.312417 7f5d20be0700                  Options.bottommost_compression: Disabled
2020/01/16-19:40:23.312420 7f5d20be0700       Options.prefix_extractor: nullptr
2020/01/16-19:40:23.312422 7f5d20be0700   Options.memtable_insert_with_hint_prefix_extractor: nullptr
2020/01/16-19:40:23.312424 7f5d20be0700             Options.num_levels: 6
2020/01/16-19:40:23.312426 7f5d20be0700        Options.min_write_buffer_number_to_merge: 2
2020/01/16-19:40:23.312428 7f5d20be0700     Options.max_write_buffer_number_to_maintain: 0
2020/01/16-19:40:23.312431 7f5d20be0700            Options.bottommost_compression_opts.window_bits: -14
2020/01/16-19:40:23.312433 7f5d20be0700                  Options.bottommost_compression_opts.level: 32767
2020/01/16-19:40:23.312435 7f5d20be0700               Options.bottommost_compression_opts.strategy: 0
2020/01/16-19:40:23.312438 7f5d20be0700         Options.bottommost_compression_opts.max_dict_bytes: 0
2020/01/16-19:40:23.312440 7f5d20be0700         Options.bottommost_compression_opts.zstd_max_train_bytes: 0
2020/01/16-19:40:23.312442 7f5d20be0700                  Options.bottommost_compression_opts.enabled: false
2020/01/16-19:40:23.312444 7f5d20be0700            Options.compression_opts.window_bits: -14
2020/01/16-19:40:23.312447 7f5d20be0700                  Options.compression_opts.level: 32767
2020/01/16-19:40:23.312449 7f5d20be0700               Options.compression_opts.strategy: 0
2020/01/16-19:40:23.312451 7f5d20be0700         Options.compression_opts.max_dict_bytes: 0
2020/01/16-19:40:23.312453 7f5d20be0700         Options.compression_opts.zstd_max_train_bytes: 0
2020/01/16-19:40:23.312455 7f5d20be0700                  Options.compression_opts.enabled: false
2020/01/16-19:40:23.312457 7f5d20be0700      Options.level0_file_num_compaction_trigger: 4
2020/01/16-19:40:23.312459 7f5d20be0700          Options.level0_slowdown_writes_trigger: 20
2020/01/16-19:40:23.312461 7f5d20be0700              Options.level0_stop_writes_trigger: 36
2020/01/16-19:40:23.312464 7f5d20be0700                   Options.target_file_size_base: 67108864
2020/01/16-19:40:23.312466 7f5d20be0700             Options.target_file_size_multiplier: 1
2020/01/16-19:40:23.312468 7f5d20be0700                Options.max_bytes_for_level_base: 536870912
2020/01/16-19:40:23.312487 7f5d20be0700 Options.level_compaction_dynamic_level_bytes: 1
2020/01/16-19:40:23.312490 7f5d20be0700          Options.max_bytes_for_level_multiplier: 8.000000
2020/01/16-19:40:23.312495 7f5d20be0700 Options.max_bytes_for_level_multiplier_addtl[0]: 1
2020/01/16-19:40:23.312497 7f5d20be0700 Options.max_bytes_for_level_multiplier_addtl[1]: 1
2020/01/16-19:40:23.312499 7f5d20be0700 Options.max_bytes_for_level_multiplier_addtl[2]: 1
2020/01/16-19:40:23.312501 7f5d20be0700 Options.max_bytes_for_level_multiplier_addtl[3]: 1
2020/01/16-19:40:23.312503 7f5d20be0700 Options.max_bytes_for_level_multiplier_addtl[4]: 1
2020/01/16-19:40:23.312505 7f5d20be0700 Options.max_bytes_for_level_multiplier_addtl[5]: 1
2020/01/16-19:40:23.312508 7f5d20be0700 Options.max_bytes_for_level_multiplier_addtl[6]: 1
2020/01/16-19:40:23.312510 7f5d20be0700       Options.max_sequential_skip_in_iterations: 8
2020/01/16-19:40:23.312512 7f5d20be0700                    Options.max_compaction_bytes: 1677721600
2020/01/16-19:40:23.312514 7f5d20be0700                        Options.arena_block_size: 16777216
2020/01/16-19:40:23.312516 7f5d20be0700   Options.soft_pending_compaction_bytes_limit: 68719476736
2020/01/16-19:40:23.312519 7f5d20be0700   Options.hard_pending_compaction_bytes_limit: 274877906944
2020/01/16-19:40:23.312521 7f5d20be0700       Options.rate_limit_delay_max_milliseconds: 100
2020/01/16-19:40:23.312523 7f5d20be0700                Options.disable_auto_compactions: 0
2020/01/16-19:40:23.312525 7f5d20be0700                      Options.allow_trivial_move: 0
2020/01/16-19:40:23.312527 7f5d20be0700                      Options.vlog_direct_IO: 0
2020/01/16-19:40:23.312529 7f5d20be0700               Options.compaction_score_limit_L0: 1000.000000
2020/01/16-19:40:23.312535 7f5d20be0700                     Options.min_indirect_val_size[0]: 24
2020/01/16-19:40:23.312537 7f5d20be0700       Options.fraction_remapped_during_compaction[0]: 20
2020/01/16-19:40:23.312540 7f5d20be0700 Options.fraction_remapped_during_active_recycling[0]: 15
2020/01/16-19:40:23.312542 7f5d20be0700    Options.fragmentation_active_recycling_trigger[0]: 25
2020/01/16-19:40:23.312544 7f5d20be0700     Options.fragmentation_active_recycling_klaxon[0]: 50
2020/01/16-19:40:23.312546 7f5d20be0700                Options.active_recycling_sst_minct[0]: 5
2020/01/16-19:40:23.312549 7f5d20be0700                Options.active_recycling_sst_maxct[0]: 15
2020/01/16-19:40:23.312551 7f5d20be0700       Options.active_recycling_vlogfile_freed_min[0]: 7
2020/01/16-19:40:23.312553 7f5d20be0700    Options.active_recycling_size_trigger[0]: 1073741824
2020/01/16-19:40:23.312556 7f5d20be0700                         Options.vlogfile_max_size[0]: 16777216
2020/01/16-19:40:23.312558 7f5d20be0700          Options.compaction_picker_age_importance[0]: 100
2020/01/16-19:40:23.312561 7f5d20be0700                    Options.ring_compression_style[0]: Zlib
2020/01/16-19:40:23.312566 7f5d20be0700                        Options.compaction_style: kCompactionStyleLevel
2020/01/16-19:40:23.312570 7f5d20be0700                          Options.compaction_pri: kMinOverlappingRatio
2020/01/16-19:40:23.312572 7f5d20be0700 Options.compaction_options_universal.size_ratio: 1
2020/01/16-19:40:23.312575 7f5d20be0700 Options.compaction_options_universal.min_merge_width: 2
2020/01/16-19:40:23.312577 7f5d20be0700 Options.compaction_options_universal.max_merge_width: 4294967295
2020/01/16-19:40:23.312579 7f5d20be0700 Options.compaction_options_universal.max_size_amplification_percent: 200
2020/01/16-19:40:23.312581 7f5d20be0700 Options.compaction_options_universal.compression_size_percent: -1
2020/01/16-19:40:23.312585 7f5d20be0700 Options.compaction_options_universal.stop_style: kCompactionStopStyleTotalSize
2020/01/16-19:40:23.312587 7f5d20be0700 Options.compaction_options_fifo.max_table_files_size: 1073741824
2020/01/16-19:40:23.312590 7f5d20be0700 Options.compaction_options_fifo.allow_compaction: 0
2020/01/16-19:40:23.312592 7f5d20be0700                   Options.table_properties_collectors: 
2020/01/16-19:40:23.312608 7f5d20be0700                   Options.inplace_update_support: 0
2020/01/16-19:40:23.312611 7f5d20be0700                 Options.inplace_update_num_locks: 10000
2020/01/16-19:40:23.312613 7f5d20be0700               Options.memtable_prefix_bloom_size_ratio: 0.000000
2020/01/16-19:40:23.312617 7f5d20be0700               Options.memtable_whole_key_filtering: 0
2020/01/16-19:40:23.312619 7f5d20be0700   Options.memtable_huge_page_size: 0
2020/01/16-19:40:23.312621 7f5d20be0700                           Options.bloom_locality: 0
2020/01/16-19:40:23.312624 7f5d20be0700                    Options.max_successive_merges: 0
2020/01/16-19:40:23.312626 7f5d20be0700                Options.optimize_filters_for_hits: 0
2020/01/16-19:40:23.312628 7f5d20be0700                Options.paranoid_file_checks: 0
2020/01/16-19:40:23.312630 7f5d20be0700                Options.force_consistency_checks: 0
2020/01/16-19:40:23.312632 7f5d20be0700                Options.report_bg_io_stats: 0
2020/01/16-19:40:23.312635 7f5d20be0700                               Options.ttl: 0
2020/01/16-19:40:23.314523 7f5d20be0700 [/version_set.cc:3959] Recovered from manifest file:/mnt/sda/ycsb-rocksdb-data/MANIFEST-000001 succeeded,manifest_file_number is 1, next_file_number is 3, last_sequence is 0, log_number is 0,prev_log_number is 0,max_column_family is 0,min_log_number_to_keep is 0
2020/01/16-19:40:23.314538 7f5d20be0700 [/version_set.cc:3968] Column family [default] (ID 0), log number is 0
2020/01/16-19:40:23.315029 7f5d20be0700 [/version_set.cc:3196] Creating manifest 4
2020/01/16-19:40:23.398043 7f5d20be0700 [/column_family.cc:698] --------------- Options for column family [usertable]:
2020/01/16-19:40:23.398054 7f5d20be0700               Options.comparator: leveldb.BytewiseComparator
2020/01/16-19:40:23.398058 7f5d20be0700           Options.merge_operator: None
2020/01/16-19:40:23.398060 7f5d20be0700        Options.compaction_filter: None
2020/01/16-19:40:23.398062 7f5d20be0700        Options.compaction_filter_factory: None
2020/01/16-19:40:23.398065 7f5d20be0700         Options.memtable_factory: SkipListFactory
2020/01/16-19:40:23.398067 7f5d20be0700            Options.table_factory: BlockBasedTable
2020/01/16-19:40:23.398117 7f5d20be0700            table_factory options:   flush_block_policy_factory: FlushBlockBySizePolicyFactory (0x7f5c280be3e0)
  cache_index_and_filter_blocks: 0
  cache_index_and_filter_blocks_with_high_priority: 0
  pin_l0_filter_and_index_blocks_in_cache: 0
  pin_top_level_index_and_filter: 1
  index_type: 0
  data_block_index_type: 0
  data_block_hash_table_util_ratio: 0.750000
  hash_index_allow_collision: 1
  checksum: 1
  no_block_cache: 0
  block_cache: 0x7f5c280b7c50
  block_cache_name: LRUCache
  block_cache_options:
    capacity : 8388608
    num_shard_bits : 4
    strict_capacity_limit : 0
    memory_allocator : None
    high_pri_pool_ratio: 0.000
  block_cache_compressed: (nil)
  persistent_cache: (nil)
  block_size: 8192
  block_size_deviation: 10
  block_restart_interval: 16
  index_block_restart_interval: 1
  metadata_block_size: 4096
  partition_filters: 0
  use_delta_encoding: 1
  filter_policy: nullptr
  whole_key_filtering: 1
  verify_compression: 0
  read_amp_bytes_per_bit: 0
  format_version: 2
  enable_index_compression: 1
  block_align: 0
2020/01/16-19:40:23.398123 7f5d20be0700        Options.write_buffer_size: 134217728
2020/01/16-19:40:23.398126 7f5d20be0700  Options.max_write_buffer_number: 8
2020/01/16-19:40:23.398129 7f5d20be0700        Options.compression[0]: NoCompression
2020/01/16-19:40:23.398131 7f5d20be0700        Options.compression[1]: NoCompression
2020/01/16-19:40:23.398134 7f5d20be0700        Options.compression[2]: Snappy
2020/01/16-19:40:23.398136 7f5d20be0700        Options.compression[3]: Snappy
2020/01/16-19:40:23.398138 7f5d20be0700        Options.compression[4]: Snappy
2020/01/16-19:40:23.398141 7f5d20be0700        Options.compression[5]: Snappy
2020/01/16-19:40:23.398143 7f5d20be0700        Options.compression[6]: Snappy
2020/01/16-19:40:23.398145 7f5d20be0700                  Options.bottommost_compression: Disabled
2020/01/16-19:40:23.398147 7f5d20be0700       Options.prefix_extractor: nullptr
2020/01/16-19:40:23.398149 7f5d20be0700   Options.memtable_insert_with_hint_prefix_extractor: nullptr
2020/01/16-19:40:23.398152 7f5d20be0700             Options.num_levels: 6
2020/01/16-19:40:23.398154 7f5d20be0700        Options.min_write_buffer_number_to_merge: 2
2020/01/16-19:40:23.398156 7f5d20be0700     Options.max_write_buffer_number_to_maintain: 0
2020/01/16-19:40:23.398158 7f5d20be0700            Options.bottommost_compression_opts.window_bits: -14
2020/01/16-19:40:23.398161 7f5d20be0700                  Options.bottommost_compression_opts.level: 32767
2020/01/16-19:40:23.398163 7f5d20be0700               Options.bottommost_compression_opts.strategy: 0
2020/01/16-19:40:23.398165 7f5d20be0700         Options.bottommost_compression_opts.max_dict_bytes: 0
2020/01/16-19:40:23.398167 7f5d20be0700         Options.bottommost_compression_opts.zstd_max_train_bytes: 0
2020/01/16-19:40:23.398169 7f5d20be0700                  Options.bottommost_compression_opts.enabled: false
2020/01/16-19:40:23.398172 7f5d20be0700            Options.compression_opts.window_bits: -14
2020/01/16-19:40:23.398174 7f5d20be0700                  Options.compression_opts.level: 32767
2020/01/16-19:40:23.398176 7f5d20be0700               Options.compression_opts.strategy: 0
2020/01/16-19:40:23.398178 7f5d20be0700         Options.compression_opts.max_dict_bytes: 0
2020/01/16-19:40:23.398180 7f5d20be0700         Options.compression_opts.zstd_max_train_bytes: 0
2020/01/16-19:40:23.398210 7f5d20be0700                  Options.compression_opts.enabled: false
2020/01/16-19:40:23.398214 7f5d20be0700      Options.level0_file_num_compaction_trigger: 4
2020/01/16-19:40:23.398216 7f5d20be0700          Options.level0_slowdown_writes_trigger: 20
2020/01/16-19:40:23.398219 7f5d20be0700              Options.level0_stop_writes_trigger: 36
2020/01/16-19:40:23.398221 7f5d20be0700                   Options.target_file_size_base: 67108864
2020/01/16-19:40:23.398223 7f5d20be0700             Options.target_file_size_multiplier: 1
2020/01/16-19:40:23.398225 7f5d20be0700                Options.max_bytes_for_level_base: 536870912
2020/01/16-19:40:23.398227 7f5d20be0700 Options.level_compaction_dynamic_level_bytes: 1
2020/01/16-19:40:23.398229 7f5d20be0700          Options.max_bytes_for_level_multiplier: 8.000000
2020/01/16-19:40:23.398233 7f5d20be0700 Options.max_bytes_for_level_multiplier_addtl[0]: 1
2020/01/16-19:40:23.398236 7f5d20be0700 Options.max_bytes_for_level_multiplier_addtl[1]: 1
2020/01/16-19:40:23.398238 7f5d20be0700 Options.max_bytes_for_level_multiplier_addtl[2]: 1
2020/01/16-19:40:23.398240 7f5d20be0700 Options.max_bytes_for_level_multiplier_addtl[3]: 1
2020/01/16-19:40:23.398243 7f5d20be0700 Options.max_bytes_for_level_multiplier_addtl[4]: 1
2020/01/16-19:40:23.398245 7f5d20be0700 Options.max_bytes_for_level_multiplier_addtl[5]: 1
2020/01/16-19:40:23.398247 7f5d20be0700 Options.max_bytes_for_level_multiplier_addtl[6]: 1
2020/01/16-19:40:23.398249 7f5d20be0700       Options.max_sequential_skip_in_iterations: 8
2020/01/16-19:40:23.398251 7f5d20be0700                    Options.max_compaction_bytes: 1677721600
2020/01/16-19:40:23.398253 7f5d20be0700                        Options.arena_block_size: 16777216
2020/01/16-19:40:23.398256 7f5d20be0700   Options.soft_pending_compaction_bytes_limit: 68719476736
2020/01/16-19:40:23.398258 7f5d20be0700   Options.hard_pending_compaction_bytes_limit: 274877906944
2020/01/16-19:40:23.398260 7f5d20be0700       Options.rate_limit_delay_max_milliseconds: 100
2020/01/16-19:40:23.398262 7f5d20be0700                Options.disable_auto_compactions: 0
2020/01/16-19:40:23.398264 7f5d20be0700                      Options.allow_trivial_move: 0
2020/01/16-19:40:23.398266 7f5d20be0700                      Options.vlog_direct_IO: 0
2020/01/16-19:40:23.398268 7f5d20be0700               Options.compaction_score_limit_L0: 1000.000000
2020/01/16-19:40:23.398274 7f5d20be0700                     Options.min_indirect_val_size[0]: 24
2020/01/16-19:40:23.398276 7f5d20be0700       Options.fraction_remapped_during_compaction[0]: 20
2020/01/16-19:40:23.398279 7f5d20be0700 Options.fraction_remapped_during_active_recycling[0]: 15
2020/01/16-19:40:23.398281 7f5d20be0700    Options.fragmentation_active_recycling_trigger[0]: 25
2020/01/16-19:40:23.398283 7f5d20be0700     Options.fragmentation_active_recycling_klaxon[0]: 50
2020/01/16-19:40:23.398285 7f5d20be0700                Options.active_recycling_sst_minct[0]: 5
2020/01/16-19:40:23.398288 7f5d20be0700                Options.active_recycling_sst_maxct[0]: 15
2020/01/16-19:40:23.398290 7f5d20be0700       Options.active_recycling_vlogfile_freed_min[0]: 7
2020/01/16-19:40:23.398292 7f5d20be0700    Options.active_recycling_size_trigger[0]: 1073741824
2020/01/16-19:40:23.398294 7f5d20be0700                         Options.vlogfile_max_size[0]: 16777216
2020/01/16-19:40:23.398297 7f5d20be0700          Options.compaction_picker_age_importance[0]: 100
2020/01/16-19:40:23.398300 7f5d20be0700                    Options.ring_compression_style[0]: Zlib
2020/01/16-19:40:23.398304 7f5d20be0700                        Options.compaction_style: kCompactionStyleLevel
2020/01/16-19:40:23.398308 7f5d20be0700                          Options.compaction_pri: kMinOverlappingRatio
2020/01/16-19:40:23.398310 7f5d20be0700 Options.compaction_options_universal.size_ratio: 1
2020/01/16-19:40:23.398313 7f5d20be0700 Options.compaction_options_universal.min_merge_width: 2
2020/01/16-19:40:23.398315 7f5d20be0700 Options.compaction_options_universal.max_merge_width: 4294967295
2020/01/16-19:40:23.398330 7f5d20be0700 Options.compaction_options_universal.max_size_amplification_percent: 200
2020/01/16-19:40:23.398334 7f5d20be0700 Options.compaction_options_universal.compression_size_percent: -1
2020/01/16-19:40:23.398337 7f5d20be0700 Options.compaction_options_universal.stop_style: kCompactionStopStyleTotalSize
2020/01/16-19:40:23.398340 7f5d20be0700 Options.compaction_options_fifo.max_table_files_size: 1073741824
2020/01/16-19:40:23.398342 7f5d20be0700 Options.compaction_options_fifo.allow_compaction: 0
2020/01/16-19:40:23.398344 7f5d20be0700                   Options.table_properties_collectors: 
2020/01/16-19:40:23.398347 7f5d20be0700                   Options.inplace_update_support: 0
2020/01/16-19:40:23.398349 7f5d20be0700                 Options.inplace_update_num_locks: 10000
2020/01/16-19:40:23.398351 7f5d20be0700               Options.memtable_prefix_bloom_size_ratio: 0.000000
2020/01/16-19:40:23.398354 7f5d20be0700               Options.memtable_whole_key_filtering: 0
2020/01/16-19:40:23.398356 7f5d20be0700   Options.memtable_huge_page_size: 0
2020/01/16-19:40:23.398358 7f5d20be0700                           Options.bloom_locality: 0
2020/01/16-19:40:23.398360 7f5d20be0700                    Options.max_successive_merges: 0
2020/01/16-19:40:23.398363 7f5d20be0700                Options.optimize_filters_for_hits: 0
2020/01/16-19:40:23.398365 7f5d20be0700                Options.paranoid_file_checks: 0
2020/01/16-19:40:23.398367 7f5d20be0700                Options.force_consistency_checks: 0
2020/01/16-19:40:23.398369 7f5d20be0700                Options.report_bg_io_stats: 0
2020/01/16-19:40:23.398371 7f5d20be0700                               Options.ttl: 0
2020/01/16-19:40:23.398498 7f5d20be0700 [/db_impl.cc:1821] Created column family [usertable] (ID 1)
2020/01/16-19:40:23.483964 7f5d20be0700 DB pointer 0x7f5c280be4d0
2020/01/16-19:40:23.484737 7f5cbbfff700 [/db_impl.cc:777] ------- DUMPING STATS -------
2020/01/16-19:40:23.484878 7f5cbbfff700 [/db_impl.cc:778] 
** DB Stats **
Uptime(secs): 0.2 total, 0.2 interval
Cumulative writes: 0 writes, 0 keys, 0 commit groups, 0.0 writes per commit group, ingest: 0.00 GB, 0.00 MB/s
Cumulative WAL: 0 writes, 0 syncs, 0.00 writes per sync, written: 0.00 GB, 0.00 MB/s
Cumulative stall: 00:00:0.000 H:M:S, 0.0 percent
Interval writes: 0 writes, 0 keys, 0 commit groups, 0.0 writes per commit group, ingest: 0.00 MB, 0.00 MB/s
Interval WAL: 0 writes, 0 syncs, 0.00 writes per sync, written: 0.00 MB, 0.00 MB/s
Interval stall: 00:00:0.000 H:M:S, 0.0 percent

** Compaction Stats [default] **
Level    Files   Size     Score Read(GB)  Rn(GB) Rnp1(GB) Write(GB) Wnew(GB) Moved(GB) W-Amp Rd(MB/s) Wr(MB/s) Comp(sec) CompMergeCPU(sec) Comp(cnt) Avg(sec) KeyIn KeyDropWVCmp(GB) WVRaw(GB) WVRemap(GB) WVFiles
-------------------------------------------------------------------------------------------------------------------------------------------------------------------------------------------------------------------
 Sum      0/0    0.00 KB   0.0      0.0     0.0      0.0       0.0      0.0       0.0   0.0      0.0      0.0      0.00              0.00         0    0.000       0      0      0.0      0.0        0.0       0
 Int      0/0    0.00 KB   0.0      0.0     0.0      0.0       0.0      0.0       0.0   0.0      0.0      0.0      0.00              0.00         0    0.000       0      0      0.0      0.0        0.0       0

** Compaction Stats [default] **
Priority    Files   Size     Score Read(GB)  Rn(GB) Rnp1(GB) Write(GB) Wnew(GB) Moved(GB) W-Amp Rd(MB/s) Wr(MB/s) Comp(sec) CompMergeCPU(sec) Comp(cnt) Avg(sec) KeyIn KeyDropWVCmp(GB) WVRaw(GB) WVRemap(GB) WVFiles
----------------------------------------------------------------------------------------------------------------------------------------------------------------------------------------------------------------------
Uptime(secs): 0.2 total, 0.2 interval
Flush(GB): cumulative 0.000, interval 0.000
AddFile(GB): cumulative 0.000, interval 0.000
AddFile(Total Files): cumulative 0, interval 0
AddFile(L0 Files): cumulative 0, interval 0
AddFile(Keys): cumulative 0, interval 0
Cumulative compaction: 0.00 GB write, 0.00 MB/s write, 0.00 GB read, 0.00 MB/s read, 0.0 seconds
Interval compaction: 0.00 GB write, 0.00 MB/s write, 0.00 GB read, 0.00 MB/s read, 0.0 seconds
Stalls(count): 0 level0_slowdown, 0 level0_slowdown_with_compaction, 0 level0_numfiles, 0 level0_numfiles_with_compaction, 0 stop for pending_compaction_bytes, 0 slowdown for pending_compaction_bytes, 0 memtable_compaction, 0 memtable_slowdown, interval 0 total count

** Compaction Ring Stats [default] **
Ring  Files   Size  Frag(%)
----------------------------
 Sum        0  0.00 KB  -nan 
VLog Read Latency over 0 reads with average length 0:   0.000 usec
VLog Decompress Latency over 0 reads with average length 0:   0.000 usec

** File Read Latency Histogram By Level [default] **

** Compaction Stats [usertable] **
Level    Files   Size     Score Read(GB)  Rn(GB) Rnp1(GB) Write(GB) Wnew(GB) Moved(GB) W-Amp Rd(MB/s) Wr(MB/s) Comp(sec) CompMergeCPU(sec) Comp(cnt) Avg(sec) KeyIn KeyDropWVCmp(GB) WVRaw(GB) WVRemap(GB) WVFiles
-------------------------------------------------------------------------------------------------------------------------------------------------------------------------------------------------------------------
 Sum      0/0    0.00 KB   0.0      0.0     0.0      0.0       0.0      0.0       0.0   0.0      0.0      0.0      0.00              0.00         0    0.000       0      0      0.0      0.0        0.0       0
 Int      0/0    0.00 KB   0.0      0.0     0.0      0.0       0.0      0.0       0.0   0.0      0.0      0.0      0.00              0.00         0    0.000       0      0      0.0      0.0        0.0       0

** Compaction Stats [usertable] **
Priority    Files   Size     Score Read(GB)  Rn(GB) Rnp1(GB) Write(GB) Wnew(GB) Moved(GB) W-Amp Rd(MB/s) Wr(MB/s) Comp(sec) CompMergeCPU(sec) Comp(cnt) Avg(sec) KeyIn KeyDropWVCmp(GB) WVRaw(GB) WVRemap(GB) WVFiles
----------------------------------------------------------------------------------------------------------------------------------------------------------------------------------------------------------------------
Uptime(secs): 0.1 total, 0.1 interval
Flush(GB): cumulative 0.000, interval 0.000
AddFile(GB): cumulative 0.000, interval 0.000
AddFile(Total Files): cumulative 0, interval 0
AddFile(L0 Files): cumulative 0, interval 0
AddFile(Keys): cumulative 0, interval 0
Cumulative compaction: 0.00 GB write, 0.00 MB/s write, 0.00 GB read, 0.00 MB/s read, 0.0 seconds
Interval compaction: 0.00 GB write, 0.00 MB/s write, 0.00 GB read, 0.00 MB/s read, 0.0 seconds
Stalls(count): 0 level0_slowdown, 0 level0_slowdown_with_compaction, 0 level0_numfiles, 0 level0_numfiles_with_compaction, 0 stop for pending_compaction_bytes, 0 slowdown for pending_compaction_bytes, 0 memtable_compaction, 0 memtable_slowdown, interval 0 total count

** Compaction Ring Stats [usertable] **
Ring  Files   Size  Frag(%)
----------------------------
 Sum        0  0.00 KB  -nan 
VLog Read Latency over 0 reads with average length 0:   0.000 usec
VLog Decompress Latency over 0 reads with average length 0:   0.000 usec

** File Read Latency Histogram By Level [usertable] **

** Compaction Stats [default] **
Level    Files   Size     Score Read(GB)  Rn(GB) Rnp1(GB) Write(GB) Wnew(GB) Moved(GB) W-Amp Rd(MB/s) Wr(MB/s) Comp(sec) CompMergeCPU(sec) Comp(cnt) Avg(sec) KeyIn KeyDropWVCmp(GB) WVRaw(GB) WVRemap(GB) WVFiles
-------------------------------------------------------------------------------------------------------------------------------------------------------------------------------------------------------------------
 Sum      0/0    0.00 KB   0.0      0.0     0.0      0.0       0.0      0.0       0.0   0.0      0.0      0.0      0.00              0.00         0    0.000       0      0      0.0      0.0        0.0       0
 Int      0/0    0.00 KB   0.0      0.0     0.0      0.0       0.0      0.0       0.0   0.0      0.0      0.0      0.00              0.00         0    0.000       0      0      0.0      0.0        0.0       0

** Compaction Stats [default] **
Priority    Files   Size     Score Read(GB)  Rn(GB) Rnp1(GB) Write(GB) Wnew(GB) Moved(GB) W-Amp Rd(MB/s) Wr(MB/s) Comp(sec) CompMergeCPU(sec) Comp(cnt) Avg(sec) KeyIn KeyDropWVCmp(GB) WVRaw(GB) WVRemap(GB) WVFiles
----------------------------------------------------------------------------------------------------------------------------------------------------------------------------------------------------------------------
Uptime(secs): 0.2 total, 0.0 interval
Flush(GB): cumulative 0.000, interval 0.000
AddFile(GB): cumulative 0.000, interval 0.000
AddFile(Total Files): cumulative 0, interval 0
AddFile(L0 Files): cumulative 0, interval 0
AddFile(Keys): cumulative 0, interval 0
Cumulative compaction: 0.00 GB write, 0.00 MB/s write, 0.00 GB read, 0.00 MB/s read, 0.0 seconds
Interval compaction: 0.00 GB write, 0.00 MB/s write, 0.00 GB read, 0.00 MB/s read, 0.0 seconds
Stalls(count): 0 level0_slowdown, 0 level0_slowdown_with_compaction, 0 level0_numfiles, 0 level0_numfiles_with_compaction, 0 stop for pending_compaction_bytes, 0 slowdown for pending_compaction_bytes, 0 memtable_compaction, 0 memtable_slowdown, interval 0 total count

** Compaction Ring Stats [default] **
Ring  Files   Size  Frag(%)
----------------------------
 Sum        0  0.00 KB  -nan 
VLog Read Latency over 0 reads with average length 0:   0.000 usec
VLog Decompress Latency over 0 reads with average length 0:   0.000 usec

** File Read Latency Histogram By Level [default] **

** Compaction Stats [usertable] **
Level    Files   Size     Score Read(GB)  Rn(GB) Rnp1(GB) Write(GB) Wnew(GB) Moved(GB) W-Amp Rd(MB/s) Wr(MB/s) Comp(sec) CompMergeCPU(sec) Comp(cnt) Avg(sec) KeyIn KeyDropWVCmp(GB) WVRaw(GB) WVRemap(GB) WVFiles
-------------------------------------------------------------------------------------------------------------------------------------------------------------------------------------------------------------------
 Sum      0/0    0.00 KB   0.0      0.0     0.0      0.0       0.0      0.0       0.0   0.0      0.0      0.0      0.00              0.00         0    0.000       0      0      0.0      0.0        0.0       0
 Int      0/0    0.00 KB   0.0      0.0     0.0      0.0       0.0      0.0       0.0   0.0      0.0      0.0      0.00              0.00         0    0.000       0      0      0.0      0.0        0.0       0

** Compaction Stats [usertable] **
Priority    Files   Size     Score Read(GB)  Rn(GB) Rnp1(GB) Write(GB) Wnew(GB) Moved(GB) W-Amp Rd(MB/s) Wr(MB/s) Comp(sec) CompMergeCPU(sec) Comp(cnt) Avg(sec) KeyIn KeyDropWVCmp(GB) WVRaw(GB) WVRemap(GB) WVFiles
----------------------------------------------------------------------------------------------------------------------------------------------------------------------------------------------------------------------
Uptime(secs): 0.1 total, 0.0 interval
Flush(GB): cumulative 0.000, interval 0.000
AddFile(GB): cumulative 0.000, interval 0.000
AddFile(Total Files): cumulative 0, interval 0
AddFile(L0 Files): cumulative 0, interval 0
AddFile(Keys): cumulative 0, interval 0
Cumulative compaction: 0.00 GB write, 0.00 MB/s write, 0.00 GB read, 0.00 MB/s read, 0.0 seconds
Interval compaction: 0.00 GB write, 0.00 MB/s write, 0.00 GB read, 0.00 MB/s read, 0.0 seconds
Stalls(count): 0 level0_slowdown, 0 level0_slowdown_with_compaction, 0 level0_numfiles, 0 level0_numfiles_with_compaction, 0 stop for pending_compaction_bytes, 0 slowdown for pending_compaction_bytes, 0 memtable_compaction, 0 memtable_slowdown, interval 0 total count

** Compaction Ring Stats [usertable] **
Ring  Files   Size  Frag(%)
----------------------------
 Sum        0  0.00 KB  -nan 
VLog Read Latency over 0 reads with average length 0:   0.000 usec
VLog Decompress Latency over 0 reads with average length 0:   0.000 usec

** File Read Latency Histogram By Level [usertable] **
2020/01/16-19:40:32.274153 7f5d201d1700 [/db_impl_write.cc:1470] [usertable] New memtable created with log file: #9. Immutable memtables: 0.
2020/01/16-19:40:41.053065 7f5d201d1700 [/db_impl_write.cc:1470] [usertable] New memtable created with log file: #10. Immutable memtables: 1.
2020/01/16-19:40:41.053843 7f5cd27fc700 [/db_impl_compaction_flush.cc:108] [JOB 45] Syncing log #3
2020/01/16-19:40:41.294199 7f5cd27fc700 [/db_impl_compaction_flush.cc:108] [JOB 45] Syncing log #9
2020/01/16-19:40:41.801065 7f5cd27fc700 (Original Log Time 2020/01/16-19:40:41.053728) [/db_impl_compaction_flush.cc:2087] Calling FlushMemTableToOutputFile with column family [usertable], flush slots available 24, compaction slots available 1, flush slots scheduled 24, compaction slots scheduled 0
2020/01/16-19:40:41.801085 7f5cd27fc700 [/flush_job.cc:325] [usertable] [JOB 45] Flushing memtable with next log file: 9
2020/01/16-19:40:41.801130 7f5cd27fc700 [/flush_job.cc:325] [usertable] [JOB 45] Flushing memtable with next log file: 10
2020/01/16-19:40:41.801277 7f5cd27fc700 EVENT_LOG_v1 {"time_micros": 1579232441801243, "job": 45, "event": "flush_started", "num_memtables": 2, "num_entries": 61481, "num_deletes": 0, "total_data_size": 253486163, "memory_usage": 260120536, "flush_reason": "Write Buffer Full"}
2020/01/16-19:40:41.801294 7f5cd27fc700 [/flush_job.cc:354] [usertable] [JOB 45] Level-0 flush table #11: started
