2020/01/19-14:35:32.955694 7f64884dd700 RocksDB version: 6.1.2
2020/01/19-14:35:32.955817 7f64884dd700 Git sha rocksdb_build_git_sha:4f1920556570c04d306d3ff0aa9a33db259bb8f0
2020/01/19-14:35:32.955824 7f64884dd700 Compile date Jan  7 2020
2020/01/19-14:35:32.955846 7f64884dd700 DB SUMMARY
2020/01/19-14:35:32.956911 7f64884dd700 CURRENT file:  CURRENT
2020/01/19-14:35:32.956921 7f64884dd700 IDENTITY file:  IDENTITY
2020/01/19-14:35:32.956947 7f64884dd700 MANIFEST file:  MANIFEST-000004 size: 116736 Bytes
2020/01/19-14:35:32.956954 7f64884dd700 SST files in /mnt/sdc/mbwu-rocksdb-data dir, Total Num: 607, files: 000018.sst 000019.sst 000020.sst 000021.sst 000022.sst 000023.sst 000024.sst 000025.sst 000026.sst 
2020/01/19-14:35:32.956958 7f64884dd700 Write Ahead Log file in /mnt/sdc/mbwu-rocksdb-data: 001248.log size: 127135903 ; 001250.log size: 90500846 ; 
2020/01/19-14:35:32.956971 7f64884dd700                         Options.error_if_exists: 0
2020/01/19-14:35:32.956974 7f64884dd700                       Options.create_if_missing: 1
2020/01/19-14:35:32.956977 7f64884dd700                         Options.paranoid_checks: 1
2020/01/19-14:35:32.956979 7f64884dd700                                     Options.env: 0x7f6463ff8ba0
2020/01/19-14:35:32.956981 7f64884dd700                                Options.info_log: 0x7f645c0a1270
2020/01/19-14:35:32.956983 7f64884dd700                Options.max_file_opening_threads: 16
2020/01/19-14:35:32.956986 7f64884dd700                              Options.statistics: (nil)
2020/01/19-14:35:32.956989 7f64884dd700                               Options.use_fsync: 0
2020/01/19-14:35:32.956991 7f64884dd700                       Options.max_log_file_size: 0
2020/01/19-14:35:32.956993 7f64884dd700                  Options.max_manifest_file_size: 1073741824
2020/01/19-14:35:32.956996 7f64884dd700                   Options.log_file_time_to_roll: 0
2020/01/19-14:35:32.956998 7f64884dd700                       Options.keep_log_file_num: 1000
2020/01/19-14:35:32.957000 7f64884dd700                    Options.recycle_log_file_num: 0
2020/01/19-14:35:32.957002 7f64884dd700                         Options.allow_fallocate: 1
2020/01/19-14:35:32.957004 7f64884dd700                        Options.allow_mmap_reads: 0
2020/01/19-14:35:32.957007 7f64884dd700                       Options.allow_mmap_writes: 0
2020/01/19-14:35:32.957009 7f64884dd700                        Options.use_direct_reads: 0
2020/01/19-14:35:32.957011 7f64884dd700                        Options.use_direct_io_for_flush_and_compaction: 0
2020/01/19-14:35:32.957013 7f64884dd700          Options.create_missing_column_families: 1
2020/01/19-14:35:32.957015 7f64884dd700                              Options.db_log_dir: 
2020/01/19-14:35:32.957017 7f64884dd700                                 Options.wal_dir: /mnt/sdc/mbwu-rocksdb-data
2020/01/19-14:35:32.957020 7f64884dd700                Options.table_cache_numshardbits: 6
2020/01/19-14:35:32.957022 7f64884dd700                      Options.max_subcompactions: 1
2020/01/19-14:35:32.957024 7f64884dd700                  Options.max_background_flushes: 24
2020/01/19-14:35:32.957026 7f64884dd700                         Options.WAL_ttl_seconds: 0
2020/01/19-14:35:32.957028 7f64884dd700                       Options.WAL_size_limit_MB: 0
2020/01/19-14:35:32.957030 7f64884dd700             Options.manifest_preallocation_size: 4194304
2020/01/19-14:35:32.957033 7f64884dd700                     Options.is_fd_close_on_exec: 1
2020/01/19-14:35:32.957035 7f64884dd700                   Options.advise_random_on_open: 1
2020/01/19-14:35:32.957037 7f64884dd700                    Options.db_write_buffer_size: 0
2020/01/19-14:35:32.957039 7f64884dd700                    Options.write_buffer_manager: 0x7f645c0a0520
2020/01/19-14:35:32.957041 7f64884dd700         Options.access_hint_on_compaction_start: 1
2020/01/19-14:35:32.957043 7f64884dd700  Options.new_table_reader_for_compaction_inputs: 0
2020/01/19-14:35:32.957045 7f64884dd700           Options.random_access_max_buffer_size: 1048576
2020/01/19-14:35:32.957048 7f64884dd700                      Options.use_adaptive_mutex: 0
2020/01/19-14:35:32.957086 7f64884dd700                            Options.rate_limiter: (nil)
2020/01/19-14:35:32.957094 7f64884dd700     Options.sst_file_manager.rate_bytes_per_sec: 0
2020/01/19-14:35:32.957096 7f64884dd700                       Options.wal_recovery_mode: 2
2020/01/19-14:35:32.957098 7f64884dd700                  Options.enable_thread_tracking: 0
2020/01/19-14:35:32.957100 7f64884dd700                  Options.enable_pipelined_write: 0
2020/01/19-14:35:32.957102 7f64884dd700         Options.allow_concurrent_memtable_write: 1
2020/01/19-14:35:32.957104 7f64884dd700      Options.enable_write_thread_adaptive_yield: 1
2020/01/19-14:35:32.957106 7f64884dd700             Options.write_thread_max_yield_usec: 100
2020/01/19-14:35:32.957109 7f64884dd700            Options.write_thread_slow_yield_usec: 3
2020/01/19-14:35:32.957111 7f64884dd700                               Options.row_cache: None
2020/01/19-14:35:32.957113 7f64884dd700                              Options.wal_filter: None
2020/01/19-14:35:32.957115 7f64884dd700             Options.avoid_flush_during_recovery: 0
2020/01/19-14:35:32.957117 7f64884dd700             Options.allow_ingest_behind: 0
2020/01/19-14:35:32.957120 7f64884dd700             Options.preserve_deletes: 0
2020/01/19-14:35:32.957122 7f64884dd700             Options.two_write_queues: 0
2020/01/19-14:35:32.957124 7f64884dd700             Options.manual_wal_flush: 0
2020/01/19-14:35:32.957126 7f64884dd700             Options.atomic_flush: 0
2020/01/19-14:35:32.957128 7f64884dd700             Options.avoid_unnecessary_blocking_io: 0
2020/01/19-14:35:32.957133 7f64884dd700             Options.max_background_jobs: 24
2020/01/19-14:35:32.957136 7f64884dd700             Options.max_background_compactions: 24
2020/01/19-14:35:32.957138 7f64884dd700             Options.avoid_flush_during_shutdown: 0
2020/01/19-14:35:32.957140 7f64884dd700           Options.writable_file_max_buffer_size: 1048576
2020/01/19-14:35:32.957142 7f64884dd700             Options.delayed_write_rate : 16777216
2020/01/19-14:35:32.957144 7f64884dd700             Options.max_total_wal_size: 0
2020/01/19-14:35:32.957147 7f64884dd700             Options.delete_obsolete_files_period_micros: 21600000000
2020/01/19-14:35:32.957149 7f64884dd700                   Options.stats_dump_period_sec: 600
2020/01/19-14:35:32.957151 7f64884dd700                 Options.stats_persist_period_sec: 600
2020/01/19-14:35:32.957154 7f64884dd700                 Options.stats_history_buffer_size: 1048576
2020/01/19-14:35:32.957156 7f64884dd700                          Options.max_open_files: -1
2020/01/19-14:35:32.957159 7f64884dd700                          Options.bytes_per_sync: 1048576
2020/01/19-14:35:32.957161 7f64884dd700                      Options.wal_bytes_per_sync: 0
2020/01/19-14:35:32.957163 7f64884dd700       Options.compaction_readahead_size: 0
2020/01/19-14:35:32.957166 7f64884dd700 Compression algorithms supported:
2020/01/19-14:35:32.957168 7f64884dd700 	kZSTDNotFinalCompression supported: 1
2020/01/19-14:35:32.957187 7f64884dd700 	kZSTD supported: 1
2020/01/19-14:35:32.957191 7f64884dd700 	kXpressCompression supported: 0
2020/01/19-14:35:32.957194 7f64884dd700 	kLZ4HCCompression supported: 1
2020/01/19-14:35:32.957196 7f64884dd700 	kLZ4Compression supported: 1
2020/01/19-14:35:32.957199 7f64884dd700 	kBZip2Compression supported: 1
2020/01/19-14:35:32.957201 7f64884dd700 	kZlibCompression supported: 1
2020/01/19-14:35:32.957203 7f64884dd700 	kSnappyCompression supported: 1
2020/01/19-14:35:32.957212 7f64884dd700 Fast CRC32 supported: Supported on x86
2020/01/19-14:35:32.958144 7f64884dd700 [/version_set.cc:3742] Recovering from manifest file: /mnt/sdc/mbwu-rocksdb-data/MANIFEST-000004
2020/01/19-14:35:32.958460 7f64884dd700 [/column_family.cc:698] --------------- Options for column family [default]:
2020/01/19-14:35:32.958470 7f64884dd700               Options.comparator: leveldb.BytewiseComparator
2020/01/19-14:35:32.958474 7f64884dd700           Options.merge_operator: None
2020/01/19-14:35:32.958476 7f64884dd700        Options.compaction_filter: None
2020/01/19-14:35:32.958511 7f64884dd700        Options.compaction_filter_factory: None
2020/01/19-14:35:32.958515 7f64884dd700         Options.memtable_factory: SkipListFactory
2020/01/19-14:35:32.958518 7f64884dd700            Options.table_factory: BlockBasedTable
2020/01/19-14:35:32.958570 7f64884dd700            table_factory options:   flush_block_policy_factory: FlushBlockBySizePolicyFactory (0x7f645c092230)
  cache_index_and_filter_blocks: 0
  cache_index_and_filter_blocks_with_high_priority: 0
  pin_l0_filter_and_index_blocks_in_cache: 0
  pin_top_level_index_and_filter: 1
  index_type: 0
  data_block_index_type: 0
  data_block_hash_table_util_ratio: 0.750000
  hash_index_allow_collision: 1
  checksum: 1
  no_block_cache: 0
  block_cache: 0x7f645c0a0580
  block_cache_name: LRUCache
  block_cache_options:
    capacity : 8388608
    num_shard_bits : 4
    strict_capacity_limit : 0
    memory_allocator : None
    high_pri_pool_ratio: 0.000
  block_cache_compressed: (nil)
  persistent_cache: (nil)
  block_size: 8192
  block_size_deviation: 10
  block_restart_interval: 16
  index_block_restart_interval: 1
  metadata_block_size: 4096
  partition_filters: 0
  use_delta_encoding: 1
  filter_policy: nullptr
  whole_key_filtering: 1
  verify_compression: 0
  read_amp_bytes_per_bit: 0
  format_version: 2
  enable_index_compression: 1
  block_align: 0
2020/01/19-14:35:32.958575 7f64884dd700        Options.write_buffer_size: 134217728
2020/01/19-14:35:32.958578 7f64884dd700  Options.max_write_buffer_number: 8
2020/01/19-14:35:32.958581 7f64884dd700        Options.compression[0]: NoCompression
2020/01/19-14:35:32.958584 7f64884dd700        Options.compression[1]: NoCompression
2020/01/19-14:35:32.958586 7f64884dd700        Options.compression[2]: Snappy
2020/01/19-14:35:32.958589 7f64884dd700        Options.compression[3]: Snappy
2020/01/19-14:35:32.958591 7f64884dd700        Options.compression[4]: Snappy
2020/01/19-14:35:32.958593 7f64884dd700        Options.compression[5]: Snappy
2020/01/19-14:35:32.958595 7f64884dd700        Options.compression[6]: Snappy
2020/01/19-14:35:32.958598 7f64884dd700                  Options.bottommost_compression: Disabled
2020/01/19-14:35:32.958600 7f64884dd700       Options.prefix_extractor: nullptr
2020/01/19-14:35:32.958603 7f64884dd700   Options.memtable_insert_with_hint_prefix_extractor: nullptr
2020/01/19-14:35:32.958605 7f64884dd700             Options.num_levels: 6
2020/01/19-14:35:32.958607 7f64884dd700        Options.min_write_buffer_number_to_merge: 2
2020/01/19-14:35:32.958609 7f64884dd700     Options.max_write_buffer_number_to_maintain: 0
2020/01/19-14:35:32.958612 7f64884dd700            Options.bottommost_compression_opts.window_bits: -14
2020/01/19-14:35:32.958614 7f64884dd700                  Options.bottommost_compression_opts.level: 32767
2020/01/19-14:35:32.958616 7f64884dd700               Options.bottommost_compression_opts.strategy: 0
2020/01/19-14:35:32.958619 7f64884dd700         Options.bottommost_compression_opts.max_dict_bytes: 0
2020/01/19-14:35:32.958621 7f64884dd700         Options.bottommost_compression_opts.zstd_max_train_bytes: 0
2020/01/19-14:35:32.958623 7f64884dd700                  Options.bottommost_compression_opts.enabled: false
2020/01/19-14:35:32.958625 7f64884dd700            Options.compression_opts.window_bits: -14
2020/01/19-14:35:32.958628 7f64884dd700                  Options.compression_opts.level: 32767
2020/01/19-14:35:32.958630 7f64884dd700               Options.compression_opts.strategy: 0
2020/01/19-14:35:32.958632 7f64884dd700         Options.compression_opts.max_dict_bytes: 0
2020/01/19-14:35:32.958634 7f64884dd700         Options.compression_opts.zstd_max_train_bytes: 0
2020/01/19-14:35:32.958636 7f64884dd700                  Options.compression_opts.enabled: false
2020/01/19-14:35:32.958639 7f64884dd700      Options.level0_file_num_compaction_trigger: 4
2020/01/19-14:35:32.958641 7f64884dd700          Options.level0_slowdown_writes_trigger: 20
2020/01/19-14:35:32.958643 7f64884dd700              Options.level0_stop_writes_trigger: 36
2020/01/19-14:35:32.958661 7f64884dd700                   Options.target_file_size_base: 67108864
2020/01/19-14:35:32.958665 7f64884dd700             Options.target_file_size_multiplier: 1
2020/01/19-14:35:32.958667 7f64884dd700                Options.max_bytes_for_level_base: 536870912
2020/01/19-14:35:32.958670 7f64884dd700 Options.level_compaction_dynamic_level_bytes: 1
2020/01/19-14:35:32.958672 7f64884dd700          Options.max_bytes_for_level_multiplier: 8.000000
2020/01/19-14:35:32.958676 7f64884dd700 Options.max_bytes_for_level_multiplier_addtl[0]: 1
2020/01/19-14:35:32.958679 7f64884dd700 Options.max_bytes_for_level_multiplier_addtl[1]: 1
2020/01/19-14:35:32.958681 7f64884dd700 Options.max_bytes_for_level_multiplier_addtl[2]: 1
2020/01/19-14:35:32.958683 7f64884dd700 Options.max_bytes_for_level_multiplier_addtl[3]: 1
2020/01/19-14:35:32.958685 7f64884dd700 Options.max_bytes_for_level_multiplier_addtl[4]: 1
2020/01/19-14:35:32.958687 7f64884dd700 Options.max_bytes_for_level_multiplier_addtl[5]: 1
2020/01/19-14:35:32.958690 7f64884dd700 Options.max_bytes_for_level_multiplier_addtl[6]: 1
2020/01/19-14:35:32.958692 7f64884dd700       Options.max_sequential_skip_in_iterations: 8
2020/01/19-14:35:32.958694 7f64884dd700                    Options.max_compaction_bytes: 1677721600
2020/01/19-14:35:32.958696 7f64884dd700                        Options.arena_block_size: 16777216
2020/01/19-14:35:32.958699 7f64884dd700   Options.soft_pending_compaction_bytes_limit: 68719476736
2020/01/19-14:35:32.958701 7f64884dd700   Options.hard_pending_compaction_bytes_limit: 274877906944
2020/01/19-14:35:32.958703 7f64884dd700       Options.rate_limit_delay_max_milliseconds: 100
2020/01/19-14:35:32.958705 7f64884dd700                Options.disable_auto_compactions: 0
2020/01/19-14:35:32.958708 7f64884dd700                      Options.allow_trivial_move: 0
2020/01/19-14:35:32.958710 7f64884dd700                      Options.vlog_direct_IO: 0
2020/01/19-14:35:32.958712 7f64884dd700               Options.compaction_score_limit_L0: 1000.000000
2020/01/19-14:35:32.958718 7f64884dd700                     Options.min_indirect_val_size[0]: 24
2020/01/19-14:35:32.958720 7f64884dd700       Options.fraction_remapped_during_compaction[0]: 20
2020/01/19-14:35:32.958723 7f64884dd700 Options.fraction_remapped_during_active_recycling[0]: 15
2020/01/19-14:35:32.958725 7f64884dd700    Options.fragmentation_active_recycling_trigger[0]: 25
2020/01/19-14:35:32.958727 7f64884dd700     Options.fragmentation_active_recycling_klaxon[0]: 50
2020/01/19-14:35:32.958730 7f64884dd700                Options.active_recycling_sst_minct[0]: 5
2020/01/19-14:35:32.958732 7f64884dd700                Options.active_recycling_sst_maxct[0]: 15
2020/01/19-14:35:32.958734 7f64884dd700       Options.active_recycling_vlogfile_freed_min[0]: 7
2020/01/19-14:35:32.958736 7f64884dd700    Options.active_recycling_size_trigger[0]: 1073741824
2020/01/19-14:35:32.958739 7f64884dd700                         Options.vlogfile_max_size[0]: 16777216
2020/01/19-14:35:32.958741 7f64884dd700          Options.compaction_picker_age_importance[0]: 100
2020/01/19-14:35:32.958745 7f64884dd700                    Options.ring_compression_style[0]: Zlib
2020/01/19-14:35:32.958749 7f64884dd700                        Options.compaction_style: kCompactionStyleLevel
2020/01/19-14:35:32.958752 7f64884dd700                          Options.compaction_pri: kMinOverlappingRatio
2020/01/19-14:35:32.958755 7f64884dd700 Options.compaction_options_universal.size_ratio: 1
2020/01/19-14:35:32.958757 7f64884dd700 Options.compaction_options_universal.min_merge_width: 2
2020/01/19-14:35:32.958759 7f64884dd700 Options.compaction_options_universal.max_merge_width: 4294967295
2020/01/19-14:35:32.958761 7f64884dd700 Options.compaction_options_universal.max_size_amplification_percent: 200
2020/01/19-14:35:32.958764 7f64884dd700 Options.compaction_options_universal.compression_size_percent: -1
2020/01/19-14:35:32.958767 7f64884dd700 Options.compaction_options_universal.stop_style: kCompactionStopStyleTotalSize
2020/01/19-14:35:32.958782 7f64884dd700 Options.compaction_options_fifo.max_table_files_size: 1073741824
2020/01/19-14:35:32.958786 7f64884dd700 Options.compaction_options_fifo.allow_compaction: 0
2020/01/19-14:35:32.958788 7f64884dd700                   Options.table_properties_collectors: 
2020/01/19-14:35:32.958790 7f64884dd700                   Options.inplace_update_support: 0
2020/01/19-14:35:32.958792 7f64884dd700                 Options.inplace_update_num_locks: 10000
2020/01/19-14:35:32.958795 7f64884dd700               Options.memtable_prefix_bloom_size_ratio: 0.000000
2020/01/19-14:35:32.958798 7f64884dd700               Options.memtable_whole_key_filtering: 0
2020/01/19-14:35:32.958800 7f64884dd700   Options.memtable_huge_page_size: 0
2020/01/19-14:35:32.958802 7f64884dd700                           Options.bloom_locality: 0
2020/01/19-14:35:32.958805 7f64884dd700                    Options.max_successive_merges: 0
2020/01/19-14:35:32.958807 7f64884dd700                Options.optimize_filters_for_hits: 0
2020/01/19-14:35:32.958809 7f64884dd700                Options.paranoid_file_checks: 0
2020/01/19-14:35:32.958811 7f64884dd700                Options.force_consistency_checks: 0
2020/01/19-14:35:32.958814 7f64884dd700                Options.report_bg_io_stats: 0
2020/01/19-14:35:32.958816 7f64884dd700                               Options.ttl: 0
2020/01/19-14:35:32.959458 7f64884dd700 [/column_family.cc:698] --------------- Options for column family [usertable]:
2020/01/19-14:35:32.959467 7f64884dd700               Options.comparator: leveldb.BytewiseComparator
2020/01/19-14:35:32.959470 7f64884dd700           Options.merge_operator: None
2020/01/19-14:35:32.959472 7f64884dd700        Options.compaction_filter: None
2020/01/19-14:35:32.959475 7f64884dd700        Options.compaction_filter_factory: None
2020/01/19-14:35:32.959477 7f64884dd700         Options.memtable_factory: SkipListFactory
2020/01/19-14:35:32.959479 7f64884dd700            Options.table_factory: BlockBasedTable
2020/01/19-14:35:32.959519 7f64884dd700            table_factory options:   flush_block_policy_factory: FlushBlockBySizePolicyFactory (0x7f645c092490)
  cache_index_and_filter_blocks: 0
  cache_index_and_filter_blocks_with_high_priority: 0
  pin_l0_filter_and_index_blocks_in_cache: 0
  pin_top_level_index_and_filter: 1
  index_type: 0
  data_block_index_type: 0
  data_block_hash_table_util_ratio: 0.750000
  hash_index_allow_collision: 1
  checksum: 1
  no_block_cache: 0
  block_cache: 0x7f645c0932c0
  block_cache_name: LRUCache
  block_cache_options:
    capacity : 8388608
    num_shard_bits : 4
    strict_capacity_limit : 0
    memory_allocator : None
    high_pri_pool_ratio: 0.000
  block_cache_compressed: (nil)
  persistent_cache: (nil)
  block_size: 8192
  block_size_deviation: 10
  block_restart_interval: 16
  index_block_restart_interval: 1
  metadata_block_size: 4096
  partition_filters: 0
  use_delta_encoding: 1
  filter_policy: nullptr
  whole_key_filtering: 1
  verify_compression: 0
  read_amp_bytes_per_bit: 0
  format_version: 2
  enable_index_compression: 1
  block_align: 0
2020/01/19-14:35:32.959524 7f64884dd700        Options.write_buffer_size: 134217728
2020/01/19-14:35:32.959527 7f64884dd700  Options.max_write_buffer_number: 8
2020/01/19-14:35:32.959530 7f64884dd700        Options.compression[0]: NoCompression
2020/01/19-14:35:32.959532 7f64884dd700        Options.compression[1]: NoCompression
2020/01/19-14:35:32.959535 7f64884dd700        Options.compression[2]: Snappy
2020/01/19-14:35:32.959537 7f64884dd700        Options.compression[3]: Snappy
2020/01/19-14:35:32.959539 7f64884dd700        Options.compression[4]: Snappy
2020/01/19-14:35:32.959542 7f64884dd700        Options.compression[5]: Snappy
2020/01/19-14:35:32.959544 7f64884dd700        Options.compression[6]: Snappy
2020/01/19-14:35:32.959546 7f64884dd700                  Options.bottommost_compression: Disabled
2020/01/19-14:35:32.959549 7f64884dd700       Options.prefix_extractor: nullptr
2020/01/19-14:35:32.959551 7f64884dd700   Options.memtable_insert_with_hint_prefix_extractor: nullptr
2020/01/19-14:35:32.959578 7f64884dd700             Options.num_levels: 6
2020/01/19-14:35:32.959582 7f64884dd700        Options.min_write_buffer_number_to_merge: 2
2020/01/19-14:35:32.959584 7f64884dd700     Options.max_write_buffer_number_to_maintain: 0
2020/01/19-14:35:32.959586 7f64884dd700            Options.bottommost_compression_opts.window_bits: -14
2020/01/19-14:35:32.959589 7f64884dd700                  Options.bottommost_compression_opts.level: 32767
2020/01/19-14:35:32.959591 7f64884dd700               Options.bottommost_compression_opts.strategy: 0
2020/01/19-14:35:32.959593 7f64884dd700         Options.bottommost_compression_opts.max_dict_bytes: 0
2020/01/19-14:35:32.959595 7f64884dd700         Options.bottommost_compression_opts.zstd_max_train_bytes: 0
2020/01/19-14:35:32.959597 7f64884dd700                  Options.bottommost_compression_opts.enabled: false
2020/01/19-14:35:32.959600 7f64884dd700            Options.compression_opts.window_bits: -14
2020/01/19-14:35:32.959602 7f64884dd700                  Options.compression_opts.level: 32767
2020/01/19-14:35:32.959604 7f64884dd700               Options.compression_opts.strategy: 0
2020/01/19-14:35:32.959606 7f64884dd700         Options.compression_opts.max_dict_bytes: 0
2020/01/19-14:35:32.959609 7f64884dd700         Options.compression_opts.zstd_max_train_bytes: 0
2020/01/19-14:35:32.959611 7f64884dd700                  Options.compression_opts.enabled: false
2020/01/19-14:35:32.959613 7f64884dd700      Options.level0_file_num_compaction_trigger: 4
2020/01/19-14:35:32.959615 7f64884dd700          Options.level0_slowdown_writes_trigger: 20
2020/01/19-14:35:32.959617 7f64884dd700              Options.level0_stop_writes_trigger: 36
2020/01/19-14:35:32.959619 7f64884dd700                   Options.target_file_size_base: 67108864
2020/01/19-14:35:32.959621 7f64884dd700             Options.target_file_size_multiplier: 1
2020/01/19-14:35:32.959624 7f64884dd700                Options.max_bytes_for_level_base: 536870912
2020/01/19-14:35:32.959626 7f64884dd700 Options.level_compaction_dynamic_level_bytes: 1
2020/01/19-14:35:32.959628 7f64884dd700          Options.max_bytes_for_level_multiplier: 8.000000
2020/01/19-14:35:32.959632 7f64884dd700 Options.max_bytes_for_level_multiplier_addtl[0]: 1
2020/01/19-14:35:32.959634 7f64884dd700 Options.max_bytes_for_level_multiplier_addtl[1]: 1
2020/01/19-14:35:32.959637 7f64884dd700 Options.max_bytes_for_level_multiplier_addtl[2]: 1
2020/01/19-14:35:32.959639 7f64884dd700 Options.max_bytes_for_level_multiplier_addtl[3]: 1
2020/01/19-14:35:32.959641 7f64884dd700 Options.max_bytes_for_level_multiplier_addtl[4]: 1
2020/01/19-14:35:32.959643 7f64884dd700 Options.max_bytes_for_level_multiplier_addtl[5]: 1
2020/01/19-14:35:32.959645 7f64884dd700 Options.max_bytes_for_level_multiplier_addtl[6]: 1
2020/01/19-14:35:32.959647 7f64884dd700       Options.max_sequential_skip_in_iterations: 8
2020/01/19-14:35:32.959650 7f64884dd700                    Options.max_compaction_bytes: 1677721600
2020/01/19-14:35:32.959652 7f64884dd700                        Options.arena_block_size: 16777216
2020/01/19-14:35:32.959654 7f64884dd700   Options.soft_pending_compaction_bytes_limit: 68719476736
2020/01/19-14:35:32.959656 7f64884dd700   Options.hard_pending_compaction_bytes_limit: 274877906944
2020/01/19-14:35:32.959659 7f64884dd700       Options.rate_limit_delay_max_milliseconds: 100
2020/01/19-14:35:32.959661 7f64884dd700                Options.disable_auto_compactions: 0
2020/01/19-14:35:32.959663 7f64884dd700                      Options.allow_trivial_move: 0
2020/01/19-14:35:32.959665 7f64884dd700                      Options.vlog_direct_IO: 0
2020/01/19-14:35:32.959667 7f64884dd700               Options.compaction_score_limit_L0: 1000.000000
2020/01/19-14:35:32.959671 7f64884dd700                     Options.min_indirect_val_size[0]: 24
2020/01/19-14:35:32.959674 7f64884dd700       Options.fraction_remapped_during_compaction[0]: 20
2020/01/19-14:35:32.959676 7f64884dd700 Options.fraction_remapped_during_active_recycling[0]: 15
2020/01/19-14:35:32.959697 7f64884dd700    Options.fragmentation_active_recycling_trigger[0]: 25
2020/01/19-14:35:32.959700 7f64884dd700     Options.fragmentation_active_recycling_klaxon[0]: 50
2020/01/19-14:35:32.959702 7f64884dd700                Options.active_recycling_sst_minct[0]: 5
2020/01/19-14:35:32.959705 7f64884dd700                Options.active_recycling_sst_maxct[0]: 15
2020/01/19-14:35:32.959707 7f64884dd700       Options.active_recycling_vlogfile_freed_min[0]: 7
2020/01/19-14:35:32.959709 7f64884dd700    Options.active_recycling_size_trigger[0]: 1073741824
2020/01/19-14:35:32.959712 7f64884dd700                         Options.vlogfile_max_size[0]: 16777216
2020/01/19-14:35:32.959714 7f64884dd700          Options.compaction_picker_age_importance[0]: 100
2020/01/19-14:35:32.959717 7f64884dd700                    Options.ring_compression_style[0]: Zlib
2020/01/19-14:35:32.959720 7f64884dd700                        Options.compaction_style: kCompactionStyleLevel
2020/01/19-14:35:32.959724 7f64884dd700                          Options.compaction_pri: kMinOverlappingRatio
2020/01/19-14:35:32.959726 7f64884dd700 Options.compaction_options_universal.size_ratio: 1
2020/01/19-14:35:32.959728 7f64884dd700 Options.compaction_options_universal.min_merge_width: 2
2020/01/19-14:35:32.959730 7f64884dd700 Options.compaction_options_universal.max_merge_width: 4294967295
2020/01/19-14:35:32.959733 7f64884dd700 Options.compaction_options_universal.max_size_amplification_percent: 200
2020/01/19-14:35:32.959735 7f64884dd700 Options.compaction_options_universal.compression_size_percent: -1
2020/01/19-14:35:32.959737 7f64884dd700 Options.compaction_options_universal.stop_style: kCompactionStopStyleTotalSize
2020/01/19-14:35:32.959740 7f64884dd700 Options.compaction_options_fifo.max_table_files_size: 1073741824
2020/01/19-14:35:32.959742 7f64884dd700 Options.compaction_options_fifo.allow_compaction: 0
2020/01/19-14:35:32.959744 7f64884dd700                   Options.table_properties_collectors: 
2020/01/19-14:35:32.959746 7f64884dd700                   Options.inplace_update_support: 0
2020/01/19-14:35:32.959749 7f64884dd700                 Options.inplace_update_num_locks: 10000
2020/01/19-14:35:32.959751 7f64884dd700               Options.memtable_prefix_bloom_size_ratio: 0.000000
2020/01/19-14:35:32.959754 7f64884dd700               Options.memtable_whole_key_filtering: 0
2020/01/19-14:35:32.959756 7f64884dd700   Options.memtable_huge_page_size: 0
2020/01/19-14:35:32.959758 7f64884dd700                           Options.bloom_locality: 0
2020/01/19-14:35:32.959761 7f64884dd700                    Options.max_successive_merges: 0
2020/01/19-14:35:32.959763 7f64884dd700                Options.optimize_filters_for_hits: 0
2020/01/19-14:35:32.959765 7f64884dd700                Options.paranoid_file_checks: 0
2020/01/19-14:35:32.959767 7f64884dd700                Options.force_consistency_checks: 0
2020/01/19-14:35:32.959769 7f64884dd700                Options.report_bg_io_stats: 0
2020/01/19-14:35:32.959771 7f64884dd700                               Options.ttl: 0
2020/01/19-14:35:33.339778 7f64884dd700 [/version_set.cc:3959] Recovered from manifest file:/mnt/sdc/mbwu-rocksdb-data/MANIFEST-000004 succeeded,manifest_file_number is 4, next_file_number is 1251, last_sequence is 10400030, log_number is 1248,prev_log_number is 0,max_column_family is 1,min_log_number_to_keep is 0
2020/01/19-14:35:33.339799 7f64884dd700 [/version_set.cc:3968] Column family [default] (ID 0), log number is 0
2020/01/19-14:35:33.339803 7f64884dd700 [/version_set.cc:3968] Column family [usertable] (ID 1), log number is 1248
2020/01/19-14:35:33.344620 7f64884dd700 EVENT_LOG_v1 {"time_micros": 1579473333344596, "job": 1, "event": "recovery_started", "log_files": [1248, 1250]}
2020/01/19-14:35:33.344636 7f64884dd700 [/db_impl_open.cc:583] Recovering log #1248 mode 2
2020/01/19-14:35:33.716555 7f64884dd700 [/db_impl_open.cc:583] Recovering log #1250 mode 2
2020/01/19-14:35:34.220069 7f64884dd700 EVENT_LOG_v1 {"time_micros": 1579473334220045, "cf_name": "usertable", "job": 1, "event": "table_file_creation", "file_number": 1251, "file_size": 129895177, "table_properties": {"data_size": 129317909, "index_size": 576522, "filter_size": 0, "raw_key_size": 752760, "raw_average_key_size": 24, "raw_value_size": 128471040, "raw_average_value_size": 4096, "num_data_blocks": 15683, "num_entries": 31365, "filter_policy_name": ""}}
2020/01/19-14:35:34.493532 7f64884dd700 [/version_set.cc:3196] Creating manifest 1252
2020/01/19-14:35:34.900100 7f64884dd700 EVENT_LOG_v1 {"time_micros": 1579473334900077, "cf_name": "usertable", "job": 1, "event": "table_file_creation", "file_number": 1253, "file_size": 88026283, "table_properties": {"data_size": 87632602, "index_size": 392935, "filter_size": 0, "raw_key_size": 510096, "raw_average_key_size": 24, "raw_value_size": 87056384, "raw_average_value_size": 4096, "num_data_blocks": 10627, "num_entries": 21254, "filter_policy_name": ""}}
2020/01/19-14:35:34.929763 7f64884dd700 EVENT_LOG_v1 {"time_micros": 1579473334929757, "job": 1, "event": "recovery_finished"}
2020/01/19-14:35:35.022538 7f64884dd700 DB pointer 0x7f645c09dc80
2020/01/19-14:35:35.023578 7f637dffb700 [/db_impl.cc:777] ------- DUMPING STATS -------
2020/01/19-14:35:35.023748 7f637dffb700 [/db_impl.cc:778] 
** DB Stats **
Uptime(secs): 2.1 total, 2.1 interval
Cumulative writes: 0 writes, 0 keys, 0 commit groups, 0.0 writes per commit group, ingest: 0.00 GB, 0.00 MB/s
Cumulative WAL: 0 writes, 0 syncs, 0.00 writes per sync, written: 0.00 GB, 0.00 MB/s
Cumulative stall: 00:00:0.000 H:M:S, 0.0 percent
Interval writes: 0 writes, 0 keys, 0 commit groups, 0.0 writes per commit group, ingest: 0.00 MB, 0.00 MB/s
Interval WAL: 0 writes, 0 syncs, 0.00 writes per sync, written: 0.00 MB, 0.00 MB/s
Interval stall: 00:00:0.000 H:M:S, 0.0 percent

** Compaction Stats [default] **
Level    Files   Size     Score Read(GB)  Rn(GB) Rnp1(GB) Write(GB) Wnew(GB) Moved(GB) W-Amp Rd(MB/s) Wr(MB/s) Comp(sec) CompMergeCPU(sec) Comp(cnt) Avg(sec) KeyIn KeyDropWVCmp(GB) WVRaw(GB) WVRemap(GB) WVFiles
-------------------------------------------------------------------------------------------------------------------------------------------------------------------------------------------------------------------
 Sum      0/0    0.00 KB   0.0      0.0     0.0      0.0       0.0      0.0       0.0   0.0      0.0      0.0      0.00              0.00         0    0.000       0      0      0.0      0.0        0.0       0
 Int      0/0    0.00 KB   0.0      0.0     0.0      0.0       0.0      0.0       0.0   0.0      0.0      0.0      0.00              0.00         0    0.000       0      0      0.0      0.0        0.0       0

** Compaction Stats [default] **
Priority    Files   Size     Score Read(GB)  Rn(GB) Rnp1(GB) Write(GB) Wnew(GB) Moved(GB) W-Amp Rd(MB/s) Wr(MB/s) Comp(sec) CompMergeCPU(sec) Comp(cnt) Avg(sec) KeyIn KeyDropWVCmp(GB) WVRaw(GB) WVRemap(GB) WVFiles
----------------------------------------------------------------------------------------------------------------------------------------------------------------------------------------------------------------------
Uptime(secs): 2.1 total, 2.1 interval
Flush(GB): cumulative 0.000, interval 0.000
AddFile(GB): cumulative 0.000, interval 0.000
AddFile(Total Files): cumulative 0, interval 0
AddFile(L0 Files): cumulative 0, interval 0
AddFile(Keys): cumulative 0, interval 0
Cumulative compaction: 0.00 GB write, 0.00 MB/s write, 0.00 GB read, 0.00 MB/s read, 0.0 seconds
Interval compaction: 0.00 GB write, 0.00 MB/s write, 0.00 GB read, 0.00 MB/s read, 0.0 seconds
Stalls(count): 0 level0_slowdown, 0 level0_slowdown_with_compaction, 0 level0_numfiles, 0 level0_numfiles_with_compaction, 0 stop for pending_compaction_bytes, 0 slowdown for pending_compaction_bytes, 0 memtable_compaction, 0 memtable_slowdown, interval 0 total count

** Compaction Ring Stats [default] **
Ring  Files   Size  Frag(%)
----------------------------
 Sum        0  0.00 KB  -nan 
VLog Read Latency over 0 reads with average length 0:   0.000 usec
VLog Decompress Latency over 0 reads with average length 0:   0.000 usec

** File Read Latency Histogram By Level [default] **

** Compaction Stats [usertable] **
Level    Files   Size     Score Read(GB)  Rn(GB) Rnp1(GB) Write(GB) Wnew(GB) Moved(GB) W-Amp Rd(MB/s) Wr(MB/s) Comp(sec) CompMergeCPU(sec) Comp(cnt) Avg(sec) KeyIn KeyDropWVCmp(GB) WVRaw(GB) WVRemap(GB) WVFiles
-------------------------------------------------------------------------------------------------------------------------------------------------------------------------------------------------------------------
  L0      2/0   207.83 MB   0.5      0.0     0.0      0.0       0.2      0.2       0.0   1.0      0.0    247.4      0.84              0.00         2    0.420       0      0      0.0      0.0        0.0       0
  L3      2/0   485.93 MB   0.9      0.0     0.0      0.0       0.0      0.0       0.0   0.0      0.0      0.0      0.00              0.00         0    0.000       0      0      0.0      0.0        0.0       0
  L4     45/0    4.38 GB   1.0      0.0     0.0      0.0       0.0      0.0       0.0   0.0      0.0      0.0      0.00              0.00         0    0.000       0      0      0.0      0.0        0.0       0
  L5    560/0   35.13 GB   0.0      0.0     0.0      0.0       0.0      0.0       0.0   0.0      0.0      0.0      0.00              0.00         0    0.000       0      0      0.0      0.0        0.0       0
 Sum    609/0   40.19 GB   0.0      0.0     0.0      0.0       0.2      0.2       0.0   1.0      0.0    247.4      0.84              0.00         2    0.420       0      0      0.0      0.0        0.0       0
 Int      0/0    0.00 KB   0.0      0.0     0.0      0.0       0.2      0.2       0.0   1.0      0.0    247.4      0.84              0.00         2    0.420       0      0      0.0      0.0        0.0       0

** Compaction Stats [usertable] **
Priority    Files   Size     Score Read(GB)  Rn(GB) Rnp1(GB) Write(GB) Wnew(GB) Moved(GB) W-Amp Rd(MB/s) Wr(MB/s) Comp(sec) CompMergeCPU(sec) Comp(cnt) Avg(sec) KeyIn KeyDropWVCmp(GB) WVRaw(GB) WVRemap(GB) WVFiles
----------------------------------------------------------------------------------------------------------------------------------------------------------------------------------------------------------------------
User      0/0    0.00 KB   0.0      0.0     0.0      0.0       0.2      0.2       0.0   0.0      0.0    247.4      0.84              0.00         2    0.420       0      0      0.0      0.0        0.0       0
Uptime(secs): 2.1 total, 2.1 interval
Flush(GB): cumulative 0.203, interval 0.203
AddFile(GB): cumulative 0.000, interval 0.000
AddFile(Total Files): cumulative 0, interval 0
AddFile(L0 Files): cumulative 0, interval 0
AddFile(Keys): cumulative 0, interval 0
Cumulative compaction: 0.20 GB write, 100.70 MB/s write, 0.00 GB read, 0.00 MB/s read, 0.8 seconds
Interval compaction: 0.20 GB write, 100.70 MB/s write, 0.00 GB read, 0.00 MB/s read, 0.8 seconds
Stalls(count): 0 level0_slowdown, 0 level0_slowdown_with_compaction, 0 level0_numfiles, 0 level0_numfiles_with_compaction, 0 stop for pending_compaction_bytes, 0 slowdown for pending_compaction_bytes, 0 memtable_compaction, 0 memtable_slowdown, interval 0 total count

** Compaction Ring Stats [usertable] **
Ring  Files   Size  Frag(%)
----------------------------
 Sum        0  0.00 KB  -nan 
VLog Read Latency over 0 reads with average length 0:   0.000 usec
VLog Decompress Latency over 0 reads with average length 0:   0.000 usec

** File Read Latency Histogram By Level [usertable] **

** Compaction Stats [default] **
Level    Files   Size     Score Read(GB)  Rn(GB) Rnp1(GB) Write(GB) Wnew(GB) Moved(GB) W-Amp Rd(MB/s) Wr(MB/s) Comp(sec) CompMergeCPU(sec) Comp(cnt) Avg(sec) KeyIn KeyDropWVCmp(GB) WVRaw(GB) WVRemap(GB) WVFiles
-------------------------------------------------------------------------------------------------------------------------------------------------------------------------------------------------------------------
 Sum      0/0    0.00 KB   0.0      0.0     0.0      0.0       0.0      0.0       0.0   0.0      0.0      0.0      0.00              0.00         0    0.000       0      0      0.0      0.0        0.0       0
 Int      0/0    0.00 KB   0.0      0.0     0.0      0.0       0.0      0.0       0.0   0.0      0.0      0.0      0.00              0.00         0    0.000       0      0      0.0      0.0        0.0       0

** Compaction Stats [default] **
Priority    Files   Size     Score Read(GB)  Rn(GB) Rnp1(GB) Write(GB) Wnew(GB) Moved(GB) W-Amp Rd(MB/s) Wr(MB/s) Comp(sec) CompMergeCPU(sec) Comp(cnt) Avg(sec) KeyIn KeyDropWVCmp(GB) WVRaw(GB) WVRemap(GB) WVFiles
----------------------------------------------------------------------------------------------------------------------------------------------------------------------------------------------------------------------
Uptime(secs): 2.1 total, 0.0 interval
Flush(GB): cumulative 0.000, interval 0.000
AddFile(GB): cumulative 0.000, interval 0.000
AddFile(Total Files): cumulative 0, interval 0
AddFile(L0 Files): cumulative 0, interval 0
AddFile(Keys): cumulative 0, interval 0
Cumulative compaction: 0.00 GB write, 0.00 MB/s write, 0.00 GB read, 0.00 MB/s read, 0.0 seconds
Interval compaction: 0.00 GB write, 0.00 MB/s write, 0.00 GB read, 0.00 MB/s read, 0.0 seconds
Stalls(count): 0 level0_slowdown, 0 level0_slowdown_with_compaction, 0 level0_numfiles, 0 level0_numfiles_with_compaction, 0 stop for pending_compaction_bytes, 0 slowdown for pending_compaction_bytes, 0 memtable_compaction, 0 memtable_slowdown, interval 0 total count

** Compaction Ring Stats [default] **
Ring  Files   Size  Frag(%)
----------------------------
 Sum        0  0.00 KB  -nan 
VLog Read Latency over 0 reads with average length 0:   0.000 usec
VLog Decompress Latency over 0 reads with average length 0:   0.000 usec

** File Read Latency Histogram By Level [default] **

** Compaction Stats [usertable] **
Level    Files   Size     Score Read(GB)  Rn(GB) Rnp1(GB) Write(GB) Wnew(GB) Moved(GB) W-Amp Rd(MB/s) Wr(MB/s) Comp(sec) CompMergeCPU(sec) Comp(cnt) Avg(sec) KeyIn KeyDropWVCmp(GB) WVRaw(GB) WVRemap(GB) WVFiles
-------------------------------------------------------------------------------------------------------------------------------------------------------------------------------------------------------------------
  L0      2/0   207.83 MB   0.5      0.0     0.0      0.0       0.2      0.2       0.0   1.0      0.0    247.4      0.84              0.00         2    0.420       0      0      0.0      0.0        0.0       0
  L3      2/0   485.93 MB   0.9      0.0     0.0      0.0       0.0      0.0       0.0   0.0      0.0      0.0      0.00              0.00         0    0.000       0      0      0.0      0.0        0.0       0
  L4     45/0    4.38 GB   1.0      0.0     0.0      0.0       0.0      0.0       0.0   0.0      0.0      0.0      0.00              0.00         0    0.000       0      0      0.0      0.0        0.0       0
