2020/01/19-12:12:55.908473 7f303e5fa700 RocksDB version: 6.1.2
2020/01/19-12:12:55.908583 7f303e5fa700 Git sha rocksdb_build_git_sha:4f1920556570c04d306d3ff0aa9a33db259bb8f0
2020/01/19-12:12:55.908587 7f303e5fa700 Compile date Jan  7 2020
2020/01/19-12:12:55.908596 7f303e5fa700 DB SUMMARY
2020/01/19-12:12:55.908623 7f303e5fa700 SST files in /mnt/sdc/mbwu-rocksdb-data dir, Total Num: 0, files: 
2020/01/19-12:12:55.908625 7f303e5fa700 Write Ahead Log file in /mnt/sdc/mbwu-rocksdb-data: 
2020/01/19-12:12:55.908628 7f303e5fa700                         Options.error_if_exists: 0
2020/01/19-12:12:55.908630 7f303e5fa700                       Options.create_if_missing: 1
2020/01/19-12:12:55.908631 7f303e5fa700                         Options.paranoid_checks: 1
2020/01/19-12:12:55.908632 7f303e5fa700                                     Options.env: 0x7f303e2e0ba0
2020/01/19-12:12:55.908633 7f303e5fa700                                Options.info_log: 0x7f2fe40984e0
2020/01/19-12:12:55.908634 7f303e5fa700                Options.max_file_opening_threads: 16
2020/01/19-12:12:55.908635 7f303e5fa700                              Options.statistics: (nil)
2020/01/19-12:12:55.908637 7f303e5fa700                               Options.use_fsync: 0
2020/01/19-12:12:55.908638 7f303e5fa700                       Options.max_log_file_size: 0
2020/01/19-12:12:55.908639 7f303e5fa700                  Options.max_manifest_file_size: 1073741824
2020/01/19-12:12:55.908640 7f303e5fa700                   Options.log_file_time_to_roll: 0
2020/01/19-12:12:55.908641 7f303e5fa700                       Options.keep_log_file_num: 1000
2020/01/19-12:12:55.908642 7f303e5fa700                    Options.recycle_log_file_num: 0
2020/01/19-12:12:55.908643 7f303e5fa700                         Options.allow_fallocate: 1
2020/01/19-12:12:55.908644 7f303e5fa700                        Options.allow_mmap_reads: 0
2020/01/19-12:12:55.908645 7f303e5fa700                       Options.allow_mmap_writes: 0
2020/01/19-12:12:55.908646 7f303e5fa700                        Options.use_direct_reads: 0
2020/01/19-12:12:55.908647 7f303e5fa700                        Options.use_direct_io_for_flush_and_compaction: 0
2020/01/19-12:12:55.908648 7f303e5fa700          Options.create_missing_column_families: 1
2020/01/19-12:12:55.908649 7f303e5fa700                              Options.db_log_dir: 
2020/01/19-12:12:55.908650 7f303e5fa700                                 Options.wal_dir: /mnt/sdc/mbwu-rocksdb-data
2020/01/19-12:12:55.908651 7f303e5fa700                Options.table_cache_numshardbits: 6
2020/01/19-12:12:55.908652 7f303e5fa700                      Options.max_subcompactions: 1
2020/01/19-12:12:55.908653 7f303e5fa700                  Options.max_background_flushes: 24
2020/01/19-12:12:55.908654 7f303e5fa700                         Options.WAL_ttl_seconds: 0
2020/01/19-12:12:55.908655 7f303e5fa700                       Options.WAL_size_limit_MB: 0
2020/01/19-12:12:55.908656 7f303e5fa700             Options.manifest_preallocation_size: 4194304
2020/01/19-12:12:55.908657 7f303e5fa700                     Options.is_fd_close_on_exec: 1
2020/01/19-12:12:55.908658 7f303e5fa700                   Options.advise_random_on_open: 1
2020/01/19-12:12:55.908659 7f303e5fa700                    Options.db_write_buffer_size: 0
2020/01/19-12:12:55.908660 7f303e5fa700                    Options.write_buffer_manager: 0x7f2fe4087ec0
2020/01/19-12:12:55.908661 7f303e5fa700         Options.access_hint_on_compaction_start: 1
2020/01/19-12:12:55.908662 7f303e5fa700  Options.new_table_reader_for_compaction_inputs: 0
2020/01/19-12:12:55.908663 7f303e5fa700           Options.random_access_max_buffer_size: 1048576
2020/01/19-12:12:55.908664 7f303e5fa700                      Options.use_adaptive_mutex: 0
2020/01/19-12:12:55.908665 7f303e5fa700                            Options.rate_limiter: (nil)
2020/01/19-12:12:55.908667 7f303e5fa700     Options.sst_file_manager.rate_bytes_per_sec: 0
2020/01/19-12:12:55.908668 7f303e5fa700                       Options.wal_recovery_mode: 2
2020/01/19-12:12:55.908669 7f303e5fa700                  Options.enable_thread_tracking: 0
2020/01/19-12:12:55.908670 7f303e5fa700                  Options.enable_pipelined_write: 0
2020/01/19-12:12:55.908681 7f303e5fa700         Options.allow_concurrent_memtable_write: 1
2020/01/19-12:12:55.908683 7f303e5fa700      Options.enable_write_thread_adaptive_yield: 1
2020/01/19-12:12:55.908684 7f303e5fa700             Options.write_thread_max_yield_usec: 100
2020/01/19-12:12:55.908685 7f303e5fa700            Options.write_thread_slow_yield_usec: 3
2020/01/19-12:12:55.908686 7f303e5fa700                               Options.row_cache: None
2020/01/19-12:12:55.908687 7f303e5fa700                              Options.wal_filter: None
2020/01/19-12:12:55.908688 7f303e5fa700             Options.avoid_flush_during_recovery: 0
2020/01/19-12:12:55.908689 7f303e5fa700             Options.allow_ingest_behind: 0
2020/01/19-12:12:55.908690 7f303e5fa700             Options.preserve_deletes: 0
2020/01/19-12:12:55.908691 7f303e5fa700             Options.two_write_queues: 0
2020/01/19-12:12:55.908692 7f303e5fa700             Options.manual_wal_flush: 0
2020/01/19-12:12:55.908692 7f303e5fa700             Options.atomic_flush: 0
2020/01/19-12:12:55.908693 7f303e5fa700             Options.avoid_unnecessary_blocking_io: 0
2020/01/19-12:12:55.908696 7f303e5fa700             Options.max_background_jobs: 24
2020/01/19-12:12:55.908697 7f303e5fa700             Options.max_background_compactions: 24
2020/01/19-12:12:55.908698 7f303e5fa700             Options.avoid_flush_during_shutdown: 0
2020/01/19-12:12:55.908699 7f303e5fa700           Options.writable_file_max_buffer_size: 1048576
2020/01/19-12:12:55.908700 7f303e5fa700             Options.delayed_write_rate : 16777216
2020/01/19-12:12:55.908701 7f303e5fa700             Options.max_total_wal_size: 0
2020/01/19-12:12:55.908702 7f303e5fa700             Options.delete_obsolete_files_period_micros: 21600000000
2020/01/19-12:12:55.908703 7f303e5fa700                   Options.stats_dump_period_sec: 600
2020/01/19-12:12:55.908704 7f303e5fa700                 Options.stats_persist_period_sec: 600
2020/01/19-12:12:55.908705 7f303e5fa700                 Options.stats_history_buffer_size: 1048576
2020/01/19-12:12:55.908706 7f303e5fa700                          Options.max_open_files: -1
2020/01/19-12:12:55.908707 7f303e5fa700                          Options.bytes_per_sync: 1048576
2020/01/19-12:12:55.908708 7f303e5fa700                      Options.wal_bytes_per_sync: 0
2020/01/19-12:12:55.908709 7f303e5fa700       Options.compaction_readahead_size: 0
2020/01/19-12:12:55.908710 7f303e5fa700 Compression algorithms supported:
2020/01/19-12:12:55.908711 7f303e5fa700 	kZSTDNotFinalCompression supported: 1
2020/01/19-12:12:55.908719 7f303e5fa700 	kZSTD supported: 1
2020/01/19-12:12:55.908721 7f303e5fa700 	kXpressCompression supported: 0
2020/01/19-12:12:55.908722 7f303e5fa700 	kLZ4HCCompression supported: 1
2020/01/19-12:12:55.908723 7f303e5fa700 	kLZ4Compression supported: 1
2020/01/19-12:12:55.908724 7f303e5fa700 	kBZip2Compression supported: 1
2020/01/19-12:12:55.908725 7f303e5fa700 	kZlibCompression supported: 1
2020/01/19-12:12:55.908726 7f303e5fa700 	kSnappyCompression supported: 1
2020/01/19-12:12:55.908729 7f303e5fa700 Fast CRC32 supported: Supported on x86
2020/01/19-12:12:55.908817 7f303e5fa700 [/db_impl_open.cc:228] Creating manifest 1 
2020/01/19-12:12:56.011029 7f303e5fa700 [/version_set.cc:3742] Recovering from manifest file: /mnt/sdc/mbwu-rocksdb-data/MANIFEST-000001
2020/01/19-12:12:56.011287 7f303e5fa700 [/column_family.cc:698] --------------- Options for column family [default]:
2020/01/19-12:12:56.011296 7f303e5fa700               Options.comparator: leveldb.BytewiseComparator
2020/01/19-12:12:56.011299 7f303e5fa700           Options.merge_operator: None
2020/01/19-12:12:56.011302 7f303e5fa700        Options.compaction_filter: None
2020/01/19-12:12:56.011304 7f303e5fa700        Options.compaction_filter_factory: None
2020/01/19-12:12:56.011306 7f303e5fa700         Options.memtable_factory: SkipListFactory
2020/01/19-12:12:56.011308 7f303e5fa700            Options.table_factory: BlockBasedTable
2020/01/19-12:12:56.011387 7f303e5fa700            table_factory options:   flush_block_policy_factory: FlushBlockBySizePolicyFactory (0x7f2fe4088ac0)
  cache_index_and_filter_blocks: 0
  cache_index_and_filter_blocks_with_high_priority: 0
  pin_l0_filter_and_index_blocks_in_cache: 0
  pin_top_level_index_and_filter: 1
  index_type: 0
  data_block_index_type: 0
  data_block_hash_table_util_ratio: 0.750000
  hash_index_allow_collision: 1
  checksum: 1
  no_block_cache: 0
  block_cache: 0x7f2fe4088500
  block_cache_name: LRUCache
  block_cache_options:
    capacity : 8388608
    num_shard_bits : 4
    strict_capacity_limit : 0
    memory_allocator : None
    high_pri_pool_ratio: 0.000
  block_cache_compressed: (nil)
  persistent_cache: (nil)
  block_size: 8192
  block_size_deviation: 10
  block_restart_interval: 16
  index_block_restart_interval: 1
  metadata_block_size: 4096
  partition_filters: 0
  use_delta_encoding: 1
  filter_policy: nullptr
  whole_key_filtering: 1
  verify_compression: 0
  read_amp_bytes_per_bit: 0
  format_version: 2
  enable_index_compression: 1
  block_align: 0
2020/01/19-12:12:56.011392 7f303e5fa700        Options.write_buffer_size: 134217728
2020/01/19-12:12:56.011395 7f303e5fa700  Options.max_write_buffer_number: 8
2020/01/19-12:12:56.011398 7f303e5fa700        Options.compression[0]: NoCompression
2020/01/19-12:12:56.011400 7f303e5fa700        Options.compression[1]: NoCompression
2020/01/19-12:12:56.011403 7f303e5fa700        Options.compression[2]: Snappy
2020/01/19-12:12:56.011405 7f303e5fa700        Options.compression[3]: Snappy
2020/01/19-12:12:56.011407 7f303e5fa700        Options.compression[4]: Snappy
2020/01/19-12:12:56.011410 7f303e5fa700        Options.compression[5]: Snappy
2020/01/19-12:12:56.011412 7f303e5fa700        Options.compression[6]: Snappy
2020/01/19-12:12:56.011414 7f303e5fa700                  Options.bottommost_compression: Disabled
2020/01/19-12:12:56.011416 7f303e5fa700       Options.prefix_extractor: nullptr
2020/01/19-12:12:56.011418 7f303e5fa700   Options.memtable_insert_with_hint_prefix_extractor: nullptr
2020/01/19-12:12:56.011421 7f303e5fa700             Options.num_levels: 6
2020/01/19-12:12:56.011423 7f303e5fa700        Options.min_write_buffer_number_to_merge: 2
2020/01/19-12:12:56.011425 7f303e5fa700     Options.max_write_buffer_number_to_maintain: 0
2020/01/19-12:12:56.011427 7f303e5fa700            Options.bottommost_compression_opts.window_bits: -14
2020/01/19-12:12:56.011429 7f303e5fa700                  Options.bottommost_compression_opts.level: 32767
2020/01/19-12:12:56.011432 7f303e5fa700               Options.bottommost_compression_opts.strategy: 0
2020/01/19-12:12:56.011434 7f303e5fa700         Options.bottommost_compression_opts.max_dict_bytes: 0
2020/01/19-12:12:56.011436 7f303e5fa700         Options.bottommost_compression_opts.zstd_max_train_bytes: 0
2020/01/19-12:12:56.011438 7f303e5fa700                  Options.bottommost_compression_opts.enabled: false
2020/01/19-12:12:56.011441 7f303e5fa700            Options.compression_opts.window_bits: -14
2020/01/19-12:12:56.011443 7f303e5fa700                  Options.compression_opts.level: 32767
2020/01/19-12:12:56.011445 7f303e5fa700               Options.compression_opts.strategy: 0
2020/01/19-12:12:56.011447 7f303e5fa700         Options.compression_opts.max_dict_bytes: 0
2020/01/19-12:12:56.011449 7f303e5fa700         Options.compression_opts.zstd_max_train_bytes: 0
2020/01/19-12:12:56.011452 7f303e5fa700                  Options.compression_opts.enabled: false
2020/01/19-12:12:56.011454 7f303e5fa700      Options.level0_file_num_compaction_trigger: 4
2020/01/19-12:12:56.011456 7f303e5fa700          Options.level0_slowdown_writes_trigger: 20
2020/01/19-12:12:56.011458 7f303e5fa700              Options.level0_stop_writes_trigger: 36
2020/01/19-12:12:56.011460 7f303e5fa700                   Options.target_file_size_base: 67108864
2020/01/19-12:12:56.011462 7f303e5fa700             Options.target_file_size_multiplier: 1
2020/01/19-12:12:56.011464 7f303e5fa700                Options.max_bytes_for_level_base: 536870912
2020/01/19-12:12:56.011483 7f303e5fa700 Options.level_compaction_dynamic_level_bytes: 1
2020/01/19-12:12:56.011487 7f303e5fa700          Options.max_bytes_for_level_multiplier: 8.000000
2020/01/19-12:12:56.011491 7f303e5fa700 Options.max_bytes_for_level_multiplier_addtl[0]: 1
2020/01/19-12:12:56.011493 7f303e5fa700 Options.max_bytes_for_level_multiplier_addtl[1]: 1
2020/01/19-12:12:56.011496 7f303e5fa700 Options.max_bytes_for_level_multiplier_addtl[2]: 1
2020/01/19-12:12:56.011498 7f303e5fa700 Options.max_bytes_for_level_multiplier_addtl[3]: 1
2020/01/19-12:12:56.011500 7f303e5fa700 Options.max_bytes_for_level_multiplier_addtl[4]: 1
2020/01/19-12:12:56.011502 7f303e5fa700 Options.max_bytes_for_level_multiplier_addtl[5]: 1
2020/01/19-12:12:56.011504 7f303e5fa700 Options.max_bytes_for_level_multiplier_addtl[6]: 1
2020/01/19-12:12:56.011506 7f303e5fa700       Options.max_sequential_skip_in_iterations: 8
2020/01/19-12:12:56.011508 7f303e5fa700                    Options.max_compaction_bytes: 1677721600
2020/01/19-12:12:56.011510 7f303e5fa700                        Options.arena_block_size: 16777216
2020/01/19-12:12:56.011513 7f303e5fa700   Options.soft_pending_compaction_bytes_limit: 68719476736
2020/01/19-12:12:56.011515 7f303e5fa700   Options.hard_pending_compaction_bytes_limit: 274877906944
2020/01/19-12:12:56.011517 7f303e5fa700       Options.rate_limit_delay_max_milliseconds: 100
2020/01/19-12:12:56.011519 7f303e5fa700                Options.disable_auto_compactions: 0
2020/01/19-12:12:56.011522 7f303e5fa700                      Options.allow_trivial_move: 0
2020/01/19-12:12:56.011524 7f303e5fa700                      Options.vlog_direct_IO: 0
2020/01/19-12:12:56.011526 7f303e5fa700               Options.compaction_score_limit_L0: 1000.000000
2020/01/19-12:12:56.011530 7f303e5fa700                     Options.min_indirect_val_size[0]: 24
2020/01/19-12:12:56.011533 7f303e5fa700       Options.fraction_remapped_during_compaction[0]: 20
2020/01/19-12:12:56.011535 7f303e5fa700 Options.fraction_remapped_during_active_recycling[0]: 15
2020/01/19-12:12:56.011538 7f303e5fa700    Options.fragmentation_active_recycling_trigger[0]: 25
2020/01/19-12:12:56.011540 7f303e5fa700     Options.fragmentation_active_recycling_klaxon[0]: 50
2020/01/19-12:12:56.011542 7f303e5fa700                Options.active_recycling_sst_minct[0]: 5
2020/01/19-12:12:56.011544 7f303e5fa700                Options.active_recycling_sst_maxct[0]: 15
2020/01/19-12:12:56.011546 7f303e5fa700       Options.active_recycling_vlogfile_freed_min[0]: 7
2020/01/19-12:12:56.011549 7f303e5fa700    Options.active_recycling_size_trigger[0]: 1073741824
2020/01/19-12:12:56.011551 7f303e5fa700                         Options.vlogfile_max_size[0]: 16777216
2020/01/19-12:12:56.011553 7f303e5fa700          Options.compaction_picker_age_importance[0]: 100
2020/01/19-12:12:56.011556 7f303e5fa700                    Options.ring_compression_style[0]: Zlib
2020/01/19-12:12:56.011560 7f303e5fa700                        Options.compaction_style: kCompactionStyleLevel
2020/01/19-12:12:56.011564 7f303e5fa700                          Options.compaction_pri: kMinOverlappingRatio
2020/01/19-12:12:56.011566 7f303e5fa700 Options.compaction_options_universal.size_ratio: 1
2020/01/19-12:12:56.011569 7f303e5fa700 Options.compaction_options_universal.min_merge_width: 2
2020/01/19-12:12:56.011571 7f303e5fa700 Options.compaction_options_universal.max_merge_width: 4294967295
2020/01/19-12:12:56.011573 7f303e5fa700 Options.compaction_options_universal.max_size_amplification_percent: 200
2020/01/19-12:12:56.011575 7f303e5fa700 Options.compaction_options_universal.compression_size_percent: -1
2020/01/19-12:12:56.011578 7f303e5fa700 Options.compaction_options_universal.stop_style: kCompactionStopStyleTotalSize
2020/01/19-12:12:56.011581 7f303e5fa700 Options.compaction_options_fifo.max_table_files_size: 1073741824
2020/01/19-12:12:56.011583 7f303e5fa700 Options.compaction_options_fifo.allow_compaction: 0
2020/01/19-12:12:56.011585 7f303e5fa700                   Options.table_properties_collectors: 
2020/01/19-12:12:56.011601 7f303e5fa700                   Options.inplace_update_support: 0
2020/01/19-12:12:56.011604 7f303e5fa700                 Options.inplace_update_num_locks: 10000
2020/01/19-12:12:56.011607 7f303e5fa700               Options.memtable_prefix_bloom_size_ratio: 0.000000
2020/01/19-12:12:56.011610 7f303e5fa700               Options.memtable_whole_key_filtering: 0
2020/01/19-12:12:56.011612 7f303e5fa700   Options.memtable_huge_page_size: 0
2020/01/19-12:12:56.011614 7f303e5fa700                           Options.bloom_locality: 0
2020/01/19-12:12:56.011617 7f303e5fa700                    Options.max_successive_merges: 0
2020/01/19-12:12:56.011619 7f303e5fa700                Options.optimize_filters_for_hits: 0
2020/01/19-12:12:56.011621 7f303e5fa700                Options.paranoid_file_checks: 0
2020/01/19-12:12:56.011623 7f303e5fa700                Options.force_consistency_checks: 0
2020/01/19-12:12:56.011625 7f303e5fa700                Options.report_bg_io_stats: 0
2020/01/19-12:12:56.011627 7f303e5fa700                               Options.ttl: 0
2020/01/19-12:12:56.013411 7f303e5fa700 [/version_set.cc:3959] Recovered from manifest file:/mnt/sdc/mbwu-rocksdb-data/MANIFEST-000001 succeeded,manifest_file_number is 1, next_file_number is 3, last_sequence is 0, log_number is 0,prev_log_number is 0,max_column_family is 0,min_log_number_to_keep is 0
2020/01/19-12:12:56.013422 7f303e5fa700 [/version_set.cc:3968] Column family [default] (ID 0), log number is 0
2020/01/19-12:12:56.013832 7f303e5fa700 [/version_set.cc:3196] Creating manifest 4
2020/01/19-12:12:56.086554 7f303e5fa700 [/column_family.cc:698] --------------- Options for column family [usertable]:
2020/01/19-12:12:56.086566 7f303e5fa700               Options.comparator: leveldb.BytewiseComparator
2020/01/19-12:12:56.086569 7f303e5fa700           Options.merge_operator: None
2020/01/19-12:12:56.086571 7f303e5fa700        Options.compaction_filter: None
2020/01/19-12:12:56.086573 7f303e5fa700        Options.compaction_filter_factory: None
2020/01/19-12:12:56.086576 7f303e5fa700         Options.memtable_factory: SkipListFactory
2020/01/19-12:12:56.086578 7f303e5fa700            Options.table_factory: BlockBasedTable
2020/01/19-12:12:56.086628 7f303e5fa700            table_factory options:   flush_block_policy_factory: FlushBlockBySizePolicyFactory (0x7f2fe4096020)
  cache_index_and_filter_blocks: 0
  cache_index_and_filter_blocks_with_high_priority: 0
  pin_l0_filter_and_index_blocks_in_cache: 0
  pin_top_level_index_and_filter: 1
  index_type: 0
  data_block_index_type: 0
  data_block_hash_table_util_ratio: 0.750000
  hash_index_allow_collision: 1
  checksum: 1
  no_block_cache: 0
  block_cache: 0x7f2fe408f890
  block_cache_name: LRUCache
  block_cache_options:
    capacity : 8388608
    num_shard_bits : 4
    strict_capacity_limit : 0
    memory_allocator : None
    high_pri_pool_ratio: 0.000
  block_cache_compressed: (nil)
  persistent_cache: (nil)
  block_size: 8192
  block_size_deviation: 10
  block_restart_interval: 16
  index_block_restart_interval: 1
  metadata_block_size: 4096
  partition_filters: 0
  use_delta_encoding: 1
  filter_policy: nullptr
  whole_key_filtering: 1
  verify_compression: 0
  read_amp_bytes_per_bit: 0
  format_version: 2
  enable_index_compression: 1
  block_align: 0
2020/01/19-12:12:56.086634 7f303e5fa700        Options.write_buffer_size: 134217728
2020/01/19-12:12:56.086637 7f303e5fa700  Options.max_write_buffer_number: 8
2020/01/19-12:12:56.086640 7f303e5fa700        Options.compression[0]: NoCompression
2020/01/19-12:12:56.086642 7f303e5fa700        Options.compression[1]: NoCompression
2020/01/19-12:12:56.086645 7f303e5fa700        Options.compression[2]: Snappy
2020/01/19-12:12:56.086648 7f303e5fa700        Options.compression[3]: Snappy
2020/01/19-12:12:56.086650 7f303e5fa700        Options.compression[4]: Snappy
2020/01/19-12:12:56.086652 7f303e5fa700        Options.compression[5]: Snappy
2020/01/19-12:12:56.086654 7f303e5fa700        Options.compression[6]: Snappy
2020/01/19-12:12:56.086657 7f303e5fa700                  Options.bottommost_compression: Disabled
2020/01/19-12:12:56.086659 7f303e5fa700       Options.prefix_extractor: nullptr
2020/01/19-12:12:56.086661 7f303e5fa700   Options.memtable_insert_with_hint_prefix_extractor: nullptr
2020/01/19-12:12:56.086663 7f303e5fa700             Options.num_levels: 6
2020/01/19-12:12:56.086666 7f303e5fa700        Options.min_write_buffer_number_to_merge: 2
2020/01/19-12:12:56.086668 7f303e5fa700     Options.max_write_buffer_number_to_maintain: 0
2020/01/19-12:12:56.086670 7f303e5fa700            Options.bottommost_compression_opts.window_bits: -14
2020/01/19-12:12:56.086672 7f303e5fa700                  Options.bottommost_compression_opts.level: 32767
2020/01/19-12:12:56.086675 7f303e5fa700               Options.bottommost_compression_opts.strategy: 0
2020/01/19-12:12:56.086677 7f303e5fa700         Options.bottommost_compression_opts.max_dict_bytes: 0
2020/01/19-12:12:56.086679 7f303e5fa700         Options.bottommost_compression_opts.zstd_max_train_bytes: 0
2020/01/19-12:12:56.086681 7f303e5fa700                  Options.bottommost_compression_opts.enabled: false
2020/01/19-12:12:56.086683 7f303e5fa700            Options.compression_opts.window_bits: -14
2020/01/19-12:12:56.086686 7f303e5fa700                  Options.compression_opts.level: 32767
2020/01/19-12:12:56.086688 7f303e5fa700               Options.compression_opts.strategy: 0
2020/01/19-12:12:56.086690 7f303e5fa700         Options.compression_opts.max_dict_bytes: 0
2020/01/19-12:12:56.086692 7f303e5fa700         Options.compression_opts.zstd_max_train_bytes: 0
2020/01/19-12:12:56.086723 7f303e5fa700                  Options.compression_opts.enabled: false
2020/01/19-12:12:56.086727 7f303e5fa700      Options.level0_file_num_compaction_trigger: 4
2020/01/19-12:12:56.086729 7f303e5fa700          Options.level0_slowdown_writes_trigger: 20
2020/01/19-12:12:56.086731 7f303e5fa700              Options.level0_stop_writes_trigger: 36
2020/01/19-12:12:56.086733 7f303e5fa700                   Options.target_file_size_base: 67108864
2020/01/19-12:12:56.086735 7f303e5fa700             Options.target_file_size_multiplier: 1
2020/01/19-12:12:56.086738 7f303e5fa700                Options.max_bytes_for_level_base: 536870912
2020/01/19-12:12:56.086740 7f303e5fa700 Options.level_compaction_dynamic_level_bytes: 1
2020/01/19-12:12:56.086742 7f303e5fa700          Options.max_bytes_for_level_multiplier: 8.000000
2020/01/19-12:12:56.086746 7f303e5fa700 Options.max_bytes_for_level_multiplier_addtl[0]: 1
2020/01/19-12:12:56.086749 7f303e5fa700 Options.max_bytes_for_level_multiplier_addtl[1]: 1
2020/01/19-12:12:56.086751 7f303e5fa700 Options.max_bytes_for_level_multiplier_addtl[2]: 1
2020/01/19-12:12:56.086753 7f303e5fa700 Options.max_bytes_for_level_multiplier_addtl[3]: 1
2020/01/19-12:12:56.086755 7f303e5fa700 Options.max_bytes_for_level_multiplier_addtl[4]: 1
2020/01/19-12:12:56.086757 7f303e5fa700 Options.max_bytes_for_level_multiplier_addtl[5]: 1
2020/01/19-12:12:56.086760 7f303e5fa700 Options.max_bytes_for_level_multiplier_addtl[6]: 1
2020/01/19-12:12:56.086762 7f303e5fa700       Options.max_sequential_skip_in_iterations: 8
2020/01/19-12:12:56.086764 7f303e5fa700                    Options.max_compaction_bytes: 1677721600
2020/01/19-12:12:56.086766 7f303e5fa700                        Options.arena_block_size: 16777216
2020/01/19-12:12:56.086768 7f303e5fa700   Options.soft_pending_compaction_bytes_limit: 68719476736
2020/01/19-12:12:56.086771 7f303e5fa700   Options.hard_pending_compaction_bytes_limit: 274877906944
2020/01/19-12:12:56.086773 7f303e5fa700       Options.rate_limit_delay_max_milliseconds: 100
2020/01/19-12:12:56.086775 7f303e5fa700                Options.disable_auto_compactions: 0
2020/01/19-12:12:56.086777 7f303e5fa700                      Options.allow_trivial_move: 0
2020/01/19-12:12:56.086779 7f303e5fa700                      Options.vlog_direct_IO: 0
2020/01/19-12:12:56.086782 7f303e5fa700               Options.compaction_score_limit_L0: 1000.000000
2020/01/19-12:12:56.086786 7f303e5fa700                     Options.min_indirect_val_size[0]: 24
2020/01/19-12:12:56.086789 7f303e5fa700       Options.fraction_remapped_during_compaction[0]: 20
2020/01/19-12:12:56.086791 7f303e5fa700 Options.fraction_remapped_during_active_recycling[0]: 15
2020/01/19-12:12:56.086793 7f303e5fa700    Options.fragmentation_active_recycling_trigger[0]: 25
2020/01/19-12:12:56.086796 7f303e5fa700     Options.fragmentation_active_recycling_klaxon[0]: 50
2020/01/19-12:12:56.086798 7f303e5fa700                Options.active_recycling_sst_minct[0]: 5
2020/01/19-12:12:56.086800 7f303e5fa700                Options.active_recycling_sst_maxct[0]: 15
2020/01/19-12:12:56.086802 7f303e5fa700       Options.active_recycling_vlogfile_freed_min[0]: 7
2020/01/19-12:12:56.086805 7f303e5fa700    Options.active_recycling_size_trigger[0]: 1073741824
2020/01/19-12:12:56.086807 7f303e5fa700                         Options.vlogfile_max_size[0]: 16777216
2020/01/19-12:12:56.086809 7f303e5fa700          Options.compaction_picker_age_importance[0]: 100
2020/01/19-12:12:56.086812 7f303e5fa700                    Options.ring_compression_style[0]: Zlib
2020/01/19-12:12:56.086817 7f303e5fa700                        Options.compaction_style: kCompactionStyleLevel
2020/01/19-12:12:56.086820 7f303e5fa700                          Options.compaction_pri: kMinOverlappingRatio
2020/01/19-12:12:56.086823 7f303e5fa700 Options.compaction_options_universal.size_ratio: 1
2020/01/19-12:12:56.086825 7f303e5fa700 Options.compaction_options_universal.min_merge_width: 2
2020/01/19-12:12:56.086827 7f303e5fa700 Options.compaction_options_universal.max_merge_width: 4294967295
2020/01/19-12:12:56.086843 7f303e5fa700 Options.compaction_options_universal.max_size_amplification_percent: 200
2020/01/19-12:12:56.086846 7f303e5fa700 Options.compaction_options_universal.compression_size_percent: -1
2020/01/19-12:12:56.086849 7f303e5fa700 Options.compaction_options_universal.stop_style: kCompactionStopStyleTotalSize
2020/01/19-12:12:56.086852 7f303e5fa700 Options.compaction_options_fifo.max_table_files_size: 1073741824
2020/01/19-12:12:56.086854 7f303e5fa700 Options.compaction_options_fifo.allow_compaction: 0
2020/01/19-12:12:56.086856 7f303e5fa700                   Options.table_properties_collectors: 
2020/01/19-12:12:56.086858 7f303e5fa700                   Options.inplace_update_support: 0
2020/01/19-12:12:56.086860 7f303e5fa700                 Options.inplace_update_num_locks: 10000
2020/01/19-12:12:56.086863 7f303e5fa700               Options.memtable_prefix_bloom_size_ratio: 0.000000
2020/01/19-12:12:56.086866 7f303e5fa700               Options.memtable_whole_key_filtering: 0
2020/01/19-12:12:56.086868 7f303e5fa700   Options.memtable_huge_page_size: 0
2020/01/19-12:12:56.086870 7f303e5fa700                           Options.bloom_locality: 0
2020/01/19-12:12:56.086872 7f303e5fa700                    Options.max_successive_merges: 0
2020/01/19-12:12:56.086875 7f303e5fa700                Options.optimize_filters_for_hits: 0
2020/01/19-12:12:56.086877 7f303e5fa700                Options.paranoid_file_checks: 0
2020/01/19-12:12:56.086879 7f303e5fa700                Options.force_consistency_checks: 0
2020/01/19-12:12:56.086881 7f303e5fa700                Options.report_bg_io_stats: 0
2020/01/19-12:12:56.086883 7f303e5fa700                               Options.ttl: 0
2020/01/19-12:12:56.087003 7f303e5fa700 [/db_impl.cc:1821] Created column family [usertable] (ID 1)
2020/01/19-12:12:56.172933 7f303e5fa700 DB pointer 0x7f2fe4096110
2020/01/19-12:12:56.173749 7f2efa7f4700 [/db_impl.cc:777] ------- DUMPING STATS -------
2020/01/19-12:12:56.173892 7f2efa7f4700 [/db_impl.cc:778] 
** DB Stats **
Uptime(secs): 0.2 total, 0.2 interval
Cumulative writes: 0 writes, 0 keys, 0 commit groups, 0.0 writes per commit group, ingest: 0.00 GB, 0.00 MB/s
Cumulative WAL: 0 writes, 0 syncs, 0.00 writes per sync, written: 0.00 GB, 0.00 MB/s
Cumulative stall: 00:00:0.000 H:M:S, 0.0 percent
Interval writes: 0 writes, 0 keys, 0 commit groups, 0.0 writes per commit group, ingest: 0.00 MB, 0.00 MB/s
Interval WAL: 0 writes, 0 syncs, 0.00 writes per sync, written: 0.00 MB, 0.00 MB/s
Interval stall: 00:00:0.000 H:M:S, 0.0 percent

** Compaction Stats [default] **
Level    Files   Size     Score Read(GB)  Rn(GB) Rnp1(GB) Write(GB) Wnew(GB) Moved(GB) W-Amp Rd(MB/s) Wr(MB/s) Comp(sec) CompMergeCPU(sec) Comp(cnt) Avg(sec) KeyIn KeyDropWVCmp(GB) WVRaw(GB) WVRemap(GB) WVFiles
-------------------------------------------------------------------------------------------------------------------------------------------------------------------------------------------------------------------
 Sum      0/0    0.00 KB   0.0      0.0     0.0      0.0       0.0      0.0       0.0   0.0      0.0      0.0      0.00              0.00         0    0.000       0      0      0.0      0.0        0.0       0
 Int      0/0    0.00 KB   0.0      0.0     0.0      0.0       0.0      0.0       0.0   0.0      0.0      0.0      0.00              0.00         0    0.000       0      0      0.0      0.0        0.0       0

** Compaction Stats [default] **
Priority    Files   Size     Score Read(GB)  Rn(GB) Rnp1(GB) Write(GB) Wnew(GB) Moved(GB) W-Amp Rd(MB/s) Wr(MB/s) Comp(sec) CompMergeCPU(sec) Comp(cnt) Avg(sec) KeyIn KeyDropWVCmp(GB) WVRaw(GB) WVRemap(GB) WVFiles
----------------------------------------------------------------------------------------------------------------------------------------------------------------------------------------------------------------------
Uptime(secs): 0.2 total, 0.2 interval
Flush(GB): cumulative 0.000, interval 0.000
AddFile(GB): cumulative 0.000, interval 0.000
AddFile(Total Files): cumulative 0, interval 0
AddFile(L0 Files): cumulative 0, interval 0
AddFile(Keys): cumulative 0, interval 0
Cumulative compaction: 0.00 GB write, 0.00 MB/s write, 0.00 GB read, 0.00 MB/s read, 0.0 seconds
Interval compaction: 0.00 GB write, 0.00 MB/s write, 0.00 GB read, 0.00 MB/s read, 0.0 seconds
Stalls(count): 0 level0_slowdown, 0 level0_slowdown_with_compaction, 0 level0_numfiles, 0 level0_numfiles_with_compaction, 0 stop for pending_compaction_bytes, 0 slowdown for pending_compaction_bytes, 0 memtable_compaction, 0 memtable_slowdown, interval 0 total count

** Compaction Ring Stats [default] **
Ring  Files   Size  Frag(%)
----------------------------
 Sum        0  0.00 KB  -nan 
VLog Read Latency over 0 reads with average length 0:   0.000 usec
VLog Decompress Latency over 0 reads with average length 0:   0.000 usec

** File Read Latency Histogram By Level [default] **

** Compaction Stats [usertable] **
Level    Files   Size     Score Read(GB)  Rn(GB) Rnp1(GB) Write(GB) Wnew(GB) Moved(GB) W-Amp Rd(MB/s) Wr(MB/s) Comp(sec) CompMergeCPU(sec) Comp(cnt) Avg(sec) KeyIn KeyDropWVCmp(GB) WVRaw(GB) WVRemap(GB) WVFiles
-------------------------------------------------------------------------------------------------------------------------------------------------------------------------------------------------------------------
 Sum      0/0    0.00 KB   0.0      0.0     0.0      0.0       0.0      0.0       0.0   0.0      0.0      0.0      0.00              0.00         0    0.000       0      0      0.0      0.0        0.0       0
 Int      0/0    0.00 KB   0.0      0.0     0.0      0.0       0.0      0.0       0.0   0.0      0.0      0.0      0.00              0.00         0    0.000       0      0      0.0      0.0        0.0       0

** Compaction Stats [usertable] **
Priority    Files   Size     Score Read(GB)  Rn(GB) Rnp1(GB) Write(GB) Wnew(GB) Moved(GB) W-Amp Rd(MB/s) Wr(MB/s) Comp(sec) CompMergeCPU(sec) Comp(cnt) Avg(sec) KeyIn KeyDropWVCmp(GB) WVRaw(GB) WVRemap(GB) WVFiles
----------------------------------------------------------------------------------------------------------------------------------------------------------------------------------------------------------------------
Uptime(secs): 0.1 total, 0.1 interval
Flush(GB): cumulative 0.000, interval 0.000
AddFile(GB): cumulative 0.000, interval 0.000
AddFile(Total Files): cumulative 0, interval 0
AddFile(L0 Files): cumulative 0, interval 0
AddFile(Keys): cumulative 0, interval 0
Cumulative compaction: 0.00 GB write, 0.00 MB/s write, 0.00 GB read, 0.00 MB/s read, 0.0 seconds
Interval compaction: 0.00 GB write, 0.00 MB/s write, 0.00 GB read, 0.00 MB/s read, 0.0 seconds
Stalls(count): 0 level0_slowdown, 0 level0_slowdown_with_compaction, 0 level0_numfiles, 0 level0_numfiles_with_compaction, 0 stop for pending_compaction_bytes, 0 slowdown for pending_compaction_bytes, 0 memtable_compaction, 0 memtable_slowdown, interval 0 total count

** Compaction Ring Stats [usertable] **
Ring  Files   Size  Frag(%)
----------------------------
 Sum        0  0.00 KB  -nan 
VLog Read Latency over 0 reads with average length 0:   0.000 usec
VLog Decompress Latency over 0 reads with average length 0:   0.000 usec

** File Read Latency Histogram By Level [usertable] **

** Compaction Stats [default] **
Level    Files   Size     Score Read(GB)  Rn(GB) Rnp1(GB) Write(GB) Wnew(GB) Moved(GB) W-Amp Rd(MB/s) Wr(MB/s) Comp(sec) CompMergeCPU(sec) Comp(cnt) Avg(sec) KeyIn KeyDropWVCmp(GB) WVRaw(GB) WVRemap(GB) WVFiles
-------------------------------------------------------------------------------------------------------------------------------------------------------------------------------------------------------------------
 Sum      0/0    0.00 KB   0.0      0.0     0.0      0.0       0.0      0.0       0.0   0.0      0.0      0.0      0.00              0.00         0    0.000       0      0      0.0      0.0        0.0       0
 Int      0/0    0.00 KB   0.0      0.0     0.0      0.0       0.0      0.0       0.0   0.0      0.0      0.0      0.00              0.00         0    0.000       0      0      0.0      0.0        0.0       0

** Compaction Stats [default] **
Priority    Files   Size     Score Read(GB)  Rn(GB) Rnp1(GB) Write(GB) Wnew(GB) Moved(GB) W-Amp Rd(MB/s) Wr(MB/s) Comp(sec) CompMergeCPU(sec) Comp(cnt) Avg(sec) KeyIn KeyDropWVCmp(GB) WVRaw(GB) WVRemap(GB) WVFiles
----------------------------------------------------------------------------------------------------------------------------------------------------------------------------------------------------------------------
Uptime(secs): 0.2 total, 0.0 interval
Flush(GB): cumulative 0.000, interval 0.000
AddFile(GB): cumulative 0.000, interval 0.000
AddFile(Total Files): cumulative 0, interval 0
AddFile(L0 Files): cumulative 0, interval 0
AddFile(Keys): cumulative 0, interval 0
Cumulative compaction: 0.00 GB write, 0.00 MB/s write, 0.00 GB read, 0.00 MB/s read, 0.0 seconds
Interval compaction: 0.00 GB write, 0.00 MB/s write, 0.00 GB read, 0.00 MB/s read, 0.0 seconds
Stalls(count): 0 level0_slowdown, 0 level0_slowdown_with_compaction, 0 level0_numfiles, 0 level0_numfiles_with_compaction, 0 stop for pending_compaction_bytes, 0 slowdown for pending_compaction_bytes, 0 memtable_compaction, 0 memtable_slowdown, interval 0 total count

** Compaction Ring Stats [default] **
Ring  Files   Size  Frag(%)
----------------------------
 Sum        0  0.00 KB  -nan 
VLog Read Latency over 0 reads with average length 0:   0.000 usec
VLog Decompress Latency over 0 reads with average length 0:   0.000 usec

** File Read Latency Histogram By Level [default] **

** Compaction Stats [usertable] **
Level    Files   Size     Score Read(GB)  Rn(GB) Rnp1(GB) Write(GB) Wnew(GB) Moved(GB) W-Amp Rd(MB/s) Wr(MB/s) Comp(sec) CompMergeCPU(sec) Comp(cnt) Avg(sec) KeyIn KeyDropWVCmp(GB) WVRaw(GB) WVRemap(GB) WVFiles
-------------------------------------------------------------------------------------------------------------------------------------------------------------------------------------------------------------------
 Sum      0/0    0.00 KB   0.0      0.0     0.0      0.0       0.0      0.0       0.0   0.0      0.0      0.0      0.00              0.00         0    0.000       0      0      0.0      0.0        0.0       0
 Int      0/0    0.00 KB   0.0      0.0     0.0      0.0       0.0      0.0       0.0   0.0      0.0      0.0      0.00              0.00         0    0.000       0      0      0.0      0.0        0.0       0

** Compaction Stats [usertable] **
Priority    Files   Size     Score Read(GB)  Rn(GB) Rnp1(GB) Write(GB) Wnew(GB) Moved(GB) W-Amp Rd(MB/s) Wr(MB/s) Comp(sec) CompMergeCPU(sec) Comp(cnt) Avg(sec) KeyIn KeyDropWVCmp(GB) WVRaw(GB) WVRemap(GB) WVFiles
----------------------------------------------------------------------------------------------------------------------------------------------------------------------------------------------------------------------
Uptime(secs): 0.1 total, 0.0 interval
Flush(GB): cumulative 0.000, interval 0.000
AddFile(GB): cumulative 0.000, interval 0.000
AddFile(Total Files): cumulative 0, interval 0
AddFile(L0 Files): cumulative 0, interval 0
AddFile(Keys): cumulative 0, interval 0
Cumulative compaction: 0.00 GB write, 0.00 MB/s write, 0.00 GB read, 0.00 MB/s read, 0.0 seconds
Interval compaction: 0.00 GB write, 0.00 MB/s write, 0.00 GB read, 0.00 MB/s read, 0.0 seconds
Stalls(count): 0 level0_slowdown, 0 level0_slowdown_with_compaction, 0 level0_numfiles, 0 level0_numfiles_with_compaction, 0 stop for pending_compaction_bytes, 0 slowdown for pending_compaction_bytes, 0 memtable_compaction, 0 memtable_slowdown, interval 0 total count

** Compaction Ring Stats [usertable] **
Ring  Files   Size  Frag(%)
----------------------------
 Sum        0  0.00 KB  -nan 
VLog Read Latency over 0 reads with average length 0:   0.000 usec
VLog Decompress Latency over 0 reads with average length 0:   0.000 usec

** File Read Latency Histogram By Level [usertable] **
2020/01/19-12:13:04.965317 7f2fd47f8700 [/db_impl_write.cc:1470] [usertable] New memtable created with log file: #9. Immutable memtables: 0.
2020/01/19-12:13:13.753063 7f303e5fa700 [/db_impl_write.cc:1470] [usertable] New memtable created with log file: #10. Immutable memtables: 1.
2020/01/19-12:13:13.753867 7f2f577fe700 [/db_impl_compaction_flush.cc:108] [JOB 27] Syncing log #3
2020/01/19-12:13:13.994102 7f2f577fe700 [/db_impl_compaction_flush.cc:108] [JOB 27] Syncing log #9
2020/01/19-12:13:14.499789 7f2f577fe700 (Original Log Time 2020/01/19-12:13:13.753733) [/db_impl_compaction_flush.cc:2087] Calling FlushMemTableToOutputFile with column family [usertable], flush slots available 24, compaction slots available 1, flush slots scheduled 24, compaction slots scheduled 0
2020/01/19-12:13:14.499816 7f2f577fe700 [/flush_job.cc:325] [usertable] [JOB 27] Flushing memtable with next log file: 9
2020/01/19-12:13:14.499842 7f2f577fe700 [/flush_job.cc:325] [usertable] [JOB 27] Flushing memtable with next log file: 10
2020/01/19-12:13:14.500009 7f2f577fe700 EVENT_LOG_v1 {"time_micros": 1579464794499954, "job": 27, "event": "flush_started", "num_memtables": 2, "num_entries": 61513, "num_deletes": 0, "total_data_size": 253618099, "memory_usage": 260119048, "flush_reason": "Write Buffer Full"}
2020/01/19-12:13:14.500033 7f2f577fe700 [/flush_job.cc:354] [usertable] [JOB 27] Level-0 flush table #11: started
